0.000000
0.015046
0.103938
0.015310
0.153922
0.000178
0.203347
0.007768
0.132195
0.011201
0.295112
0.000401
0.071639
0.000991
0.107348
0.000761
0.074947
0.017699
0.195866
0.008641
0.146253
0.002538
0.129831
0.017802
0.250847
0.005347
0.188551
0.000131
0.131976
0.001072
0.067571
0.000742
0.211536
0.001361
0.074365
0.004624
0.158606
0.002227
0.193421
0.006469
0.068864
0.000000
0.044428
0.008250
0.050396
0.000667
0.169987
0.000117
0.098494
0.000017
0.058470
0.007736
0.039805
0.000734
0.073289
0.010079
0.077967
0.000390
0.042427
0.004492
0.037422
