0.100477
0.159219
0.146748
0.074285
0.056728
0.001861
0.009190
0.054871
0.151919
0.002886
0.006746
0.003119
0.006291
0.003308
0.146456
0.059603
0.050091
0.022063
0.097828
0.048117
0.073282
0.040094
0.082273
0.036496
0.081629
0.048433
0.078240
0.021397
0.006461
0.004245
0.008181
0.003331
0.100457
0.000949
0.010127
0.000937
0.009883
0.000905
0.010209
0.000877
0.011277
0.000760
0.010576
0.000623
0.012056
0.000494
0.012695
0.000360
0.015330
0.000470
0.023942
0.001193
0.011529
0.078659
0.028345
0.002149
0.010102
0.023931
0.229784
0.000252
0.068465
0.028237
0.030272
0.041561
0.006457
0.004369
0.005609
0.004482
0.005343
0.004272
0.005523
0.003894
0.006073
0.003442
0.006875
0.003016
0.007553
0.002745
0.003866
0.000000
0.003717
0.002720
0.006915
0.002996
0.005842
0.003860
0.001080
