0.000000
0.011480
0.192124
0.000031
0.002118
0.000000
0.000000
0.000000
0.000043
0.000000
0.000000
0.000001
0.000044
0.000001
0.000045
0.000001
0.000046
0.000001
0.000001
0.000002
0.000047
0.000002
0.000049
0.000002
0.000002
0.000003
0.000050
0.000003
0.000052
0.000004
0.000004
0.000005
0.000054
0.000006
0.000056
0.000007
0.000058
0.000008
0.000060
0.000009
0.000063
0.000011
0.000065
0.000013
0.000068
0.000015
0.000072
0.000018
0.000075
0.000021
0.000079
0.000024
0.000946
0.000027
0.195890
0.015561
0.106811
0.013134
0.162499
0.013685
0.000000
