0.000000
0.019659
0.039061
0.062646
0.241859
0.001049
0.050740
0.001179
0.210606
0.001107
0.044547
0.002520
0.281270
0.034462
0.018009
0.000862
0.009628
0.014163
0.024761
0.001350
0.173718
0.004907
0.184759
0.009295
0.030397
0.000141
0.016525
0.000235
0.354048
0.001672
0.026376
0.002676
0.000000
0.000000
0.001931
0.001633
0.026808
0.022571
0.026783
0.000252
0.004779
0.013675
0.284158
0.027569
0.037500
0.010796
0.005428
0.029420
0.035835
0.014933
0.040916
0.006042
0.048993
0.002030
0.029305
0.000000
0.043312
