0.081452
0.003018
0.005613
0.002593
0.006504
0.002304
0.121254
0.011363
0.019830
0.002583
0.016903
0.002586
0.014978
0.003937
0.009117
0.007302
0.004830
0.008551
0.004109
0.006851
0.004290
0.005445
0.004778
0.004454
0.005515
0.003705
0.006512
0.003114
0.276549
0.003298
0.002673
0.002802
0.003168
0.002329
0.003845
0.001928
0.004773
0.001601
0.006122
0.001337
0.008344
0.000877
0.006812
0.000526
0.007203
0.000463
0.011835
0.000416
0.013124
0.000417
0.010810
0.000593
0.009315
0.001028
0.008490
0.001599
0.005782
0.002035
0.004369
0.002563
0.003517
0.003156
0.337942
0.001694
0.004579
0.001790
0.004303
0.001904
0.397895
0.013571
0.251187
0.003675
0.005204
0.003352
0.005811
0.003108
0.006296
0.002921
0.006651
0.002762
0.006949
0.002606
0.007289
0.002430
0.007624
0.002259
0.008152
0.002178
0.004311
0.000000
0.004850
0.002167
0.085506
0.006082
0.003628
