0.000000
0.005141
0.098573
0.025174
0.388847
0.002777
0.023833
0.026378
0.265855
0.006811
0.413811
0.018836
0.072585
0.000944
0.158379
0.000855
0.033785
0.005873
0.038425
0.001222
0.148875
0.000083
0.009128
0.001021
0.004039
0.000528
0.005680
0.000270
0.002454
0.000178
0.000754
0.000061
0.040403
0.000254
0.187321
0.000841
0.142675
0.001109
0.043893
0.000011
0.000860
0.000308
0.210434
0.000703
0.040270
0.001769
0.080856
0.001015
0.069501
0.001416
0.240528
0.002231
0.058422
0.003798
0.024487
0.000297
0.044993
0.000000
0.000000
0.006103
0.072508
0.004874
0.029205
0.000555
0.003745
0.002028
0.003193
0.000975
0.040348
0.000602
0.058545
0.002953
0.085598
