0.000000
0.121445
0.065235
0.000042
0.001295
0.000044
0.081007
0.004615
0.092719
0.001009
0.105879
0.000378
0.016719
0.000078
0.001391
0.000082
0.213587
0.001708
0.179443
0.057166
0.137557
0.038463
0.144668
0.000066
0.019273
0.015723
0.059124
0.011413
0.202005
0.014899
0.075490
0.016000
0.130146
0.000000
0.017451
0.015455
0.105999
0.000089
0.014093
0.001115
0.013324
0.000000
0.109587
0.010179
0.171951
0.000847
0.080782
0.000052
0.098340
0.004266
0.101031
0.002297
0.089785
0.003570
0.047205
0.003260
0.039380
0.006052
0.167782
0.028331
0.031664
0.063910
0.000001
0.001254
0.000000
0.000025
0.011738
