2.081960098098919066e-03
4.833567390654083112e-02
9.105713927794707729e-02
3.282407335036179493e-08
1.065047616424115153e-08
2.396996939256630228e-08
7.726057638291450511e-09
1.548038083314071920e-08
4.954153765166420488e-09
8.951573603837499615e-02
8.236155818393754713e-02
4.029016305358541078e-02
6.915009385583748003e-02
4.359254120900869778e-02
8.777685209668689703e-02
5.813776719946279342e-02
1.106860199680641116e-01
9.118327657072911041e-02
1.146388980412957059e-01
5.996303240332626766e-02
1.245169446567595123e-01
9.386637279562992653e-02
1.608048930182518210e-01
1.164002079206662328e-02
4.679310018905587926e-02
7.175560961559636353e-02
1.301337829190785944e-01
8.390140625186989776e-02
1.361454203744624503e-01
9.675463577361340106e-02
1.087967414569430665e-03
3.352732044584554733e-02
1.581434792284615587e-01
8.480053907081906706e-02
