2.084097521353615260e-03
4.833216836022877216e-02
9.109563081818086716e-02
3.709610519569500148e-05
2.248789278139565337e-07
8.941713410528337458e-02
8.239110915890658637e-02
4.027894035408391415e-02
6.910300880121578171e-02
4.358439848582047055e-02
8.776115464058698024e-02
5.809683540783544542e-02
1.107336794029284421e-01
9.114342973324625341e-02
1.146416661526641761e-01
5.991660542598325340e-02
1.246313364407113516e-01
9.388510868191624059e-02
1.609945940904335682e-01
0.000000000000000000e+00
2.842170943040400803e-17
1.139144753318929726e-02
4.707343585920817364e-02
7.161182704298674206e-02
1.301293799179167598e-01
8.390514635970498791e-02
1.348203630622006044e-01
1.906072537360020388e-03
1.287349758842381208e-03
9.570756405252629773e-02
7.717678913455586947e-04
3.296930099716059021e-02
1.579857832559835029e-01
8.469966686993064819e-02
