1.595979906989534449e-03
5.903941800130799167e-02
1.099776856091678190e-01
6.935229846281469601e-02
1.084218767286662666e-01
5.790831357824718917e-02
1.001431164755802045e-01
6.469923680090192142e-02
1.104705729887591054e-01
6.204344327597825781e-02
8.812991090491394119e-02
9.315258024560995470e-03
9.806627487926951325e-02
5.869269168871486114e-02
1.003110221837733018e-01
4.342796241811341246e-02
2.360718402467345059e-02
5.991891274100646231e-02
1.029462822508305370e-01
6.547928294704405405e-02
6.935621665922334957e-03
4.718647378666837588e-02
1.041700758415183697e-01
9.562549915309799531e-02
1.645398516977732706e-01
8.664903332385108514e-02
1.727170571460608928e-01
1.056299206542710978e-01
9.829615603792885015e-02
1.912417040077600203e-02
6.519269510859179717e-02
5.504778349782719210e-02
3.444838494798128231e-02
3.093562658253758840e-02
1.880975106099651295e-01
1.128619111573142125e-01
1.406342491407055750e-01
1.019465082430241060e-02
5.461975948519767754e-02
2.611532637329755033e-02
9.140284437493684244e-02
1.165871515740856128e-04
1.431669418712044062e-01
1.862963453110299053e-02
4.972864730368205533e-01
0.000000000000000000e+00
1.657621576789401752e-01
1.205319661991192601e-02
7.941913604779771152e-02
1.407286848593937260e-02
