2.039739004875210527e-03
4.435948111578306985e-02
8.194035058859923393e-02
4.234413544904539611e-02
7.793832114408504042e-02
4.386877359899262613e-02
8.492744689874408281e-02
8.086862540058308013e-02
8.413421664326330152e-02
7.805761559465747290e-02
9.750127033792005404e-02
7.313179318896062542e-02
1.168012181365485624e-01
7.319094587944746655e-02
1.254509160153169933e-01
8.307373230702005951e-02
1.239583609293324479e-01
5.889600271197340670e-03
3.423719650668167330e-02
1.029485249866958774e-01
1.516410606437391950e-01
7.818208879621706131e-02
1.525667921289726725e-01
6.519550008294901222e-02
2.718311650671796122e-03
2.946340266822847220e-02
1.790379636602214553e-01
4.285129820765624931e-02
6.325653687463987304e-03
4.149640431901074900e-02
1.938690769843438300e-01
1.347591354396318435e-02
4.588534998327339909e-02
6.085227725783456248e-03
1.827587287523121107e-01
2.494973018625975918e-03
3.816369443311515286e-01
3.490859657831746777e-03
2.308318321110136850e-01
1.604531132521253272e-03
1.368398337619696203e-01
0.000000000000000000e+00
2.052597506429544305e-01
