2.557662966592376495e-03
4.721981193908269397e-02
8.440202033230616296e-02
4.104306249077546709e-02
6.999286666554813130e-02
3.961732850679933887e-02
7.919835899715535477e-02
4.414878556896981165e-02
8.526462539915746763e-02
6.848359711132363803e-02
1.052565214325578286e-01
5.441432265208138302e-02
1.125655292718128336e-01
6.640765882473442794e-02
1.019728009800482255e-01
7.428330562663501557e-02
1.099930839707091990e-01
8.557630819835512770e-02
1.722344820356783435e-01
7.978928346027951146e-02
1.293986359463006330e-01
7.132964765286317621e-02
1.389317760265462443e-01
9.481685585253549209e-02
1.639852363989402761e-01
7.070817639293595913e-02
4.055133586472707899e-03
1.284777838608647076e-02
1.598526705891323563e-01
6.794101546236994311e-03
5.990692376100353184e-02
0.000000000000000000e+00
3.993794917400235456e-02
6.332854945273246570e-03
1.959756509314037609e-01
4.588630985410614704e-02
6.667314201250657338e-03
3.946852354913690103e-02
1.813819895132422200e-01
4.423284011188616249e-02
1.691992792931833276e-03
4.812037879272199059e-02
1.891490664087627227e-01
1.007658322633936919e-02
7.367142377871207515e-01
2.420088742720322237e-03
