1.846385478362326396e-03
6.362808280155725360e-02
1.245320824802817333e-01
7.440013021134284088e-02
1.196406135643048874e-01
7.808993363572645785e-02
1.053324731785193896e-01
3.880467240253550332e-02
4.932115452970880359e-02
5.845737862109325750e-02
1.134131772439861546e-01
8.002868496442326618e-02
1.188021288142728088e-01
7.943942039648850539e-02
1.137937061559309154e-01
5.843987826157547028e-02
6.308333314132132108e-02
2.908524405603647375e-02
9.219127821409460466e-02
5.699318764628635847e-02
6.006717174744549692e-02
3.945925300635902411e-02
1.327451621517294622e-01
7.145144853150245390e-02
1.591580491107927042e-01
1.194918056116722194e-01
8.856298602365351991e-02
4.027894799853024010e-02
4.913748498014273297e-02
7.669272421054403044e-02
1.323141755940436537e-01
9.881631479114287575e-02
1.442558221354048320e-01
0.000000000000000000e+00
4.808527404513494169e-02
5.642571481342456563e-02
5.009171111928117232e-02
3.581611922798998149e-02
1.335160054032945298e-01
8.168974158094892413e-02
1.816065246898332930e-01
4.401693852686735381e-02
1.382417781904373734e-02
4.661767165381337785e-02
9.047231157198297458e-02
1.463789199207345994e-02
1.019449621242255882e-01
8.426994642022428428e-02
2.080407441365874910e-01
1.860459372258214950e-02
5.999697660775300118e-02
1.221348369623283074e-02
2.272816963498487386e-01
8.053276499558758780e-03
7.015389520878230478e-02
2.796892515720662137e-02
