0.000000000000000000e+00
8.317168131321302227e-02
8.704785106894255553e-02
4.390276880065972775e-02
1.166207891390514395e-01
7.118736525535680759e-02
1.073515259082237494e-01
7.778431981123748451e-02
1.107785762841187183e-01
1.114888491804094661e-01
1.473603550587563871e-01
6.143944382246521729e-02
0.000000000000000000e+00
8.881784197001252508e-18
8.327849512705357005e-02
1.674906994259953499e-02
8.969779346490450167e-02
5.933119974794297952e-02
9.803061995103926063e-02
2.741199446870237755e-02
5.990345769336853643e-02
5.672725003867387650e-02
5.298989775201067010e-02
