2.348695000626151511e-03
0.000000000000000000e+00
3.330669073875469691e-19
4.555569732685576384e-02
8.263209057963621929e-02
4.271341672980963344e-02
8.127784050359503076e-02
4.607280538828729261e-02
8.728166970532211244e-02
8.366503269462104153e-02
8.130603392460887535e-02
7.934055043396812112e-02
1.049656527582080445e-01
7.448836942910390391e-02
1.232116946039633759e-01
7.603389594426827880e-02
1.298137523499235668e-01
8.504322819446037685e-02
1.410976116592063123e-01
4.685363127891009963e-03
2.612740240644995451e-02
1.011098400547033455e-01
1.545309762056875647e-01
8.124256160315758424e-02
1.495808240136846101e-01
9.208342483880936624e-02
3.462279913209540677e-02
6.232968278236101882e-03
1.133645556201712040e-04
1.547118142796006460e-04
