0.000000
0.010894
0.104555
0.035581
0.104660
0.059665
0.140052
0.002451
0.037514
0.002455
0.053237
0.014436
0.098319
0.000000
0.000000
0.043768
0.125916
0.040999
0.460781
0.031193
0.093122
0.032121
0.125303
0.002390
0.143617
0.000525
0.022401
0.008844
0.172850
0.000117
0.003450
0.001020
0.000846
0.000310
0.002527
0.001726
0.023789
0.016030
0.286340
0.002453
0.020507
0.000162
0.194502
0.002539
0.002270
0.000398
0.000575
0.000043
0.014701
0.005175
0.180863
0.003897
0.162954
0.017179
0.012991
0.000131
0.082322
0.025225
0.104172
0.011528
0.065680
0.000891
0.001281
