0.000000
0.010980
0.104519
0.035519
0.104605
0.059755
0.140132
0.002455
0.037571
0.002554
0.053298
0.014316
0.000000
0.000000
0.098487
0.043546
0.125793
0.041164
0.460518
0.031271
0.093004
0.032242
0.125197
0.002492
0.008354
0.000069
0.135041
0.000656
0.002525
0.000106
0.019637
0.008739
0.172842
0.000246
0.000805
0.000123
0.002631
0.001143
0.000841
0.000433
0.002521
0.001848
0.023780
0.015692
0.286280
0.002480
0.020427
0.000053
0.194426
0.002642
0.002198
0.000510
0.000502
0.000156
0.014629
0.004886
0.180929
0.003818
0.162974
0.017138
0.012897
0.000231
0.082227
0.025299
0.104073
0.011558
0.065765
0.000877
0.001281
