0.000000
0.010919
0.104544
0.035564
0.104644
0.059691
0.140076
0.002452
0.037531
0.002484
0.053255
0.014401
0.098369
0.043703
0.125879
0.041048
0.460703
0.031218
0.093081
0.032157
0.125273
0.002431
0.008446
0.000000
0.135133
0.000567
0.002618
0.000013
0.019729
0.008816
0.172847
0.000156
0.000810
0.000033
0.002637
0.001057
0.000845
0.000346
0.002526
0.001762
0.023788
0.015939
0.286323
0.002454
0.020483
0.000135
0.194479
0.002571
0.002247
0.000432
0.000552
0.000077
0.014679
0.005088
0.180883
0.003873
0.162960
0.017167
0.012962
0.000161
0.082293
0.025247
0.104145
0.011537
0.065705
0.000886
0.001281
