0.151627
0.196999
0.045061
0.082540
0.080368
0.113597
0.053878
0.036262
0.112637
0.017834
0.149570
0.017270
0.352459
0.003534
0.142637
0.025763
0.300565
0.013243
0.063168
0.008584
0.245199
0.009227
0.151728
0.005112
0.146875
0.001221
0.133065
0.004923
0.165543
0.005284
0.270471
0.005290
0.192301
0.003178
0.088000
0.002999
0.187776
0.001122
0.124494
0.001881
0.293246
0.000873
0.303599
0.001195
0.187976
0.000000
0.078323
0.001169
0.199745
0.000807
0.401290
0.001541
0.193865
0.004612
0.063782
0.005341
0.194186
0.004521
0.185368
0.026409
0.033821
0.070597
0.011624
