0.106151
0.021032
0.440576
0.019247
0.235269
0.009989
0.332803
0.011123
0.081197
0.031750
180.111899
0.000323
0.552946
0.000329
0.525849
0.000282
17.550369
0.000383
0.555743
0.000519
0.579272
0.000495
0.568385
0.000516
0.834855
0.000437
0.849719
0.000389
0.600139
0.000411
0.564421
0.000419
0.844316
0.000553
125.548711
0.000403
1.070744
0.000313
8.030012
0.000354
9.456141
0.000369
16.309563
0.000256
2.695148
0.000356
5.446903
0.000231
106.541498
0.000250
46.934129
0.000000
2.933383
0.000274
18.869956
