0.120208
0.018131
0.419762
0.028607
0.269866
0.007928
0.410117
0.017701
0.255829
0.008128
0.388396
0.000000
0.472830
0.001914
0.433764
0.001137
0.347106
0.000232
0.510765
0.000350
0.372705
0.000596
0.404054
0.000615
0.669178
0.000360
0.676983
0.000322
0.666013
0.000299
0.353247
0.000083
0.337745
0.000350
0.400501
0.000246
0.260686
0.000067
0.419498
0.000045
0.253157
0.000220
0.398913
0.000220
0.311747
0.000080
0.376867
0.000183
0.672332
0.000141
0.661416
0.000133
0.360145
0.000052
0.335206
0.000127
0.395070
0.000097
0.939245
0.000077
0.392052
0.000074
0.346707
0.000027
0.355021
0.000039
0.641925
0.000029
0.154596
