0.109748
0.015102
0.445026
0.020002
0.237791
0.013152
0.333741
0.012769
0.064889
0.035810
0.494906
0.002275
0.314384
0.001687
0.382822
0.001649
0.416538
0.004104
0.144000
0.003171
0.698805
0.000681
0.710503
0.000706
0.432722
0.000653
0.446312
0.000716
0.428254
0.000847
0.407766
0.000616
0.374048
0.000335
0.398627
0.000781
0.144372
0.000712
0.713710
0.000388
0.408811
0.000407
0.403904
0.000179
0.809943
0.000061
0.412338
0.000205
0.402692
0.000244
0.396393
0.000134
0.912156
0.000046
0.370292
0.000094
0.390183
0.000103
0.430340
0.000077
0.169469
0.000092
0.403098
0.000069
0.387049
0.000049
0.896776
0.000000
0.409955
0.000050
1.601568
0.000031
2.195254
