0.109724
0.015187
0.445064
0.019940
0.237640
0.013155
0.333689
0.012764
0.065042
0.035815
0.495324
0.002259
0.314063
0.001686
0.382919
0.001642
0.416395
0.004083
0.144079
0.003145
0.698724
0.000675
0.710796
0.000699
0.432725
0.000648
0.446041
0.000711
0.428296
0.000837
0.407881
0.000608
0.374285
0.000330
0.398548
0.000772
0.144295
0.000704
0.713552
0.000385
0.408967
0.000401
0.404528
0.000177
0.808186
0.000063
0.412073
0.000204
0.403580
0.000240
0.398788
0.000129
0.906723
0.000051
0.369453
0.000089
0.391341
0.000103
0.432582
0.000085
0.168831
0.000099
0.402551
0.000063
0.397605
0.000000
1.292215
0.000038
1.610583
0.000028
2.195254
