0.000000
0.016522
0.050873
0.000012
0.002239
0.000011
0.001074
0.000009
0.003168
0.000007
0.004974
0.000000
0.045764
0.012758
0.118018
0.000254
0.168378
0.005890
0.070216
0.000028
0.005002
0.000024
0.014723
0.000016
0.009238
0.000008
0.226374
0.012653
0.150584
0.011204
0.308523
0.000016
0.036596
0.000002
0.048241
0.006095
0.105924
0.013485
0.097117
0.000004
0.012949
0.000036
0.013643
0.000000
0.000853
0.000001
0.000211
0.000001
0.000079
0.000002
0.002352
0.000004
0.002285
0.000011
0.104401
0.000000
0.040384
