0.000000
0.016527
0.000000
0.000000
0.050872
0.000016
0.002238
0.000014
0.001072
0.000013
0.003167
0.000011
0.004973
0.000003
0.002691
0.000003
0.003377
0.000001
0.002335
0.000000
0.037358
0.012759
0.118017
0.000248
0.168377
0.005886
0.070215
0.000031
0.005001
0.000027
0.014722
0.000019
0.009237
0.000011
0.226373
0.012645
0.150582
0.011203
0.308519
0.000015
0.036593
0.000006
0.048238
0.006097
0.105921
0.013483
0.110066
0.000034
0.012064
0.000000
0.000241
0.000000
0.001338
0.000001
0.000853
0.000001
0.000211
0.000001
0.000079
0.000002
0.002352
0.000004
0.002285
0.000012
0.104401
0.000000
0.040384
