0.000000
0.016532
0.050870
0.000018
0.002236
0.000016
0.001071
0.000015
0.003166
0.000013
0.004972
0.000006
0.002690
0.000005
0.003376
0.000004
0.002334
0.000003
0.037357
0.012761
0.118017
0.000243
0.168377
0.005881
0.070214
0.000034
0.005000
0.000030
0.014721
0.000022
0.009236
0.000013
0.226372
0.012637
0.150580
0.011202
0.048393
0.000003
0.005099
0.000002
0.255020
0.000013
0.036589
0.000008
0.048234
0.006098
0.105918
0.013481
0.110066
0.000032
0.010910
0.000000
0.000445
0.000000
0.000710
0.000000
0.000241
0.000000
0.000629
0.000000
0.000708
0.000001
0.000853
0.000001
0.000211
0.000001
0.000079
0.000002
0.002352
0.000004
0.002285
0.000011
0.104401
0.000000
0.040384
