0.000000000000000000e+00
1.067581351636801706e-01
1.218919631701936845e-01
9.344182516777933822e-02
1.304005562450621658e-01
1.969267713371176295e-05
1.315162900768714138e-05
1.033541360934213116e-01
1.209879144005887447e-01
7.413087361933054509e-02
1.832813570796591185e-01
6.767669209989612966e-02
1.254290822959955032e-01
5.600501979059649416e-02
6.221418409480804212e-02
2.662329173334818805e-02
8.681721557816225732e-02
4.387554540064193126e-02
7.899189349906703128e-02
8.100761166724758196e-08
4.151141785943306378e-08
6.206926290999685909e-08
3.179721662002781909e-08
4.325984293700818912e-08
2.215430889926961797e-08
1.842266539173704948e-08
9.430546545490160434e-09
0.000000000000000000e+00
4.235164736271501784e-25
4.628451525952242962e-02
7.253315190464218465e-02
8.012202957157238403e-03
9.328389467056907858e-02
7.212339897501070241e-02
1.052235186431003250e-01
5.259829736376658849e-02
9.500501591719415218e-02
6.240162779568594192e-02
1.010783704409004558e-01
7.078187995540599631e-02
1.033391332054945655e-01
5.071670990734135354e-02
8.537836774507527593e-02
5.582312832516323625e-02
