1.366696399381807717e-03
6.951464082282225732e-02
1.268532738041057428e-01
7.171338725410641990e-02
2.068646384285296458e-01
7.136476835386072748e-02
1.100478144453812535e-01
8.560950095074906785e-02
9.434692556753486448e-02
0.000000000000000000e+00
3.552713678800501003e-18
3.963508605760003578e-02
8.464037161491179406e-02
5.144047885273848875e-02
9.791384128520862207e-02
1.510362626521444815e-04
1.737019554285426171e-03
1.503692929838106518e-03
9.647715505210528730e-02
6.371851146886967077e-02
1.422960923272431621e-01
8.385647842446641853e-02
1.451834072345917492e-01
5.335529392337373666e-02
7.695538425459537424e-02
3.849188493572158754e-02
8.803910375564440172e-02
6.358704762178843395e-02
9.450227616585110679e-02
5.065942765440969303e-02
7.056435421087280113e-02
1.436295881624814232e-02
7.591433281038219294e-02
5.757811766931497655e-02
1.448891726113999967e-01
6.226254590743909162e-02
7.380690134379337686e-02
