2.399774570872268212e-03
7.100670517443476160e-02
1.329786833479075225e-01
8.284342999076514669e-02
1.454484119412329246e-01
8.852871317596075484e-02
1.332679146746744980e-01
9.015248328641199682e-02
1.236900278483275134e-01
7.831035969327590496e-02
1.204169423308162901e-01
5.961271855305128042e-02
7.852523268369825116e-02
4.901117344851958768e-02
1.142156581929229670e-01
7.282004850721383871e-02
1.027449172530448540e-01
3.012986618701800345e-02
4.632757854197637470e-02
4.869383087092369472e-02
5.761716251454896548e-02
3.875337663467858657e-02
9.222839710318089801e-02
2.141613016544301250e-05
1.866064271092457525e-05
4.682346933342209500e-02
5.150452865529115548e-02
8.040328652257176283e-08
5.709883256159585394e-08
7.181300689728823704e-08
5.090611324205911896e-08
4.709084082946043141e-08
3.318711999646005395e-08
4.313146906404599236e-08
3.036147098660351644e-08
6.642998423840677656e-09
4.622114855956030633e-09
3.292086470925584649e-09
2.287444125265277427e-09
4.551358238005433210e-02
1.051932026804194564e-01
6.026838167691203618e-02
9.008359554368444710e-02
4.459779534465724282e-02
9.617806337915434101e-02
7.441974161713793556e-02
8.730841985419349194e-02
