0.000000000000000000e+00
9.361090840726599138e-02
1.094171768325598731e-01
1.165476335866574564e-01
1.169131840848560283e-01
8.078150269648311232e-02
1.149041571989837807e-01
9.937942580063027775e-02
1.558023803179909850e-01
7.809647993740297112e-02
1.235782158939607300e-01
7.437816846157453698e-02
7.649456903203141755e-02
2.468199682677565954e-02
7.788708663557954159e-02
4.500340500438474584e-02
7.681259052427859280e-02
5.213040457459647281e-02
1.076360060102027061e-01
5.973974200835329568e-02
0.000000000000000000e+00
1.065814103640150301e-17
7.237796594185061383e-02
7.967651465589779478e-03
9.565255614958781405e-02
4.771807825580171025e-02
8.236819152771239494e-02
5.046309628369480965e-02
1.235740839408486086e-01
6.807238457702710632e-02
1.157582912550896848e-01
5.214947178300714109e-02
8.126151968644729218e-02
5.165016368436638888e-02
7.979351040967938569e-02
