1.014803085515357268e-03
7.423551528124820720e-02
1.247376235925494598e-01
1.019507656266353951e-01
1.481527902666183449e-01
7.491101368670477489e-02
1.566416801301214745e-01
7.445814582081924926e-02
1.566275945324810681e-01
7.955823895463620676e-02
1.171807663083844903e-01
1.749555533200997754e-04
2.909790909840365689e-04
5.528183019925075881e-02
4.653871801025352001e-02
4.100460777354420633e-02
8.960475597172158635e-02
4.589874098171561889e-02
8.047379137035690078e-02
5.624390435292171697e-02
1.241579178481709567e-01
7.942878398459836398e-02
9.605935960909711691e-02
4.766639649832667830e-02
7.223755129344616721e-02
0.000000000000000000e+00
1.776356839400250502e-17
2.759620778192449844e-02
3.851840824951385106e-02
4.653260029763980204e-02
9.635433994914878453e-02
7.659004146483275322e-02
1.007710378365033743e-01
4.937685060942206133e-02
8.673917607695653953e-02
5.495684635787143751e-02
2.731962530263403675e-15
