0.000000000000000000e+00
9.387903158242955071e-02
1.296001572044707950e-01
8.533339959757937909e-02
1.168552420373990264e-01
1.114337817828005145e-01
1.801383776922282354e-01
9.079115839350883344e-02
1.089022268553279382e-01
3.873695605861627602e-04
3.050504703814565653e-05
9.725584064516584748e-02
1.298644981760886663e-01
7.544548857766845973e-02
1.235476032781144540e-01
5.791153505446888089e-02
4.854027078405120238e-02
2.982483090517313792e-02
8.698820095427438337e-02
4.758765926867373347e-02
8.636877822197958077e-02
6.881441381779061783e-02
1.384548902559959993e-01
2.201408895547713559e-08
1.145042536091321126e-08
1.463449590622326667e-08
7.610562188031236384e-09
7.294330927929883514e-09
3.792385939142051660e-09
3.640822969637942676e-09
1.892575714905861193e-09
6.464467743511544129e-02
8.765513245639260098e-02
4.111642042077397197e-02
7.188132632682081580e-02
1.689175718825668918e-04
2.941238119588510146e-05
5.794988027188539143e-02
1.016279762316760205e-01
5.896515599620712894e-02
9.799890766010929677e-02
5.610341007286830106e-02
8.513564628950644197e-02
6.084727200482580901e-03
7.798429424830755075e-02
4.989610895832366499e-02
9.741865920459291672e-02
7.335603502718696101e-02
8.564489684951383242e-02
