9.781773063488466771e-04
7.408963930077742954e-02
1.397397559002176715e-01
1.020867592933890206e-01
1.211428412107154601e-01
7.682002282924138559e-02
9.810605125936777693e-02
1.572334265779861198e-02
9.318945691049662639e-02
6.032080663802805165e-02
1.480749111148556285e-01
9.252165141666938986e-02
1.037964409420559925e-01
4.717190240707444526e-02
7.739799393024372753e-02
5.469436399190785031e-02
1.148994582519945878e-01
7.161571937993123360e-02
1.287928407116370466e-01
9.756040428796472833e-03
7.867606743394373048e-02
5.742275908615353947e-02
1.871286873855241562e-01
5.873618467363871803e-02
1.055510440558267565e-01
3.885622348077379107e-02
1.561430624593735349e-02
5.183376927967056624e-02
9.665510597818294247e-02
5.292968853064313611e-02
1.242275154299901652e-01
8.037346400086149700e-02
1.078880724512257527e-01
4.758752149355995054e-02
3.238868839668804928e-02
4.695791835425961597e-02
1.060276401358625498e-01
7.149961490893755323e-02
9.873953855350656172e-02
4.895614847446214113e-02
8.555691152188443782e-02
5.212029703057765619e-03
7.392410297178766965e-02
5.440426595938469001e-02
3.792350088374226574e-02
