1.237264814332444647e-03
8.040508000122637000e-02
1.309338656458213235e-01
8.724657553332619553e-02
1.356505614074783317e-01
8.428876806623082640e-02
1.287301438575521040e-01
8.307458194620895298e-02
1.296711458805253903e-01
8.997711265551684712e-02
1.329616219062344784e-01
8.172424769470981731e-02
1.153339172706758925e-01
4.873187970614129699e-02
7.126971954839526890e-02
5.271915387294821842e-02
1.312188904117547739e-01
8.027501574266091011e-02
1.070497145782379339e-01
4.438439994322031235e-02
7.171009157010214963e-02
7.078860416620716411e-02
1.147243862202566161e-01
5.733367482068750520e-02
2.843383194552439111e-02
3.317004564538979239e-02
9.597239640979948749e-02
4.874220061301752505e-02
8.364814308857894398e-02
5.386847254853332351e-02
1.040581562861918052e-01
5.580498238716863346e-02
3.043189615307993479e-01
5.130299214154467741e-02
1.217685258267295068e-01
3.654193063033480543e-02
8.614335179946690235e-02
3.238662431337653580e-02
6.479417546489461832e-02
3.166721440710247581e-02
8.917294436962240611e-02
5.176650584726381205e-02
3.075548454273761834e-02
