2.690554026420891899e-03
6.070582483732120394e-02
1.568798789347808365e-01
8.649656814131172211e-02
1.230930289351489099e-01
9.472713291434074756e-02
1.217989688100495765e-01
5.784536890740477749e-02
2.430938062598450231e-02
5.396155285840207455e-02
1.150159932442933186e-01
9.178423307346991744e-02
1.172246358266313404e-01
3.475776716686494248e-08
1.737918756281289108e-08
8.674274159380482246e-09
4.338798060901559030e-09
0.000000000000000000e+00
4.235164736271501784e-25
4.684995036206294344e-02
7.271505125715337081e-02
5.379729157801051848e-02
1.223434768617048946e-01
7.508690962380290546e-02
2.173039076229579813e-01
5.195644915468328184e-02
1.035521208534233850e-01
6.950481341525750929e-03
1.155761359563795415e-01
3.986516616058916745e-02
1.459710409530014796e-01
3.654503742794570215e-02
7.326140090682452255e-02
4.579803234363471337e-02
9.988202556581805835e-02
8.314913963075393211e-02
9.820969741340823678e-02
5.374769641648455970e-02
1.547028303280246764e-01
6.290554663809572178e-02
1.256535351835258163e-01
7.614879648005425106e-02
1.064354659658142410e-01
4.645889140914425536e-02
2.637148971713709419e-02
4.800189761647565695e-02
9.508583021371586064e-02
6.207431404198875818e-02
1.519124833272632868e-01
1.952070640276852218e-02
9.172810039895610868e-17
