2.447037797443480604e-03
7.258593540262806010e-02
1.349161083840333675e-01
1.009598576807881759e-01
6.164935622704077351e-09
5.272415577322156245e-09
5.854979466221730849e-09
4.872986794848216529e-09
5.345732219207502109e-09
4.308295197484170101e-09
1.216144279366854070e-01
6.709307358456703674e-02
1.080193639121592442e-01
4.689849899018428553e-02
7.651341995215980851e-02
4.993452024900210673e-02
9.685985024193387305e-02
0.000000000000000000e+00
1.065814103640150301e-17
1.074220981397334788e-02
6.799751449791731350e-02
4.970732481348990456e-02
7.844306615006808869e-02
3.488621023067651344e-02
6.071496446904361965e-02
