1.597861605598128835e-03
4.372864951157735131e-02
7.692859855786605972e-02
7.425947812057782534e-09
8.098359279971903156e-08
1.194371279187394348e-08
7.114339543246030183e-08
1.059989654677604196e-08
5.897648626586424069e-08
4.396759545955322007e-02
8.957176320708830353e-02
5.375240929695353914e-02
1.081354187518534062e-08
3.909369697078543683e-09
3.607291228918145530e-09
1.303191255999176103e-09
1.797604639351483024e-09
6.384537633009383724e-10
0.000000000000000000e+00
2.646977960169688615e-26
6.540511528068412850e-02
2.940307573691164095e-03
9.066868482723949851e-02
1.747528053874309109e-02
8.290728063968433315e-02
7.941591278609326510e-02
1.214884640513988340e-01
7.783499862185631890e-02
1.275674845396189971e-01
7.963280772905009797e-02
1.314048435120789005e-01
8.070649938380579369e-02
