0.000000000000000000e+00
6.658424589392238080e-02
8.608985824091730521e-02
1.101136104526906613e-06
1.084275383440950380e-05
2.600853258659627590e-02
7.981535777572004720e-02
5.041536010682778901e-02
8.211553578123073627e-02
5.174579673165936866e-02
1.030304323457801596e-01
6.874741188601812825e-02
1.326061725522061918e-01
6.126160042395932537e-02
1.573695505890566060e-01
5.868664476397884855e-02
0.000000000000000000e+00
7.105427357601002007e-18
7.880546260143621307e-02
1.007783458179343020e-02
9.747465130561062951e-02
1.018133704702002679e-01
1.023984829971856247e-01
9.599955205501678468e-02
