2.604131736587646326e-03
6.955149628526037520e-02
1.371071326446199889e-01
8.791067549325196073e-02
1.193315498132823810e-01
7.968587273320222597e-02
1.079368973338767912e-01
4.001684217120993203e-02
6.374997593572416521e-02
4.572357787735405188e-02
8.883417578248678503e-02
1.858468133494705935e-07
4.760597416907036492e-08
8.894765704339309322e-04
9.986960029936294003e-02
4.989245776958933093e-02
8.013613124792498543e-02
3.717793573711739713e-02
1.032459017703455384e-01
5.920550080604174148e-02
8.103807194952919457e-02
3.013192601953010308e-02
6.032299897350462681e-02
