1.728500681928117925e-03
4.602283358121272983e-02
8.357710024328557363e-02
0.000000000000000000e+00
1.421085471520200401e-17
4.476375202255804264e-02
8.072144921921173277e-02
7.858542506669859151e-02
1.088394617950201038e-01
7.515055368289766391e-02
1.284691279812285591e-01
7.904136972245906501e-02
1.327859675480665136e-01
8.239898334832088111e-02
1.242751207086265769e-01
2.670533465705319902e-03
2.248523525539041987e-02
7.920241629135166272e-02
1.008206263811711615e-04
9.345681032267366754e-07
3.323263896758507641e-02
7.119213791529657893e-03
1.246649063417851616e-01
1.704615794996481096e-02
2.982856190036892174e-02
7.226129176031480250e-02
4.997233883088873091e-03
3.165255297953183805e-02
1.480816914327288403e-01
4.472460389655622697e-04
1.992974110375089411e-02
9.232419669969789411e-02
2.800634590952499545e-02
7.015496715343015263e-03
1.052582307744073037e-16
