0.105557
0.019432
0.441155
0.019845
0.233378
0.009771
0.335134
0.011499
0.078581
0.033313
2206.691042
0.000427
6.233758
0.000289
3.744153
0.000208
3.589318
0.000000
0.305474
0.000390
9.699248
0.000516
28.633361
0.000276
1.875549
0.000214
1.827661
0.000243
0.554760
0.000473
2.628579
0.000198
28.193080
0.000240
9.644396
0.000299
4.833035
0.000282
1.560717
0.000268
0.495925
0.000234
0.768260
0.000241
1.185032
0.000489
9.643229
0.000280
3.163838
0.000259
19.826922
0.000387
57.618164
0.000259
6.282939
0.000175
19.628705
0.000313
121.114584
0.000230
1.954970
0.000460
2.175068
0.000287
3.672833
0.000598
0.585364
0.000563
5.445428
0.000391
50.430406
0.000273
4.280220
0.000353
3.067430
0.000417
3.482151
0.000375
31.601911
0.000408
1.809606
0.000280
5.892281
0.000209
1.105051
0.000395
1.573256
0.000297
0.780233
0.000273
7.441741
0.000254
0.368488
0.000293
4.139291
