0.106241
0.020361
0.440621
0.019324
0.233220
0.009894
0.335035
0.011413
0.079657
0.032917
2206.687459
0.000299
13.881981
0.000253
9.697225
0.000390
28.629003
0.000294
35.083942
0.000000
9.648084
0.000317
4.836635
0.000220
4.003475
0.000425
9.650656
0.000275
22.981461
0.000421
57.625720
0.000203
6.269834
0.000241
19.658304
0.000251
121.094817
0.000395
4.134566
0.000368
3.669764
0.000465
0.586913
0.000508
5.447438
0.000328
50.425551
0.000300
4.267931
0.000302
3.080649
0.000262
3.488202
0.000362
31.596630
0.000377
7.723881
0.000252
1.086415
0.000349
1.561526
0.000285
0.796469
0.000288
7.432646
0.000278
0.364693
0.000347
4.139291
