0.066310
0.138280
0.026293
0.070448
0.049890
0.019768
0.353794
0.017325
0.330193
0.020963
0.054403
0.041177
207.266593
0.001032
258.104068
0.001071
9.239251
0.001051
0.556972
0.001363
156.741963
0.001635
20.266175
0.001256
324.410243
0.001313
138.524191
0.001316
3.770438
0.000000
4.970122
0.000889
7.150149
0.001373
4.583855
0.001277
7.818387
0.000988
5.454925
0.001094
9.434442
0.001345
40.213907
0.001433
17.348099
0.001284
2.851882
0.001161
6.273704
0.001187
2.829772
0.001000
1.173207
0.000797
0.598204
0.000709
0.426875
0.001018
0.957680
0.001123
1.769762
0.001159
1.347024
0.001342
0.381743
0.001081
275.498018
0.001290
2.397407
0.000455
0.364007
0.000704
0.386974
0.001735
0.401063
0.001154
1.607482
0.001431
3.829546
0.000575
0.447408
0.000972
0.374293
0.001484
3.475437
0.001158
1.312333
0.001037
0.680417
0.000892
0.395829
0.001033
0.789062
0.001491
13.749704
