0.074621
0.097805
0.009515
0.145656
0.045861
0.020120
0.322729
0.010897
0.315953
0.027115
0.049992
0.047399
0.482399
0.011536
0.387025
0.003864
0.395297
0.001653
0.362016
0.001173
0.200804
0.000882
0.647532
0.000438
0.344127
0.000264
0.436137
0.000385
0.286717
0.000133
0.474928
0.000180
0.476184
0.000125
0.243681
0.000090
0.492814
0.000100
0.290111
0.000070
0.474925
0.000105
0.514974
0.000086
0.196632
0.000086
0.793511
0.000069
0.476750
0.000063
0.321621
0.000000
0.190962
0.000060
0.192071
0.000050
0.354111
0.000010
32.877246
