0.073989
0.099311
0.009304
0.144973
0.045782
0.020473
0.322849
0.010874
0.315568
0.026809
0.050240
0.046992
0.482056
0.011530
0.386600
0.003886
0.394319
0.001670
0.362177
0.001225
0.200310
0.000842
0.644756
0.000433
0.349556
0.000304
0.433386
0.000401
0.292176
0.000131
0.467433
0.000183
0.465417
0.000079
0.277801
0.000110
0.466362
0.000108
0.300366
0.000087
0.461333
0.000111
0.583606
0.000078
0.157130
0.000177
0.407824
0.000060
0.376502
0.000167
0.411166
0.000202
0.381513
0.000913
0.129480
0.001477
0.127181
0.000739
0.397180
0.000122
1.289304
0.000000
31.587942
