0.075828
0.121910
0.010788
0.123800
0.048860
0.020209
0.320907
0.014501
0.312032
0.022162
0.053098
0.045908
0.478202
0.010544
0.368330
0.005264
0.409285
0.002698
0.344139
0.003712
0.148311
0.002763
0.750407
0.001222
0.232371
0.000493
0.520463
0.000937
0.215839
0.000386
0.527679
0.000480
0.480679
0.000287
0.272347
0.000252
0.487062
0.000365
0.250490
0.000142
0.504597
0.000345
0.478030
0.000156
0.276032
0.000192
0.468579
0.000235
0.307129
0.000079
0.440875
0.000319
0.370192
0.000956
0.124743
0.001713
0.122944
0.000852
0.379367
0.000223
0.749328
0.000096
0.489365
0.000031
0.263203
0.000051
0.488359
0.000053
0.496361
0.000033
1.785247
0.000000
28.563952
