0.076128
0.123010
0.010899
0.121593
0.049134
0.020019
0.321761
0.014671
0.312458
0.022061
0.053191
0.045898
0.478506
0.010379
0.367291
0.005450
0.411381
0.002799
0.342286
0.003894
0.147575
0.002996
0.751782
0.001311
0.228580
0.000511
0.524246
0.000990
0.211865
0.000405
0.531999
0.000493
0.479651
0.000301
0.274551
0.000262
0.485378
0.000401
0.246259
0.000138
0.508405
0.000370
0.471587
0.000165
0.286703
0.000214
0.460463
0.000283
0.332677
0.000095
0.421204
0.000429
0.380053
0.001484
0.124077
0.002614
0.124516
0.001329
0.375367
0.000288
0.432945
0.000071
0.318976
0.000084
0.467978
0.000053
0.275762
0.000044
0.479521
0.000067
0.493577
0.000038
0.278182
0.000000
0.228507
0.000028
0.500641
0.000031
0.487100
0.000023
0.245835
0.000009
28.563952
