0.000000
0.011253
0.051927
0.070414
0.203756
0.002498
0.094110
0.009555
0.215599
0.001415
0.319833
0.027306
0.257804
0.012075
0.403737
0.018021
0.257100
0.009166
0.414176
0.003744
0.299805
0.001212
0.058539
0.000797
0.317239
0.003876
0.206683
0.000303
0.198745
0.003783
0.131832
0.001454
0.064000
0.000051
0.000044
0.000044
0.000038
0.000038
0.000032
0.000032
0.000027
0.000027
0.000022
0.000022
0.000017
0.000017
0.000012
0.000012
0.000008
0.000008
0.000004
0.000004
0.000000
0.000000
0.153527
0.000354
0.000000
