0.000000
0.011385
0.051864
0.070013
0.203711
0.002627
0.094125
0.009715
0.215445
0.001397
0.319627
0.027287
0.257841
0.012100
0.403644
0.018052
0.257091
0.009179
0.414273
0.003760
0.299796
0.001217
0.058509
0.000793
0.317221
0.003851
0.206752
0.000372
0.198815
0.003744
0.132028
0.001407
0.064028
0.000000
0.000000
0.000003
0.000003
0.000080
0.000073
0.000073
0.000066
0.000066
0.000060
0.000060
0.000055
0.000055
0.000050
0.000050
0.000045
0.000045
0.000041
0.000041
0.000037
0.000037
0.000033
0.000033
0.000029
0.000029
0.000025
0.000025
0.000021
0.000021
0.000017
0.000017
0.000014
0.000014
0.000010
0.000010
0.000007
0.000007
0.153555
0.000342
0.000000
