0.071493
0.187779
0.085101
0.158560
0.062126
0.037352
0.055895
0.118217
0.107820
0.142781
0.089750
0.110163
0.054779
0.089178
0.083533
0.226557
0.119513
0.110471
0.057568
0.073155
0.085690
0.145081
0.000238
0.002423
0.000000
0.000048
0.000000
0.000049
0.000000
0.000000
0.000000
0.000050
0.000000
0.000051
0.000000
0.000053
0.000000
0.000054
0.000000
0.000055
0.000000
0.000056
0.000000
0.000000
0.000001
0.000057
0.000001
0.000001
0.000001
0.000001
0.000001
0.000059
0.000002
0.000061
0.000002
0.000002
0.000003
0.000063
0.000003
0.000065
0.000004
0.000004
0.000006
0.000006
0.000007
0.000007
0.000010
0.000010
0.000013
0.000013
0.000018
0.000018
0.000073
0.000073
0.013681
0.086792
0.027432
0.077431
0.018338
0.113437
0.049825
0.167712
0.029991
0.092546
0.027188
0.042281
0.072952
0.011018
0.130923
0.000000
0.064717
