0.071496
0.187771
0.085099
0.158565
0.062130
0.037351
0.055897
0.118220
0.107818
0.142777
0.089751
0.110161
0.054779
0.089179
0.083531
0.226577
0.119502
0.110484
0.057569
0.073122
0.085686
0.145081
0.000238
0.002521
0.000000
0.000000
0.000000
0.000050
0.000000
0.000051
0.000000
0.000053
0.000000
0.000054
0.000000
0.000055
0.000000
0.000056
0.000000
0.000000
0.000001
0.000057
0.000001
0.000001
0.000001
0.000001
0.000001
0.000059
0.000002
0.000061
0.000002
0.000002
0.000003
0.000063
0.000003
0.000065
0.000004
0.000004
0.000006
0.000006
0.000007
0.000007
0.000010
0.000010
0.000013
0.000013
0.000018
0.000018
0.000073
0.000073
0.013681
0.086792
0.027532
0.077140
0.018385
0.113580
0.049735
0.167750
0.030007
0.092566
0.027175
0.042353
0.072813
0.010955
0.130991
0.000000
0.064785
