0.071494
0.187775
0.085100
0.158563
0.062128
0.037351
0.055896
0.118218
0.107819
0.142779
0.089751
0.110162
0.054779
0.089178
0.083532
0.226567
0.119508
0.110477
0.057568
0.073139
0.085688
0.145081
0.000238
0.002472
0.000000
0.000049
0.000000
0.000000
0.000000
0.000050
0.000000
0.000051
0.000000
0.000053
0.000000
0.000054
0.000000
0.000055
0.000000
0.000056
0.000000
0.000000
0.000001
0.000057
0.000001
0.000001
0.000001
0.000001
0.000001
0.000059
0.000002
0.000061
0.000002
0.000002
0.000003
0.000063
0.000003
0.000065
0.000004
0.000004
0.000006
0.000006
0.000007
0.000007
0.000010
0.000010
0.000013
0.000013
0.000018
0.000018
0.000073
0.000073
0.013681
0.086792
0.027482
0.077287
0.018361
0.113509
0.049780
0.167731
0.029999
0.092556
0.027182
0.042317
0.072883
0.010987
0.130957
0.000000
0.064751
