0.071514
0.187735
0.085090
0.158590
0.062147
0.037345
0.055903
0.118231
0.107810
0.142761
0.089754
0.110155
0.054779
0.089184
0.083524
0.226667
0.119451
0.110542
0.057570
0.072968
0.085673
0.145081
0.000237
0.002895
0.000000
0.000000
0.000000
0.000000
0.000000
0.000058
0.000001
0.000060
0.000001
0.000001
0.000002
0.000062
0.000003
0.000064
0.000004
0.000004
0.000005
0.000005
0.000007
0.000007
0.000009
0.000009
0.000013
0.000013
0.000017
0.000017
0.000072
0.000072
0.013681
0.086791
0.028028
0.075733
0.018626
0.114244
0.049300
0.167940
0.030081
0.092659
0.027102
0.042714
0.072146
0.010646
0.131324
0.000000
0.065118
