0.078387
0.143959
0.120724
0.137785
0.086721
0.206640
0.080693
0.121350
0.060456
0.091754
0.059877
0.119712
0.114776
0.102374
0.044943
0.084007
0.074721
0.109067
0.001012
0.001012
0.008968
0.001653
0.000000
0.000000
0.000000
0.000000
0.000000
0.000000
0.000000
0.000000
0.000000
0.000000
0.000000
0.000000
0.000000
0.000000
0.000000
0.000455
0.000003
0.105216
0.048150
0.054627
0.040934
0.087489
0.025054
0.057254
0.136265
0.121446
0.038608
0.045040
0.143915
0.070955
0.238325
0.027390
1.889373
0.040939
0.026661
