0.106605
0.019864
0.440994
0.019316
0.234569
0.010167
0.333239
0.012442
0.075666
0.034452
202.165882
0.000220
0.566384
0.000263
0.855754
0.000205
0.566749
0.000397
0.586125
0.000405
0.580165
0.000372
78.430035
0.000254
0.382950
0.000153
0.588082
0.000244
0.411190
0.000223
1.003733
0.000250
0.936181
0.000167
27.577587
0.000255
32.230753
0.000246
0.291976
0.000345
1.054497
0.000413
0.804630
0.000422
0.518356
0.000370
1.343474
0.000429
0.781034
0.000471
1.871643
0.000297
0.775193
0.000297
1.861468
0.000351
2.667025
0.000337
0.752276
0.000024
0.362031
0.000460
2.670199
0.000344
1.144349
0.000141
1.531299
0.000188
1.133787
0.000245
0.796272
0.000286
0.794791
0.000131
1.103590
0.000247
0.800280
0.000310
0.798376
0.000406
1.116316
0.000370
0.813392
0.000354
1.911408
0.000418
0.817115
0.000396
1.607867
0.000299
2.952347
0.000836
0.139991
0.000802
5.466643
0.000290
2.741876
0.000257
17.751622
0.000151
22.919886
0.000000
0.458398
