0.000000
0.015024
0.104056
0.015274
0.154248
0.000157
0.203671
0.007667
0.132481
0.011163
0.295339
0.000185
0.071865
0.000773
0.107576
0.000408
0.075173
0.017676
0.196000
0.008552
0.146383
0.002512
0.129954
0.017871
0.250924
0.005326
0.320589
0.000902
0.067600
0.000724
0.211563
0.001382
0.074381
0.004620
0.158652
0.002216
0.193455
0.006381
0.113404
0.008131
0.050461
0.000765
0.148561
0.000015
0.001887
0.000051
0.002680
0.000005
0.013008
0.000000
0.004003
0.000137
0.157054
0.007743
0.039894
0.000566
0.073379
0.009978
0.078023
0.000291
0.042484
0.004497
0.037617
