0.032795
0.016540
0.078937
0.053954
0.034212
0.043489
0.126818
0.024011
0.052390
0.059577
0.046295
0.042702
0.305858
0.030711
0.000000
0.000000
0.035627
0.000000
0.000000
0.088195
0.018665
0.044333
0.212021
0.001345
0.001580
0.000065
0.001298
0.000612
0.002836
0.000493
0.003407
0.000243
0.003549
0.000245
0.004694
0.000102
0.004881
0.000176
0.003881
0.000147
0.003451
0.000249
0.002971
0.000298
0.003062
0.000409
0.002510
0.000449
0.002400
0.000604
0.001930
0.000493
0.001724
0.000844
0.001740
0.000861
0.000749
0.000000
0.000843
0.014175
0.068495
