0.062839
0.026781
0.031274
0.038224
0.506288
0.007370
0.175023
0.012484
0.326612
0.024321
0.060312
0.044257
417.945081
0.001044
0.208958
0.001249
1.184683
0.002081
0.881332
0.001517
0.553207
0.001072
3.563929
0.001843
0.151564
0.001712
9.760907
0.001063
39.384652
0.001215
328.395686
0.001138
74.026584
0.000839
63.629355
0.000000
26.512231
0.000991
1273.184675
0.001387
68.991090
0.001376
1.596794
0.000962
1.926461
0.001202
0.833325
0.001377
11.658062
0.001232
1.680317
0.001285
5.097767
0.000887
0.436490
0.001420
64.555660
0.001188
2.083096
0.001130
1.433471
0.000862
9.240214
0.001325
0.501830
0.001333
28.132793
0.001200
1.113085
0.001031
5.750743
0.001734
252.137303
0.001173
1.503531
0.001170
22.081385
0.001261
12.882287
0.001290
1.375532
0.001236
40.319673
0.001070
13.774836
0.001021
140.595469
0.001280
105.478038
0.000983
8.352279
0.001495
5.417243
0.001058
5.687996
0.001420
12.589820
0.001029
20.695512
0.000886
197.824333
