0.070920
0.030399
0.027540
0.036404
0.503901
0.007719
0.172522
0.013437
0.325801
0.023666
0.060655
0.045068
417.926110
0.001472
6.404572
0.000914
0.195314
0.000000
9.765713
0.000907
39.357432
0.001218
328.383159
0.001212
164.194552
0.001305
1273.174994
0.001184
69.008665
0.000849
1.598946
0.001139
1.890279
0.001173
0.850797
0.001145
11.652916
0.001233
1.689651
0.001811
5.545922
0.001502
64.558440
0.001106
13.245137
0.000910
28.137696
0.001199
6.867440
0.001114
252.133339
0.001527
91.948378
0.000950
298.828523
0.001141
197.824333
