0.133433
0.017365
0.409737
0.031420
0.263060
0.011635
0.354344
0.013230
0.047012
0.024882
0.468187
0.008407
0.387229
0.002929
0.477845
0.002355
0.436120
0.002194
0.641721
0.000986
0.338823
0.000926
0.372101
0.001902
0.118033
0.001024
0.496357
0.000294
0.358406
0.000730
0.371044
0.000865
0.360255
0.000764
0.369317
0.000544
0.616779
0.000330
0.352842
0.000442
0.363446
0.000410
0.335125
0.000238
0.339704
0.000323
0.349400
0.000290
0.357326
0.000273
0.356791
0.000048
0.273600
0.000198
0.359259
0.000253
0.362465
0.000287
0.375180
0.000199
0.609535
0.000119
0.361920
0.000192
0.376207
0.000182
0.369373
0.000082
0.245923
0.000000
0.351318
0.000096
0.378542
0.000126
0.366723
0.000079
0.351090
0.000059
0.631443
0.000049
0.361588
0.000030
0.336653
0.000040
0.361809
0.000024
0.323913
0.000029
0.382432
0.000026
0.938542
0.000016
0.392852
0.000016
0.201129
