0.000000
0.034143
0.067736
0.070241
0.047789
0.176460
0.027904
0.066019
0.108176
0.093224
0.205734
0.035375
0.148776
0.006809
0.104800
0.021850
0.143235
0.024772
0.192195
0.009878
0.161040
0.004086
0.253875
0.007974
0.149294
0.006556
0.034790
0.014334
0.041906
0.029712
0.049832
0.013941
0.214343
0.002452
0.308937
0.005350
0.056971
0.003438
0.196726
0.004048
0.184568
0.005861
0.060978
0.005599
0.173768
0.003554
0.183662
0.017073
0.051341
0.030640
0.050506
0.017170
0.195020
0.003028
0.191634
0.002569
0.103312
0.000006
0.099338
0.002196
0.099353
0.000006
0.095531
0.009111
0.058658
0.011006
0.119093
0.000179
0.059469
0.026635
0.033771
0.065484
0.013992
0.043347
0.000000
0.052770
0.002806
