0.000000
0.034144
0.067736
0.070240
0.047790
0.176460
0.027903
0.066020
0.108175
0.093223
0.205734
0.035375
0.148775
0.006808
0.104801
0.021850
0.143235
0.024772
0.192195
0.009878
0.161040
0.004086
0.253876
0.007974
0.149294
0.006556
0.034790
0.014335
0.041905
0.029712
0.049832
0.013941
0.214342
0.002452
0.308937
0.005350
0.056971
0.003438
0.196726
0.004049
0.184569
0.005861
0.060978
0.005599
0.173766
0.003554
0.183659
0.017075
0.051340
0.030643
0.050504
0.017172
0.195017
0.003029
0.191632
0.002570
0.103315
0.000005
0.099341
0.002196
0.099356
0.000005
0.095535
0.009116
0.058651
0.011015
0.119104
0.000165
0.059481
0.026619
0.033778
0.065475
0.013996
0.043349
0.000000
0.052773
0.002807
