0.000000
0.002261
0.143130
0.017527
0.096664
0.082318
0.032806
0.024382
0.164754
0.000413
0.189223
0.000221
0.046216
0.002615
0.298878
0.003336
0.222368
0.000228
0.197663
0.011939
0.277432
0.018262
0.028634
0.000179
0.180180
0.000041
0.003044
0.000037
0.002408
0.000010
0.000579
0.000039
0.000000
0.000000
0.152251
0.004702
0.103524
0.004158
0.043191
0.000067
0.205015
0.001523
0.023461
0.000702
0.003011
0.000064
0.048705
0.000384
0.050478
0.000842
0.004179
0.000127
0.022939
0.006074
0.016407
0.000211
0.103969
0.000909
0.018515
0.003212
0.128393
