0.045555
0.000048
0.039116
0.000147
0.060627
0.024467
0.062953
0.000036
0.204587
0.000154
0.219768
0.011052
0.042979
0.000224
0.003906
0.000135
0.196835
0.007949
0.040212
0.000062
0.216406
0.008994
0.226394
0.004355
0.324564
0.000006
0.060380
0.009668
0.160892
0.000085
0.112620
0.001910
0.060267
0.000084
0.022788
0.000139
0.199436
0.015249
0.176132
0.000073
0.048437
0.000097
0.233550
0.005311
0.068197
0.000228
0.024737
0.000049
0.155514
0.000901
0.004322
0.000127
0.216452
0.001973
0.016360
0.000064
0.008066
0.000019
0.094793
0.000246
0.020159
0.000047
0.003204
0.000231
0.003002
0.000014
0.004496
0.000000
0.006423
0.000089
0.000272
0.000147
0.022016
0.001329
0.067625
0.002411
0.022420
0.000026
0.002986
0.000046
0.000503
0.000165
0.000758
0.000098
0.009027
0.000229
0.029347
0.000915
0.045596
0.000000
0.017123
