0.000000
0.012369
0.066703
0.041030
0.185912
0.001884
0.209738
0.002804
0.036174
0.000001
0.021478
0.001085
0.338398
0.005838
0.029468
0.000001
0.346249
0.005259
0.263758
0.000000
0.016485
0.000553
0.024961
0.013267
0.269798
0.010866
0.148761
0.000004
0.027676
0.000713
0.232607
0.000201
0.054911
0.002596
0.157543
0.001454
0.068726
0.000719
0.181766
0.000891
0.029549
0.000003
0.078095
0.000624
0.067216
0.001313
0.081840
0.001894
0.068618
0.000890
0.090518
0.001229
0.129510
0.000004
0.013205
0.000002
0.121485
0.002102
0.072617
0.001135
0.072144
0.003579
0.119269
0.000996
0.034604
0.000616
0.024219
0.000000
0.001207
