0.000000
0.012337
0.066982
0.040815
0.185829
0.002072
0.209666
0.002730
0.057638
0.000970
0.338358
0.005754
0.375704
0.005179
0.047637
0.000001
0.232780
0.000388
0.025046
0.013356
0.269894
0.010914
0.176441
0.000466
0.232597
0.000295
0.054899
0.002854
0.157548
0.001604
0.068736
0.000460
0.181777
0.000616
0.107664
0.000611
0.067235
0.000997
0.081862
0.002050
0.068627
0.000844
0.090534
0.001527
0.264199
0.001827
0.072616
0.001073
0.072144
0.003443
0.119238
0.001334
0.034623
0.000000
0.024236
0.000416
0.001207
