0.000000
0.012370
0.066697
0.041041
0.185914
0.001879
0.209741
0.002804
0.036175
0.000008
0.021479
0.001084
0.338399
0.005838
0.029467
0.000003
0.346249
0.005257
0.031029
0.000001
0.232725
0.000008
0.016481
0.000559
0.024958
0.013262
0.269796
0.010869
0.148760
0.000012
0.027676
0.000717
0.232606
0.000198
0.054910
0.002590
0.157542
0.001448
0.068725
0.000724
0.181766
0.000895
0.029548
0.000011
0.078094
0.000624
0.067215
0.000000
0.000000
0.001321
0.081839
0.001887
0.068617
0.000888
0.090517
0.001228
0.129509
0.000008
0.013204
0.000009
0.121485
0.002112
0.072616
0.001136
0.072143
0.003579
0.119269
0.000994
0.034603
0.000618
0.024219
0.000000
0.001207
