0.050730
0.004236
0.112874
0.010016
0.111396
0.028308
0.444824
0.020495
0.263407
0.025067
0.030807
0.105102
100.339738
0.000000
2.006795
0.000045
0.426186
0.000098
0.148040
0.000100
0.425160
0.000033
12.642113
0.000045
0.250321
0.000004
0.189411
0.000057
0.441854
0.000074
0.444160
0.000093
0.438652
0.000113
0.443102
0.000109
0.448761
0.000121
0.442678
0.000133
0.441485
0.000127
0.450101
0.000121
0.440251
0.000131
0.439395
0.000102
0.446950
0.000086
0.440097
0.000069
0.439609
0.000048
10.076873
0.000034
0.416819
0.000048
0.710519
0.000035
0.215493
0.000046
0.708616
0.000061
0.690354
0.000075
0.716344
0.000071
0.194739
0.000074
0.477964
0.000035
0.238793
0.000071
0.442577
0.000073
0.482266
0.000041
0.448968
0.000052
1.003548
0.000015
0.723939
0.000044
0.467795
0.000037
0.467344
0.000068
0.452228
0.000054
0.481974
0.000044
6.230094
