0.000000
0.115060
0.052012
0.000014
0.002105
0.000132
0.000059
0.000074
0.001794
0.000139
0.000828
0.008157
0.009326
0.010955
0.068919
0.002280
0.090680
0.003354
0.050701
0.000641
0.002016
0.001968
0.018289
0.000000
0.137167
0.031003
0.087447
0.000213
0.001663
0.000859
0.009426
0.002949
0.012435
0.000466
0.092422
0.012532
0.018244
0.009513
0.000326
0.000673
0.112345
0.003802
0.012495
0.000328
0.000283
0.000199
0.000003
0.000045
0.000216
0.000094
0.000128
0.000280
0.026702
0.059196
0.000011
0.000966
0.000011
0.000011
0.000011
0.000011
0.000011
0.000011
0.000011
0.000011
0.000011
0.000011
0.021460
