0.000000000000000000e+00 6.203565009692694754e-16 4.235556496823178623e-15 2.048866651936240404e-13 4.186092855085628875e-09 3.497610543107408544e-07 4.316920699591461859e-06 2.167155759802131038e-05 6.669754659700649591e-05 1.534010689808064224e-04 2.935178510599646099e-04 4.975954193458131556e-04 7.772488915667412476e-04 1.147328048917946059e-03 1.627386230808222341e-03 2.242504484636153456e-03 3.023461101247656383e-03 4.004102342965720762e-03 1.203366009969506628e-01 1.203919557088901915e-01
0.000000000000000000e+00 5.093232049190932184e-15 5.145347065648418041e-15 4.359281316334827590e-09 2.387190203180405655e-06 4.474734467820158602e-05 2.263347064097571786e-04 5.951993865752330110e-04 1.063928421756938844e-03 1.469160546848524750e-03 1.108658368091378771e-01 1.108293038899265670e-01 1.107546677924523132e-01 1.106611734631385707e-01 1.105212317322093879e-01 1.089238188949785968e-01 9.041657114399698214e-02 8.918398932374278776e-02 8.916492521298713392e-02 8.916414927802318591e-02
0.000000000000000000e+00 2.319488355206357778e-15 8.807087994421725969e-15 3.234978886072659442e-13 7.953597640129913419e-09 6.936101376852659026e-07 8.634160018798693495e-06 4.309735612454371781e-05 1.309296247268769257e-04 2.959639047415467080e-04 5.547135227984000298e-04 9.183629019819466392e-04 1.396904646999100157e-03 2.002728546440825375e-03 2.752517393397182783e-03 3.667067910115612631e-03 4.769357234712062396e-03 6.081890750382595856e-03 7.623580138908501481e-03 9.395392574525021981e-03
0.000000000000000000e+00 2.028693082445511872e-15 2.260701701713137598e-15 7.048044925435903121e-12 4.266175452650366550e-08 2.283660257687922872e-06 2.171889247465968380e-05 8.966378601665246650e-05 2.320673735241057692e-04 4.496590081663277881e-04 7.171202502895992863e-04 9.936680659444899547e-04 1.235922057926063878e-03 1.410849998786327126e-03 1.195638335920730655e-01 1.195578502470464460e-01 1.195380291113134763e-01 1.195104343587119200e-01 1.194815790424400143e-01 1.194546965028969315e-01
0.000000000000000000e+00 1.126356082549209282e-15 1.443838529911629905e-15 6.458313498284458648e-15 1.696069617530619014e-11 2.093600254017651189e-08 8.451858103424590810e-07 8.030505807035020596e-06 3.598272273361054349e-05 1.040304982328187902e-04 2.280451977236617870e-04 4.151314201031835842e-04 6.630901068773176199e-04 9.627809080713222323e-04 1.301312920159287522e-03 1.664940721397472744e-03 2.041281805238454733e-03 2.420754236110474276e-03 2.792557027704071441e-03 8.219286511395736128e-02
0.000000000000000000e+00 7.854107376244387668e-15 4.368051489114196943e-15 3.734137853869808239e-11 1.726053255586198604e-07 7.720688202689276257e-06 6.412027698423589735e-05 2.383023724621655712e-04 5.649296846575074848e-04 1.012896138227940054e-03 1.496583774482638509e-03 1.899215436264250090e-03 1.197313155437271098e-01 1.197260957971235801e-01 1.196751246450826617e-01 1.195917495166089611e-01 1.194840920291030395e-01 1.193227755060687068e-01 1.185697032275583734e-01 1.049371137091481415e-01
0.000000000000000000e+00 2.165043316235560067e-15 6.966683352873567076e-15 1.464716580217816042e-08 7.073076087971793553e-06 1.422663563457125639e-04 8.162706986565039773e-04 2.498303057057935962e-03 5.326913545079875294e-03 9.068612435648474093e-03 1.333622315219555772e-02 1.778787042871249335e-02 2.219874129005596289e-02 2.644386576327382304e-02 3.045374758737587687e-02 3.417549603602183794e-02 3.754761125817648870e-02 4.049589018478230718e-02 1.116894772392509755e-01 1.119443266582651336e-01
0.000000000000000000e+00 4.172140634470723116e-15 1.069040035688993507e-14 2.505919611304280281e-10 2.746279180185707039e-07 7.847245621710831126e-06 5.370280529867849177e-05 1.812598429330426416e-04 4.099305558956372751e-04 7.189984139645622715e-04 1.058315153784170504e-03 1.375534435154946453e-03 1.632006106739775954e-03 1.802941517543504325e-03 1.376464405951575154e-01 1.376464422965008871e-01 1.376464476417636751e-01 1.376464884437003933e-01 1.376467621312783551e-01 1.376480202847889800e-01
0.000000000000000000e+00 6.932471387162170281e-16 4.232227393578060291e-15 5.489182510819699341e-14 6.248758779608725147e-09 8.525921830617120852e-07 1.315230697738334303e-05 7.407355740564714548e-05 2.418553128546040880e-04 5.704539294368230319e-04 1.093424116611555006e-03 1.823517206927612174e-03 2.759396461137932424e-03 3.892763798540970367e-03 5.213779151958738978e-03 6.715694811166871003e-03 8.399329449839624401e-03 1.027520416483951142e-02 1.236124354441586921e-02 1.467611374811983969e-02
0.000000000000000000e+00 1.274400532673307183e-16 1.687921745628157420e-15 3.138166551498911945e-15 9.778769360541372935e-10 3.750375000110176610e-07 9.783482506302505402e-06 7.659826050089035029e-05 3.123034261379352091e-04 8.552339894702951431e-04 1.815784710085312790e-03 3.247341458037245228e-03 5.233967482955855823e-03 7.782203034030379767e-03 1.083840076530572655e-02 1.428429939127863132e-02 1.791293742172808678e-02 2.152494460809735791e-02 2.487722661158996845e-02 2.769663791739352537e-02
