0.000000
0.011657
0.052114
0.068136
0.190900
0.001307
0.004472
0.000276
0.074452
0.005276
0.023521
0.000892
0.000945
0.000188
0.000354
0.001380
0.020852
0.004127
0.196282
0.000177
0.272878
0.001407
0.015220
0.001362
0.007114
0.000069
0.000581
0.000991
0.025688
0.028066
0.224793
0.000000
0.024434
0.010720
0.400518
0.000038
0.008005
0.017009
0.235283
0.001353
0.024492
0.008759
0.180715
0.000071
0.188095
0.002780
0.041553
0.000361
0.026875
0.002993
0.259481
0.000105
0.055898
0.001415
0.302237
0.001589
0.049444
0.002365
0.191638
0.000247
0.035624
0.000479
0.121210
0.000194
0.007705
0.000920
0.035520
0.004411
0.138837
0.003691
0.159928
0.001555
0.003511
0.000013
0.000000
