0.000000
0.011574
0.051947
0.068645
0.191037
0.001109
0.004609
0.000085
0.074588
0.005318
0.023758
0.000558
0.001681
0.001044
0.021091
0.004185
0.196348
0.000399
0.041554
0.000326
0.231455
0.001274
0.015311
0.001063
0.007820
0.000671
0.025786
0.027983
0.249528
0.010835
0.408732
0.016848
0.235446
0.001133
0.024650
0.009114
0.180558
0.000293
0.187933
0.003005
0.041442
0.000157
0.026765
0.002881
0.259366
0.000254
0.055786
0.001476
0.302106
0.001661
0.049328
0.002502
0.191498
0.000214
0.035487
0.000257
0.121072
0.000000
0.007567
0.000735
0.035381
0.004669
0.138659
0.003891
0.065933
0.000079
0.093796
0.001643
0.003511
