0.000000
0.000009
0.020920
0.000002
0.067995
0.012434
0.262311
0.000001
0.198994
0.019636
0.237587
0.010726
0.426712
0.015451
0.277105
0.012924
0.165447
0.000001
0.201414
0.012003
0.102750
0.000000
0.000000
0.011876
0.027149
0.000004
0.098724
0.000006
0.001028
0.000004
0.051419
0.000007
0.113912
0.000002
0.007119
0.000007
0.050430
0.011153
0.095897
0.014880
0.055854
0.000007
0.045880
0.007804
0.029517
0.000003
0.054114
0.000010
0.008103
0.000001
0.011575
0.000003
0.000508
0.000002
0.025430
0.000000
0.000000
0.001634
0.104822
0.000000
0.001255
