0.000000
0.014737
0.063170
0.048550
0.121512
0.012352
0.170323
0.001665
0.181445
0.001350
0.205441
0.005392
0.040341
0.000263
0.001857
0.000213
0.004241
0.000112
0.026878
0.074585
0.170601
0.005383
0.022578
0.000018
0.011281
0.000263
0.057185
0.012454
0.037736
0.000000
0.009204
0.000473
0.240736
0.000131
0.004694
0.000326
0.052386
0.017524
0.261905
0.000130
0.028306
0.010876
0.139719
0.000074
0.002776
0.000228
0.220936
0.001137
0.074789
0.000667
0.079582
0.000327
0.191501
0.003723
0.187104
0.000125
0.007632
0.001709
0.006912
0.000139
0.002169
0.000039
0.108498
0.000181
0.007295
0.000037
0.002495
0.000074
0.000831
0.000132
0.004770
0.000128
0.001018
0.000136
0.053385
0.001875
0.066681
0.000040
0.001743
0.000043
0.001121
0.000022
0.006026
0.000055
0.031488
0.000101
0.077238
0.000000
0.060234
