0.000000
0.014667
0.063334
0.048651
0.121449
0.012298
0.170300
0.001711
0.181433
0.001442
0.205430
0.005514
0.040382
0.000159
0.001898
0.000105
0.004282
0.000001
0.026919
0.074493
0.170663
0.005292
0.033973
0.000123
0.057283
0.012419
0.047062
0.000376
0.240857
0.000002
0.004815
0.000195
0.052507
0.017497
0.262012
0.000042
0.028413
0.010913
0.142541
0.000117
0.220962
0.001213
0.074815
0.000684
0.079610
0.000306
0.191528
0.003832
0.194747
0.001566
0.006917
0.000004
0.110673
0.000064
0.010630
0.000006
0.004775
0.000000
0.001023
0.000007
0.053390
0.001829
0.066681
0.000006
0.001743
0.000007
0.007147
0.000008
0.031488
0.000078
0.077238
0.000000
0.060234
