0.000000
0.014809
0.063038
0.048420
0.121569
0.012372
0.170358
0.001619
0.181470
0.001250
0.205466
0.005255
0.040316
0.000371
0.001831
0.000323
0.004214
0.000229
0.026851
0.074693
0.170534
0.005459
0.022472
0.000155
0.000000
0.000000
0.011175
0.000395
0.057079
0.012482
0.037613
0.000093
0.009081
0.000553
0.240614
0.000245
0.004572
0.000448
0.008164
0.000039
0.044059
0.017588
0.261810
0.000212
0.028212
0.010841
0.139699
0.000192
0.002755
0.000346
0.220916
0.001045
0.074767
0.000662
0.079560
0.000364
0.191479
0.003566
0.187099
0.000259
0.003588
0.000088
0.004037
0.001839
0.006909
0.000266
0.002166
0.000163
0.030659
0.000014
0.073581
0.000092
0.004252
0.000294
0.004289
0.000058
0.003002
0.000154
0.002492
0.000192
0.000828
0.000251
0.004767
0.000247
0.001015
0.000254
0.053382
0.001932
0.066681
0.000095
0.001742
0.000099
0.001120
0.000078
0.006025
0.000112
0.031487
0.000094
0.077238
0.000000
0.060234
