0.000000
0.118310
0.173593
0.016492
0.076592
0.000228
0.167625
0.000486
0.170950
0.032553
0.139496
0.051518
0.139297
0.019980
0.202292
0.018145
0.170942
0.002130
0.177001
0.009141
0.097801
0.000005
0.000110
0.015359
0.164310
0.005951
0.081097
0.007591
0.116599
0.000000
0.103643
0.001371
0.107646
0.000155
0.033183
0.002218
0.149425
0.002694
0.084005
0.000327
0.120021
0.000616
0.083656
0.003589
0.185622
0.007120
0.046550
0.007299
0.033472
0.004228
0.113978
0.000295
0.079674
0.003111
0.190348
0.003206
0.193910
0.009218
0.059989
0.012463
0.130046
0.002053
0.048872
0.034346
0.028719
0.079601
0.009104
