0.000000
0.118306
0.173691
0.016335
0.076660
0.000000
0.167693
0.000461
0.171012
0.032587
0.139493
0.051524
0.139389
0.019916
0.202124
0.018150
0.170961
0.002089
0.177059
0.009197
0.097796
0.000005
0.000105
0.015373
0.164266
0.005951
0.081135
0.007598
0.220192
0.001400
0.107608
0.000079
0.033146
0.002203
0.149387
0.002754
0.084033
0.000324
0.120046
0.000614
0.083688
0.003536
0.185570
0.007124
0.046604
0.007291
0.033458
0.004233
0.113997
0.000313
0.079700
0.003110
0.190295
0.003199
0.193899
0.009291
0.059982
0.012551
0.130074
0.001921
0.048917
0.034206
0.028795
0.079537
0.009130
