0.000000
0.118310
0.173371
0.016752
0.076426
0.000652
0.167449
0.000610
0.170789
0.032532
0.139537
0.051532
0.139145
0.020097
0.099287
0.000109
0.103257
0.018106
0.170921
0.002216
0.176920
0.009047
0.093961
0.000000
0.000222
0.000000
0.003602
0.000000
0.000029
0.000000
0.000077
0.015331
0.164429
0.005923
0.081107
0.007557
0.116644
0.000062
0.022368
0.000028
0.081325
0.001277
0.107699
0.000326
0.033237
0.002268
0.149475
0.002595
0.083944
0.000397
0.119966
0.000612
0.018028
0.000003
0.065559
0.003701
0.185693
0.007111
0.046458
0.007318
0.033482
0.004221
0.113940
0.000261
0.079626
0.003123
0.108280
0.000059
0.035430
0.000030
0.046705
0.003271
0.193910
0.009133
0.059957
0.012351
0.129992
0.002308
0.017218
0.000000
0.031566
0.034655
0.028558
0.079736
0.009043
