0.000000
0.000010
0.092957
0.013874
0.205964
0.000036
0.250744
0.018785
0.240852
0.011221
0.383498
0.000001
0.007668
0.000006
0.033283
0.016430
0.037014
0.000012
0.001499
0.000013
0.009499
0.000000
0.232728
0.011648
0.354998
0.000004
0.030206
0.009482
0.114097
0.009079
0.103944
0.000026
0.039924
0.000002
0.186317
0.000012
0.002850
0.000010
0.006261
0.000008
0.001543
0.000002
0.037820
0.004617
0.068856
0.000049
0.013313
0.000029
0.000960
0.000005
0.007208
0.000010
0.011670
0.000016
0.019077
0.003381
0.088340
0.000079
0.014204
0.000008
0.000536
0.000004
0.003370
0.000012
0.002775
0.000004
0.000595
0.000052
0.004527
0.000021
0.110921
0.000000
0.002508
