0.105579
0.020446
0.440865
0.019433
0.237257
0.010013
0.331626
0.011319
0.079540
0.031990
197.332637
0.000376
0.557783
0.000382
0.558911
0.000290
0.848736
0.000568
0.563781
0.000381
0.833289
0.000410
0.586095
0.000534
1.433622
0.000418
0.577039
0.000492
0.860381
0.000516
0.566468
0.000444
0.597628
0.000398
76.085737
0.000296
50.371738
0.000283
1.066003
0.000330
2.307478
0.000290
1.055623
0.000302
1.040449
0.000247
0.478251
0.000282
1.073135
0.000330
9.460938
0.000304
0.765307
0.000372
1.892606
0.000227
0.759895
0.000493
1.060037
0.000261
1.555943
0.000295
1.084765
0.000373
0.806810
0.000352
0.749466
0.000374
0.349099
0.000324
0.755090
0.000390
0.554690
0.000355
0.526525
0.000384
0.829007
0.000378
0.800984
0.000273
0.270391
0.000000
0.790373
0.000309
0.807841
0.000389
0.644726
