0.105703
0.020881
0.441009
0.019212
0.235815
0.010342
0.333395
0.011473
0.078961
0.032008
197.331394
0.000337
0.557151
0.000354
0.566228
0.000305
0.837390
0.000483
0.576683
0.000409
0.826243
0.000437
0.587496
0.000550
1.426210
0.000454
0.584800
0.000405
0.855254
0.000463
0.571895
0.000463
0.599796
0.000360
76.082758
0.000253
67.618798
0.000390
1.887083
0.000239
0.773008
0.000378
2.623902
0.000262
1.081268
0.000291
1.566171
0.000306
0.349972
0.000158
0.751858
0.000373
0.530750
0.000000
0.551980
0.000276
0.830424
0.000268
0.794274
0.000271
1.070541
0.000296
0.801973
0.000342
0.644726
