0.000000
0.046749
0.136355
0.036022
0.169130
0.002728
0.025982
0.001153
0.163501
0.064220
0.096404
0.001448
0.019267
0.003506
0.015843
0.000318
0.219313
0.026371
0.000050
0.000120
0.000000
0.000000
0.000002
0.000002
0.000005
0.000016
0.000008
0.000008
0.000011
0.000023
0.000014
0.000027
0.000017
0.000031
0.000021
0.000036
0.000026
0.000042
0.000030
0.000069
0.000036
0.000081
0.000042
0.000334
0.000059
0.000059
0.000070
0.000070
0.000102
0.000084
0.000084
0.000638
0.000128
0.000128
0.000166
0.017757
0.001774
0.072604
0.014300
0.035675
0.021149
