0.000000
0.047346
0.134740
0.035915
0.169253
0.001912
0.025885
0.001929
0.163378
0.065388
0.095985
0.001017
0.018688
0.004416
0.197622
0.000340
0.036605
0.025873
0.000002
0.000472
0.000000
0.000047
0.000003
0.000003
0.000004
0.000004
0.000069
0.000098
0.000006
0.000015
0.000007
0.000017
0.000009
0.000020
0.000011
0.000011
0.000013
0.000013
0.000015
0.000015
0.000017
0.000028
0.000019
0.000019
0.000022
0.000022
0.000024
0.000036
0.000027
0.000027
0.000030
0.000042
0.000033
0.000046
0.000037
0.000051
0.000041
0.000056
0.000045
0.000061
0.000050
0.000088
0.000055
0.000101
0.000062
0.000353
0.000078
0.000078
0.000089
0.000089
0.000122
0.000103
0.000103
0.000658
0.000147
0.000147
0.000185
0.017777
0.000996
0.073161
0.013679
0.035235
0.021149
