0.000000
0.047577
0.133997
0.035910
0.169349
0.001445
0.025906
0.002306
0.163370
0.065843
0.095773
0.000568
0.018422
0.004853
0.197323
0.000750
0.036287
0.025883
0.000012
0.000363
0.000000
0.000036
0.000003
0.000003
0.000005
0.000044
0.000007
0.000050
0.000009
0.000009
0.000011
0.000058
0.000014
0.000014
0.000015
0.000015
0.000080
0.000109
0.000016
0.000026
0.000018
0.000028
0.000020
0.000031
0.000022
0.000022
0.000024
0.000024
0.000026
0.000026
0.000028
0.000039
0.000030
0.000030
0.000032
0.000032
0.000035
0.000047
0.000038
0.000038
0.000041
0.000053
0.000044
0.000057
0.000047
0.000061
0.000051
0.000066
0.000056
0.000072
0.000061
0.000099
0.000066
0.000111
0.000073
0.000364
0.000089
0.000089
0.000100
0.000100
0.000133
0.000114
0.000114
0.000668
0.000158
0.000158
0.000196
0.017788
0.000240
0.073267
0.013337
0.035122
0.021149
