0.000000
0.047213
0.135178
0.035921
0.169176
0.002200
0.025862
0.001702
0.163372
0.065116
0.096133
0.001243
0.018880
0.004175
0.197815
0.000000
0.036803
0.026387
0.000001
0.000001
0.000067
0.000096
0.000003
0.000012
0.000005
0.000015
0.000006
0.000017
0.000008
0.000008
0.000010
0.000010
0.000012
0.000012
0.000014
0.000026
0.000017
0.000017
0.000019
0.000019
0.000022
0.000033
0.000024
0.000024
0.000027
0.000039
0.000030
0.000043
0.000034
0.000048
0.000038
0.000053
0.000042
0.000058
0.000047
0.000085
0.000053
0.000098
0.000059
0.000350
0.000076
0.000076
0.000087
0.000087
0.000119
0.000101
0.000101
0.000655
0.000144
0.000144
0.000182
0.017774
0.001376
0.073047
0.013797
0.035316
0.021149
