0.000000
0.046637
0.136622
0.036054
0.169115
0.002839
0.026008
0.001033
0.163529
0.064005
0.096468
0.001484
0.019361
0.003326
0.015926
0.000410
0.219386
0.026366
0.000045
0.000115
0.000000
0.000012
0.000003
0.000003
0.000006
0.000018
0.000009
0.000022
0.000012
0.000026
0.000016
0.000031
0.000021
0.000037
0.000026
0.000064
0.000031
0.000076
0.000038
0.000329
0.000054
0.000054
0.000065
0.000065
0.000098
0.000079
0.000079
0.000633
0.000123
0.000123
0.000161
0.017752
0.001871
0.072490
0.014440
0.035756
0.021149
