0.083735
0.150468
0.097369
0.156682
0.135304
0.152119
0.089561
0.153742
0.091210
0.136991
0.069896
0.096969
0.063294
0.123530
0.075711
0.111515
0.030256
0.083656
0.073545
0.108109
0.042359
0.081013
0.127990
0.126537
0.054134
0.062063
0.045815
0.100559
0.035402
0.046823
0.133381
0.056807
0.014583
0.059045
0.000014
0.006015
0.000000
0.000087
0.000000
0.000033
0.000000
0.000383
0.000000
0.059979
0.207215
0.038364
0.019711
0.042031
0.255489
0.053748
0.030416
0.085331
0.211578
0.107475
0.028843
0.035406
0.414255
0.037031
1.086197
0.051696
0.022668
