0.083735
0.150468
0.097370
0.156682
0.135304
0.152119
0.089561
0.153742
0.091209
0.136992
0.069897
0.096968
0.063294
0.123530
0.075712
0.111516
0.030256
0.083656
0.073545
0.108109
0.042359
0.081013
0.127990
0.126536
0.054135
0.062062
0.045815
0.100559
0.035401
0.046823
0.133383
0.056808
0.014583
0.059046
0.000014
0.006136
0.000000
0.000383
0.000000
0.059979
0.207217
0.038355
0.019709
0.042029
0.255497
0.053746
0.030416
0.085332
0.211578
0.107473
0.028843
0.035407
0.414256
0.037029
1.086196
0.051696
0.022668
