0.068721
0.137840
0.023045
0.074033
0.050647
0.019706
0.351901
0.016276
0.326828
0.020895
0.054880
0.041424
248.880402
0.001030
871.657938
0.000992
6.902433
0.001086
8.981397
0.001255
1.170061
0.000816
0.371091
0.001048
0.409492
0.001193
0.768022
0.001220
1.180186
0.001203
60.323555
0.000995
27.181552
0.001420
0.940234
0.001157
7.136598
0.001107
0.599063
0.001017
5.160816
0.001002
10.335398
0.000819
2.643460
0.001102
3.751646
0.000804
6.125271
0.001097
331.405118
0.001497
561.273616
0.001222
722.091763
0.001150
27.935947
0.002081
82.783229
0.001198
93.125568
0.001194
175.866659
0.001114
888.667201
0.000000
216.748098
0.001346
34.604489
0.001237
847.238302
0.001740
507.153807
0.000289
117.372875
0.001652
16.835647
0.000994
1.818745
0.001009
457.255030
