0.069346
0.137251
0.024159
0.073969
0.050573
0.019736
0.352172
0.016733
0.327593
0.020969
0.053519
0.041670
248.888048
0.001186
871.647185
0.001263
6.910281
0.001171
8.972856
0.001116
1.532492
0.001007
0.416581
0.001316
0.766025
0.001337
61.505453
0.001197
51.375898
0.000000
12.530707
0.001210
331.392647
0.001305
561.280849
0.001068
722.084090
0.001119
27.947540
0.001628
82.776213
0.001113
93.123415
0.001059
1281.292362
0.001389
34.598111
0.001232
847.239956
0.001305
507.162343
0.000674
117.361458
0.001426
16.836148
0.000986
1.825999
0.001158
457.255030
