0.069766
0.137139
0.023889
0.074484
0.050774
0.019672
0.351472
0.016684
0.327557
0.020728
0.054149
0.041282
248.890639
0.001267
871.645497
0.001101
6.903804
0.001250
8.980352
0.001165
1.538198
0.000861
0.406851
0.001240
0.774139
0.001361
61.500611
0.001193
27.188118
0.001226
24.186242
0.001055
6.386292
0.000000
6.140665
0.001220
331.397006
0.001441
561.277080
0.001050
722.083512
0.001163
27.948795
0.001743
82.775585
0.001265
93.123018
0.001121
1281.289087
0.001600
34.600451
0.001220
847.241230
0.001410
507.160931
0.000632
117.362529
0.001449
16.839493
0.000983
1.815260
0.001401
457.255030
