0.000000
0.047388
0.134603
0.035915
0.169268
0.001820
0.025890
0.002002
0.163376
0.065481
0.095942
0.000932
0.018633
0.004503
0.197559
0.000422
0.036542
0.025873
0.000005
0.000475
0.000000
0.000000
0.000002
0.000049
0.000006
0.000006
0.000064
0.000067
0.000003
0.000040
0.000009
0.000019
0.000011
0.000021
0.000013
0.000013
0.000015
0.000026
0.000017
0.000029
0.000019
0.000032
0.000021
0.000021
0.000024
0.000024
0.000026
0.000039
0.000029
0.000029
0.000032
0.000032
0.000035
0.000049
0.000038
0.000053
0.000042
0.000058
0.000047
0.000064
0.000052
0.000070
0.000057
0.000007
0.000007
0.000396
0.000071
0.000071
0.000124
0.000105
0.000105
0.000091
0.000091
0.000080
0.000080
0.000659
0.000149
0.000149
0.000187
0.017778
0.000858
0.073191
0.013623
0.035214
0.021126
