0.000000
0.007206
0.203330
0.001801
0.179841
0.007612
0.155268
0.002968
0.076952
0.000055
0.067837
0.006553
0.164528
0.000893
0.174361
0.000722
0.154799
0.014816
0.271979
0.011853
0.184608
0.009993
0.293369
0.025499
0.099010
0.012375
0.055805
0.000106
0.100535
0.000033
0.000461
0.000000
0.001498
0.001032
0.000231
0.000742
0.258641
0.000248
0.067444
0.000763
0.078283
0.000535
0.190259
0.002332
0.173019
0.001384
0.023778
0.000003
0.178769
0.001077
0.147933
0.002603
0.178185
0.000281
0.217091
0.002826
0.057797
0.000325
0.090967
0.002182
0.186913
0.003942
0.130943
0.007539
0.068321
0.000449
0.051158
0.005595
0.080851
0.000845
0.055226
0.001569
0.059531
