0.000000
0.044204
0.098998
0.000039
0.010745
0.000101
0.041502
0.166589
0.029063
0.166892
0.053042
0.052952
0.000000
0.000133
0.000000
0.000076
0.000000
0.000078
0.000000
0.000108
0.000000
0.000665
0.000001
0.000001
0.000001
0.000000
0.000000
0.001081
0.000001
0.035543
0.210241
0.030873
0.122590
0.000037
0.016305
0.013406
0.099021
0.013101
0.028685
0.000009
0.154218
0.021675
0.058988
0.032307
0.112910
0.009757
0.035655
0.000090
0.129881
0.010000
0.188881
0.005762
0.179282
0.000038
0.015248
0.000181
0.088900
0.014906
0.176302
0.000107
0.004424
0.000022
0.033294
0.004459
0.065689
0.013896
0.054143
0.000028
0.108321
0.000029
0.025810
0.012342
0.067554
0.013872
0.076561
0.000117
0.100937
0.036421
0.031781
0.079553
0.009274
