0.106435
0.020849
0.441562
0.018695
0.231777
0.010152
0.334049
0.011566
0.080922
0.032868
526.999309
0.000179
32.052094
0.000247
116.527308
0.000323
50.826261
0.000323
6.559673
0.000000
160.711981
0.000229
40.796803
0.000240
676.241177
0.000331
0.770931
0.000221
7.216547
0.000468
0.577209
0.000363
0.788354
0.000214
2.920767
0.000275
0.580861
0.000225
4.839101
0.000202
9.129886
0.000448
0.573124
0.000324
4.322405
0.000397
44.739077
0.000261
4.667064
0.000290
28.705006
0.000328
0.564491
0.000239
140.754686
0.000343
50.065056
0.000226
194.353486
