0.000000
0.002602
0.075274
0.080458
0.049078
0.000075
0.225920
0.003931
0.013480
0.000638
0.347989
0.003840
0.180026
0.000431
0.010991
0.013586
0.000000
0.010307
0.012656
0.006465
0.232386
0.000149
0.009299
0.005950
0.015296
0.003235
0.373867
0.001357
0.015017
0.012715
0.022645
0.002769
0.255803
0.010855
0.019051
0.000731
0.043111
0.000362
0.027750
0.003756
0.022538
0.002254
0.217001
0.000795
0.157308
0.001783
0.012115
0.000389
0.199006
0.000666
0.012529
0.001716
0.352518
0.002719
0.202491
0.003166
0.014658
0.000982
0.115478
0.013238
0.114283
0.009172
0.087678
