0.000000
0.002549
0.075488
0.080518
0.049061
0.000073
0.225902
0.003974
0.013544
0.000573
0.348054
0.003801
0.180071
0.000357
0.011035
0.013636
0.000000
0.010344
0.012656
0.006424
0.232388
0.000151
0.009302
0.005975
0.015305
0.003213
0.373882
0.001306
0.015031
0.012757
0.022648
0.002752
0.255796
0.010833
0.019074
0.000714
0.043134
0.000325
0.027773
0.003778
0.022568
0.002208
0.217027
0.000813
0.157329
0.001798
0.012149
0.000352
0.199040
0.000627
0.012563
0.001757
0.352532
0.002736
0.202523
0.003173
0.014699
0.000950
0.115517
0.013208
0.114342
0.009164
0.087678
