0.208597
0.003680
0.331185
0.002645
0.409141
0.002840
0.355355
0.012276
0.278052
0.039811
0.273665
0.009429
0.413507
0.014267
0.105806
0.013268
0.365094
0.010065
0.106237
0.005939
0.421530
0.002180
0.414922
0.000294
0.578245
0.000630
0.394812
0.000844
0.154910
0.001076
0.386410
0.001442
0.130226
0.001316
0.362377
0.000249
1.681912
0.000108
0.342352
0.000098
0.365504
0.000045
0.361600
0.000022
0.370593
0.000046
0.328558
0.000067
0.357022
0.000022
0.388792
0.000000
0.654808
0.000024
0.341626
0.000047
0.276403
0.000000
50.303682
