0.210352
0.003438
0.331680
0.002287
0.411387
0.002785
0.352890
0.011946
0.278348
0.039078
0.272350
0.009932
0.413189
0.013582
0.107398
0.012083
0.370027
0.008534
0.108396
0.004867
0.427859
0.002063
0.420157
0.000355
0.565994
0.000644
0.386626
0.000527
0.178765
0.000671
0.387884
0.001174
0.131949
0.001189
0.363105
0.000279
1.681948
0.000149
0.345125
0.000139
0.383555
0.000071
0.385828
0.000052
0.355325
0.000058
0.294013
0.000055
0.323453
0.000034
0.415986
0.000018
0.648590
0.000026
0.340930
0.000112
0.114045
0.000065
0.661682
0.000025
0.385420
0.000020
0.355374
0.000006
0.224120
0.000031
0.355978
0.000014
0.408243
0.000023
0.373365
0.000016
0.351535
0.000019
1.027085
0.000009
0.358131
0.000000
0.344356
0.000011
1.063659
0.000007
44.559663
