0.088712
0.156206
0.098783
0.180625
0.110946
0.170967
0.097893
0.158645
0.091776
0.144534
0.076459
0.101052
0.060512
0.130283
0.081599
0.133612
0.065886
0.072808
0.055617
0.219251
0.000003
0.001688
0.000000
0.000000
0.000000
0.000000
0.000000
0.000000
0.000000
0.000000
0.000000
0.000000
0.000001
0.000034
0.000001
0.000001
0.000002
0.000000
0.000000
0.002668
0.000009
0.121987
0.040633
0.116737
0.068003
0.075962
0.032376
0.097749
0.049872
0.065595
0.093604
0.093227
0.043124
0.050800
0.048107
0.091697
0.036742
0.056644
0.231017
0.045618
0.131722
0.028495
0.194598
0.044583
0.036230
0.138585
0.048970
0.022236
1.629934
0.039042
0.035201
