3.733645657452150601e+01
4.655074401963870656e+01
1.150539218493735660e+02
1.988269538011275017e+02
1.564045684309659512e+00
1.089199557016700197e+02
1.057043225422163459e+02
4.717814529024715142e+01
5.394403783790000517e+01
1.420555886996457673e+02
3.865857097898970096e+01
0.000000000000000000e+00
1.000000000000000021e-03
9.047615561227240732e+01
9.722870985409332434e+01
6.359757854257047427e+01
4.584640212584514529e+01
1.528522059085818796e+02
8.951878071814027749e+01
1.636754213647377654e+01
9.504533768608141031e+01
7.973909343964902519e+01
2.320316368792769168e+01
1.590414979423053126e+02
9.981208579206358422e+01
7.831121728848452790e+01
3.816253686327723926e+01
1.179039698775773104e+02
4.044565626647213463e+01
1.456618435901794726e+02
1.096013814960655850e+02
2.839427401470604764e+02
