4.544927179261939898e+01
3.640397677937666998e+01
1.161691400540344290e+02
3.108146853488767078e+02
1.095761122622849939e+02
4.913939840317443242e+01
4.844174540301624887e+01
1.487968500223109061e+02
3.485819023907374969e+01
0.000000000000000000e+00
1.000000000000000021e-03
9.155209229999131537e+01
1.112512274932329746e+02
5.418185654032781429e+01
2.834482855569814674e+01
1.738559964910883764e+02
1.015094894123103018e+02
2.329634445422119526e+01
9.069461754743690562e+01
2.443189783455472650e+02
1.122463369041273893e+02
9.459843780834742688e+01
4.573725249461557496e+01
1.350486718113484699e+02
3.306797383821442793e+01
9.302791556536989503e+01
1.084840297301709029e+02
1.856352101698713284e+02
1.424637177099172591e+00
1.091093187997194178e+02
1.045097355774716874e+02
