3.730915550822228965e+01
4.659481218218324017e+01
1.150215033843575014e+02
1.993485397467045459e+02
1.570758436906250388e+00
1.084550692240719201e+02
1.054597684401735336e+02
4.747136422810915946e+01
5.385003500138010679e+01
1.417681996544591527e+02
3.904130833184240146e+01
0.000000000000000000e+00
1.000000000000000021e-03
9.017458069227262740e+01
9.687205247787021278e+01
6.416187234950221807e+01
4.597727860274149947e+01
1.522457694218517759e+02
8.889248165361186693e+01
1.778672417911790049e+01
9.329936845026544745e+01
8.143562419772462135e+01
2.368675433039690503e+01
1.574406726600670083e+02
9.949871306817098571e+01
7.943253891357734631e+01
3.589121897112629256e+01
1.234000502918357256e+02
3.913616031646924398e+01
1.463851941932722980e+02
1.098689655500782294e+02
2.835427286523117800e+02
