0.107184
0.019994
0.439986
0.019256
0.233917
0.010021
0.336363
0.012614
0.074365
0.034622
198.696314
0.000248
109.434386
0.000157
32.492620
0.000306
1.040791
0.000409
1.065657
0.000305
0.781663
0.000425
0.765604
0.000000
1.093719
0.000267
10.038788
0.000432
1.556349
0.000285
1.100319
0.000514
0.793681
0.000491
1.868563
0.000539
0.801828
0.000542
1.105091
0.000565
0.522556
0.000415
0.555556
0.000298
0.483646
0.000479
0.364629
0.000295
0.753474
0.000537
1.086578
0.000307
0.843581
0.000445
0.754078
0.000358
0.816145
0.000305
1.099567
0.000348
5.508962
0.000316
2.722143
0.000365
1.558721
0.000267
0.412111
0.000461
1.160708
0.000334
1.081083
0.000366
0.487915
0.000354
0.394571
0.000401
0.764756
0.000280
0.386261
0.000218
0.419908
0.000427
20.531640
