0.107396
0.020318
0.440143
0.019066
0.233692
0.010084
0.335403
0.012259
0.076112
0.034204
198.710864
0.000242
109.418220
0.000167
32.500259
0.000343
1.039712
0.000318
1.846863
0.000413
11.895722
0.000429
1.558301
0.000309
1.100097
0.000488
0.796873
0.000483
1.864671
0.000441
0.806838
0.000504
1.098044
0.000522
0.525748
0.000346
0.567633
0.000326
0.468086
0.000352
1.121514
0.000435
1.087168
0.000408
0.832437
0.000399
1.583224
0.000354
1.086900
0.000303
5.522802
0.000348
2.716531
0.000378
1.971708
0.000405
1.168177
0.000308
1.550609
0.000000
1.176324
0.000383
0.408318
0.000274
0.398089
0.000282
20.531640
