0.118573
0.019974
0.429767
0.020796
0.258023
0.014170
0.378516
0.015789
0.038011
0.018173
0.496259
0.006646
0.401469
0.004184
0.405061
0.010828
0.094151
0.016571
0.097472
0.010664
0.414951
0.001776
0.723870
0.003978
0.140314
0.004667
0.150828
0.001230
0.548970
0.000293
0.460844
0.000456
0.437143
0.000519
0.427665
0.000365
0.464270
0.000298
0.157626
0.000253
0.979541
0.000088
0.403851
0.000094
0.399186
0.000030
0.243576
0.000031
0.395126
0.000037
0.654536
0.000028
0.680897
0.000027
0.364556
0.000000
0.324050
0.000019
0.408857
0.000017
121.629813
0.000005
0.874768
0.000001
0.487969
0.000003
3.404332
0.000000
27.320963
