0.118619
0.019978
0.429781
0.020794
0.257926
0.014177
0.378497
0.015780
0.038045
0.018189
0.496302
0.006649
0.401478
0.004178
0.405154
0.010807
0.094227
0.016511
0.097535
0.010616
0.415048
0.001762
0.723857
0.003965
0.140318
0.004651
0.150863
0.001227
0.548996
0.000289
0.460976
0.000452
0.437036
0.000523
0.427419
0.000370
0.464457
0.000301
0.157798
0.000257
0.691492
0.000013
0.288157
0.000089
0.403761
0.000101
0.399250
0.000028
0.243655
0.000039
0.395161
0.000040
0.308062
0.000008
0.346569
0.000029
0.333816
0.000015
0.347179
0.000030
0.364583
0.000016
0.324101
0.000020
0.056123
0.000011
0.352750
0.000015
1.309356
0.000000
1.075543
0.000004
119.244919
0.000003
0.874769
0.000002
0.487966
0.000003
3.404332
0.000000
27.320963
