0.086671
0.148503
0.091666
0.158708
0.130030
0.163332
0.088757
0.152491
0.084988
0.137918
0.066441
0.085936
0.070516
0.124439
0.078883
0.093686
0.015295
0.136707
0.078860
0.059199
0.064958
0.100833
0.085551
0.127555
0.010902
0.080485
0.160677
0.126070
0.000000
0.000000
0.000000
0.000000
0.000000
0.000000
0.000000
0.000000
0.000000
0.112062
0.068411
0.081881
0.026743
0.071806
0.043858
0.020195
0.136479
0.096674
0.061377
0.028513
0.085585
0.073343
0.047988
0.055047
0.148873
0.059935
0.447945
0.080789
0.039524
0.037027
0.209789
0.037091
0.640355
0.061244
0.032555
