0.000000
0.112295
0.049615
0.002221
0.004023
0.003368
0.100348
0.000006
0.000000
0.000000
0.041811
0.002132
0.034721
0.006084
0.102048
0.000934
0.046460
0.005360
0.027466
0.003591
0.180609
0.001666
0.148230
0.068518
0.137276
0.000006
0.002622
0.000006
0.000095
0.026722
0.178679
0.004162
0.244893
0.006335
0.124805
0.006958
0.096490
0.000027
0.001910
0.000024
0.003623
0.000023
0.014198
0.003989
0.018547
0.001912
0.116909
0.000222
0.021417
0.000493
0.003141
0.000645
0.085352
0.003183
0.116551
0.004024
0.093693
0.000095
0.004132
0.000012
0.101394
0.001303
0.030990
0.000000
0.109158
0.001478
0.050393
0.028781
0.032792
0.070220
0.011470
