0.000000
0.113526
0.201514
0.001125
0.031256
0.000604
0.372066
0.007374
0.145766
0.069878
0.138641
0.023914
0.188999
0.005417
0.029476
0.002031
0.033371
0.002963
0.188789
0.003407
0.102486
0.011185
0.104115
0.000005
0.008895
0.000008
0.000935
0.000000
0.001714
0.000010
0.000072
0.006398
0.162225
0.002236
0.086467
0.007149
0.126017
0.000801
0.095586
0.001470
0.111454
0.000118
0.014863
0.002357
0.039355
0.002784
0.171821
0.001129
0.044610
0.000947
0.033801
0.002992
0.151702
0.003142
0.038311
0.001815
0.179230
0.007700
0.058410
0.010451
0.122017
0.000092
0.055774
0.030329
0.030871
0.074620
0.009476
