0.000000
0.140884
0.045357
0.021877
0.136486
0.000849
0.005821
0.000030
0.001597
0.000031
0.021711
0.053146
0.132275
0.003355
0.084398
0.000707
0.142312
0.006038
0.064124
0.053374
0.154506
0.038756
0.016121
0.000142
0.121550
0.000001
0.035962
0.023660
0.044394
0.000165
0.000838
0.000164
0.031683
0.005860
0.076716
0.000239
0.094931
0.000013
0.003880
0.000254
0.010855
0.001606
0.101913
0.024639
0.061654
0.041557
0.065957
0.000000
0.111090
0.020220
0.142752
0.000133
0.000662
0.000141
0.042921
0.029989
0.040537
0.038861
0.000000
0.000000
0.070519
0.000060
0.018217
0.000271
0.074729
0.000007
0.000000
0.000009
0.000000
0.052343
0.017983
