0.000000
0.003099
0.109664
0.025443
0.181860
0.000000
0.003637
0.000856
0.226169
0.025698
0.267003
0.008925
0.016143
0.000043
0.396466
0.018299
0.051320
0.000024
0.045618
0.000177
0.177774
0.007494
0.022720
0.000613
0.010291
0.000310
0.122471
0.000378
0.009525
0.000273
0.001329
0.000667
0.035517
0.002473
0.365271
0.000504
0.031546
0.001527
0.125787
0.000251
0.185801
0.000843
0.029130
0.000159
0.020374
0.000296
0.098089
0.000331
0.002428
0.000109
0.018464
0.002828
0.144710
0.000702
0.006557
0.000237
0.024002
0.001078
0.086694
