0.120406
0.165448
0.116634
0.135856
0.106443
0.150812
0.122161
0.150118
0.111171
0.130361
0.109648
0.154111
0.122172
0.146003
0.115113
0.096488
0.043727
0.087662
0.033938
0.033007
0.000000
0.000000
0.075829
0.104011
0.045059
0.048208
0.051297
0.088069
0.013454
0.078025
0.056532
0.015270
0.045579
0.090096
0.050872
0.105885
0.104854
0.147636
0.074093
0.101501
0.075012
0.098190
0.055884
0.006188
0.053120
0.111690
0.074464
0.108340
0.063307
0.115344
0.068288
0.089462
0.038327
0.085975
0.066057
0.103374
0.064423
0.104821
0.091918
0.104676
0.066462
0.098113
0.052399
