0.120197
0.166552
0.110550
0.140571
0.110811
0.129897
0.125582
0.148562
0.113971
0.122404
0.105751
0.155660
0.124444
0.133523
0.131757
0.089248
0.045081
0.089837
0.124684
0.119821
0.048556
0.025373
0.053097
0.085781
0.029924
0.072344
0.051084
0.031224
0.033772
0.075284
0.046473
0.097743
0.127081
0.123642
0.071692
0.097792
0.062875
0.131737
0.116707
0.102809
0.069239
0.109110
0.064270
0.114192
0.069309
0.106136
0.042603
0.064201
0.080998
0.000000
0.115712
0.156069
0.063373
0.109573
0.066068
0.103813
0.060884
