0.000000
0.140869
0.045459
0.021893
0.136556
0.000443
0.029211
0.053071
0.132426
0.003038
0.084528
0.000398
0.142446
0.006094
0.064228
0.053474
0.154647
0.038857
0.133150
0.000000
0.004747
0.000001
0.036086
0.023610
0.044445
0.000000
0.000889
0.000002
0.031734
0.006144
0.076650
0.000151
0.098741
0.000115
0.010790
0.001537
0.101832
0.024583
0.061563
0.041620
0.177147
0.020410
0.142838
0.000083
0.000748
0.000086
0.043008
0.030196
0.040458
0.038738
0.070533
0.000013
0.018232
0.000142
0.074743
0.052148
0.017998
