4.824423986446353751e+01
1.157687258051459338e+02
4.351718241684277899e+01
1.745091354343139756e+02
1.000000000000000021e-03
1.890515633871734735e+02
6.878476279124753034e+01
1.271144752842679821e+02
8.707493459014605364e+00
2.615108332463702254e+02
1.309901642379463738e+01
4.284622455436506243e+02
1.223595267706745204e+01
3.104239905099053090e+02
1.479823578462565870e+01
1.638448907535617707e+02
4.310548479743875561e+00
3.474394934238264909e+02
2.317344198126589205e+00
3.538584396368449347e+02
8.426911350369923781e+00
3.190242442166808132e+02
1.159206222699805444e+00
4.633410456352101505e+02
5.105922932930790026e+00
4.215478339795151328e+02
2.537416428437551108e+00
3.356065598663536775e+02
6.492117907932491327e+00
1.114147188766955026e+02
5.448864421370120503e+00
4.005453308385647233e+02
2.679964018642509771e+00
6.062775735209041841e+02
1.118547284125322783e+01
1.004721388881637409e+02
2.315728641718709468e+01
9.093238825110621804e+01
1.419210767683865271e+01
3.727046286772110193e+02
4.061598768040991736e+00
3.796651946915073950e+02
8.910511240818788536e+00
1.133931092681370103e+02
1.115333642440109507e+01
1.167104991777469394e+02
4.455535517150621239e+00
