3.285290357524996239e+02
7.753485193183279023e+01
1.291458487289475840e+02
1.156049845846709623e+01
1.544983521153179993e+02
7.174142112374114788e+01
6.840385158712166458e+01
4.515046421420431244e+01
2.168326215451149892e+02
2.248004921318591443e+01
4.069366488555718320e+02
2.616465130002356787e+01
4.926084054236978886e+02
1.465166944859328524e+01
2.775162878498085206e+02
9.378446019277136614e+00
4.189071127827557461e+02
3.874333068841111061e+00
4.384556130791661417e+02
1.392570275501018751e+00
3.505944997701086550e+02
2.236257146443432209e+00
4.241623342927572367e+02
2.239529246132483831e+00
4.747849569082452490e+02
8.883021377075220881e-01
4.823804799493396445e+02
1.423595530862149294e+00
1.391628886127466842e+02
4.237957275221301501e+00
1.307800932393460016e+02
3.045091819387445664e+00
3.962718339292014775e+02
1.278240163920379757e+00
4.568436356039399584e+02
7.106334535225475868e-01
4.563763050144854105e+02
1.038810152441426160e-01
3.812999361712036261e+02
1.189565156708532884e-01
4.801224871118283204e+02
2.039814147261772570e-01
3.917861013207196947e+02
7.497215744452736530e-01
1.444743922217103318e+02
9.598739183781961337e-01
4.184398173121285822e+02
1.789558899544655690e-01
3.869692234270061135e+02
2.297454566465074732e-01
3.888116489329314618e+02
8.592219446335837285e-02
3.796400909932762602e+02
1.717809950649553108e-01
3.780070892620691438e+02
5.061678494734033196e-01
1.381090964623615207e+02
5.476756846447885518e-01
3.958227307325910260e+02
1.092336496861216061e-01
4.095853824272737143e+02
1.187935466849361632e-01
1.284337903031602082e+02
2.527130675337776675e-02
9.645901102303807875e+02
5.154065755288252115e-02
4.486134685224807868e+02
3.049587707850548793e-02
3.598612732263301268e+02
3.251601782677451119e-02
4.482434262827082421e+02
3.369355776801864072e-02
6.299592961549939218e+02
1.208760845122254339e-02
1.620910905352689042e+02
2.834045346314586003e-02
1.924630706943246878e+03
1.000000000000000021e-03
1.012963529970129457e+02
