3.766802180999630991e+02
2.027993956568423783e+01
1.420998065271452901e+02
9.716011929704026784e+01
5.274114778977951801e+01
4.101653660972397830e+01
1.255331454245590095e+02
4.811160517693679850e+01
1.870126195519845851e+02
1.458388288923858589e+01
2.604695166008700653e+02
1.009731455494551966e+01
1.394342596988748255e+02
2.737548322827175085e+01
4.779430935948916499e+02
1.520620560547923361e+01
2.804693816997680074e+02
1.297910105033121475e+01
4.254444486107005332e+02
3.488596778255813824e+00
4.670028096872875949e+02
1.272564238430173189e+00
3.121238485959914328e+02
1.828822524952406381e+00
4.929397880293446974e+02
1.945622261685271859e+00
1.679879367816538718e+02
2.627101116924832613e+00
6.939176178813016804e+02
7.973095348461299858e-01
1.462200580612425540e+02
1.375819610267244641e+00
3.634874722179503692e+02
4.179877502484098395e-01
4.447395252366896443e+02
1.034216569035560029e+00
4.708319805599138590e+02
5.850346147734927227e-01
3.944421123855416909e+02
1.742393208233058710e-01
4.323516002792293307e+02
4.436737933706403902e-01
4.161823635062737026e+02
1.016990108844071150e+00
1.388502704822632552e+02
1.468691435372965204e+00
1.589851930315872153e+02
4.367865111317840721e-01
5.949437543611099954e+02
2.853568454394984077e-01
4.081550319621506446e+02
2.016328000055873648e-01
3.989902220132605066e+02
1.085477247390967737e+00
1.344696072314779087e+02
1.146735396429941378e+00
4.026099460210329539e+02
7.096001218943929212e-01
4.054792527313496180e+02
8.001345718071959379e-01
3.891899781386788391e+02
3.321241108374025863e+00
1.252734127765579615e+02
3.917972960718197672e+00
3.908623405919877882e+02
4.524051066588651970e+00
1.271997118833361782e+02
4.250517655862684485e+00
4.218010831767621198e+02
4.327148073175679954e+00
1.364533623695266158e+02
8.321577974096875607e+00
1.280396785626238909e+02
6.468339697145236933e+00
1.196827581109370300e+02
1.000000000000000021e-03
2.792597689255197793e+02
7.366182512619835698e+00
1.231577873061199710e+02
8.751164421710075914e+00
1.610948455381430904e+02
3.702539863874580561e+00
1.766900368779900248e+02
8.260216734704489028e+00
1.214254234925755895e+02
1.044411662012514874e+01
1.196764776875527332e+02
5.107211646288411622e+00
3.720156574880111862e+02
3.576467044409584517e+00
1.106631960917320470e+02
8.029494340036400502e+00
1.098449127974366633e+02
1.007392092784123783e+01
1.149875228260480498e+02
7.658332086457468435e+00
1.250741605921253523e+02
3.390889918561510008e+00
1.349464782137306145e+02
6.965756055643369526e-01
1.499902514161817635e+00
