2.453376968123188462e+01
1.519119875301458364e+02
6.971755081729573078e+01
3.342529957539679231e+02
6.259537075099033387e+01
1.140211770788995125e+02
2.799794333739966135e+01
5.069379336179193274e+02
3.981785395486894252e+00
1.840297537190047876e+02
1.127920512498459082e+01
5.446619954104381804e+02
1.211067989362306285e+01
3.828409879741761301e+02
3.539846222017298594e+00
2.447574158284856196e+02
4.862939149009513073e+00
5.428127438541599759e+02
4.884745430563748769e+00
5.151672647257224753e+02
3.034648359531822770e+00
1.784171980802002793e+02
2.743492151549778324e+00
6.153755714437896813e+02
1.378133180710917394e+00
2.192244385241802433e+02
1.595336736858240512e+00
3.534640894288105528e+02
1.000000000000000021e-03
4.881170758778812342e+02
7.820177639197114505e-01
9.740226767401529287e+03
