6.224988352019622084e+01
5.097992702204181370e+01
4.924759181464749247e+01
1.711654477862861370e+02
7.552324064120124092e+01
6.502016360587334987e+01
5.860996321919357399e+01
3.542352829303496833e+02
4.259376842937305341e+00
2.759044972810891068e+02
2.804422369515890523e+01
5.181886665291856389e+02
1.422807373351387916e+01
3.477838539918475362e+02
2.940866002595108775e+00
3.110758025983612356e+02
7.093187598759467249e+00
4.500361603230629726e+02
1.899323511316582058e+00
5.463150012114427909e+02
2.682812109775809084e+00
2.298469163611252952e+02
3.616136795332160592e+00
2.887101482010344284e+02
1.225097203363520126e+00
5.656192132823221073e+02
1.926390424468765517e+00
3.535782968869229990e+02
4.773555567729049764e-01
4.266595664790591513e+02
1.050995136168549449e+00
4.677164420695919489e+02
1.254785627317573038e+00
3.594812962035015289e+02
7.202141057887675446e-01
5.077961405038029170e+02
5.312725985671229445e-01
3.331500059584660676e+02
7.722000000913681328e-01
4.372437788245353545e+02
8.531864999911821512e-02
4.326974765815048727e+02
4.156898995542530062e-01
3.670598015951471211e+02
1.904644300122828038e-01
3.055001508161437869e+02
8.303399283852659629e-02
5.579806358126049872e+02
3.292900232377728442e-01
3.361420597213649444e+02
4.104405724316954190e-02
2.598571859493131910e+02
1.231992544567356157e-01
2.902062999583927194e+02
1.226487436919318913e-01
5.816283217662322613e+02
1.062327194103866723e-01
3.780952043271718708e+02
1.078957072521730953e-01
5.294798150259384784e+02
5.859196757754936424e-02
3.435783826750051162e+02
1.063841246407231517e-01
5.671255135768651598e+02
5.802676860991094060e-02
3.162366723006315397e+02
3.092559753508951348e-02
5.865010606300802465e+02
4.315375133355413978e-02
3.581866089804262856e+02
2.579221964748973014e-02
5.422725143885215857e+02
2.207490922950832227e-02
3.257396831614506709e+02
2.872865331117459634e-02
3.255565649948717919e+02
1.436960849651010286e-02
5.428787875747547105e+02
2.173727581214643378e-02
3.296121616497353557e+02
1.675982115792057359e-02
8.935176955775098122e+02
6.323825586248989390e-03
3.114130549991431280e+02
1.151603230180967517e-02
3.270258445984413811e+02
8.006635133921340824e-03
2.391698644352127587e+02
1.000000000000000021e-03
2.415857216517309780e+00
