1.129537042985745217e+02
6.842227824407939352e+01
4.241540076832671247e+01
1.060288736749795930e+02
5.676418294836558687e+01
9.788366748921377791e+01
3.876948031228749869e+01
2.274004603650056708e+02
3.288263762068509521e+01
1.088264857571290634e+02
2.340146541074177478e+01
4.897226332805304310e+02
2.116491842436280280e+01
2.695042270040851804e+02
3.600056263481994367e+00
2.349283658600240301e+02
1.232706787678941573e+01
4.585992009563277634e+02
1.000000000000000021e-03
2.158113886853307122e+02
6.036557085681057977e+00
3.715537927360755361e+02
7.796171672522570262e+00
1.123695078384357373e+02
9.663318827911638209e+00
3.715070992496030158e+02
9.857940963520727129e-01
3.573459895327818572e+02
3.802091110980112099e+00
4.004177127350606611e+02
2.709519232775178921e+00
3.823876606716393667e+02
7.770789004477897777e+00
1.145739220599536594e+02
6.791270420188472379e+00
3.989252363286885839e+02
2.366070506605546964e+00
6.120601456513689982e+02
7.156496475144300540e-01
1.724045845046180148e+02
1.732306655423695663e+00
1.804827744759370773e+02
2.014257247447679422e+00
3.984190533719253153e+02
7.944402286735516405e+00
1.226226456650053080e+02
9.746417809353831174e+00
1.770672916221221271e+02
1.183444533475512905e+01
9.797373056361584531e+01
3.526362368866877972e+01
6.712884217496697659e+01
2.747185826051111945e+01
3.254555277982370285e+02
2.318378289186884444e+01
7.732412927886900889e+01
2.039024266510011429e+01
2.792412686661443786e+02
1.423880373416149148e+01
5.445212115182237511e+01
3.996447460391231488e+01
4.745216493911612332e+01
3.510805969735922361e+01
7.979210830997062942e+01
1.036685402361981367e+01
2.741771189924538703e+02
9.424372421995910187e-01
3.844043602535906530e+02
9.054334524344913149e+00
9.808060816578030483e+01
2.533960474887711811e+01
6.879289124430327718e+01
3.713904624649985919e+01
6.166253118070326167e+01
2.962083018551605917e+01
7.972259787278622412e+01
1.397449097782648231e+01
1.027544156449651922e+02
3.368673364243397028e+00
3.352965977270509939e+02
3.569297783603195967e-02
1.623325001603932094e+01
