1.002785586666738936e+03
2.260197180372544423e+01
2.310966750744298963e+02
5.282316598513872918e+01
6.519571184742420655e+01
9.136301949608504458e+01
4.933288171255009047e+01
5.921700135334054949e+01
1.565023880964168370e+02
3.706110984012673981e+01
6.555679127065941429e+02
1.072360141990734128e+01
7.886059664822394097e+02
7.826739764172863545e+00
6.735274215082362161e+02
6.441071597247012726e+00
7.714764963367300652e+02
4.783737187131954727e+00
2.075603943296676164e+02
3.487826301408056384e+00
3.486479443408822476e+02
1.285278820322639737e+00
4.799054764626600331e+02
2.165736188387283878e+00
3.009046484446943168e+02
2.650234383287365603e+00
5.604889031331889555e+02
1.138317226220655565e+00
1.973238865649411764e+02
2.195971493118786366e+00
3.389136202635230575e+02
1.269380693020184747e+00
5.100335464373331433e+02
1.150731315321157577e+00
5.342138921508784506e+02
9.043056193022901423e-01
3.030024825490394278e+02
9.045993582797525745e-01
7.971373339982836796e+02
1.362210065759459576e+00
7.913027538282792648e+02
5.813061731667713561e-01
1.691218799703091463e+03
1.000000000000000021e-03
8.257127080903330352e+03
