2.145111727465051032e+01
4.639256967612428184e+01
8.221013934517206678e+01
7.338193710521152013e+01
3.429842123907376958e+02
5.373761990231564312e+01
1.804832237985529559e+02
1.362965823477066962e+01
4.542643703050893578e+02
1.423679998884261622e+01
2.239818711829265681e+02
7.012545627641543211e-01
1.692717116375519879e+02
1.937583372916097701e+01
6.382301956396602094e+01
3.206887334601369588e+01
8.751302232564747783e+02
5.016015942464560062e+00
2.595649261400465662e+02
2.633056155005592647e+00
3.058377753134099066e+02
1.177265718362287439e+00
2.375827230338988443e+02
2.823808764671178917e+00
4.070073292667672717e+02
2.146469694818258844e+01
4.253232839645024654e+01
9.468624142222294893e+01
1.791051676447724716e+01
3.569879207514274100e+01
2.817373949621540987e+02
3.777641464378435643e+01
3.921631175217198972e+01
3.391243888777524518e+01
2.514005776023922678e+01
1.318338521734946234e+01
2.617543198203919701e+02
1.760118750456188152e+01
1.229527495538681592e+01
1.346434464845122081e+00
2.109098130036401386e+01
4.142608111946901772e+01
4.068035654814840285e+01
3.025459308354816557e+01
2.933425579529776996e+02
2.885960818822721663e+01
3.068617544659230845e+01
1.251178312231289738e+02
9.268002222935063372e+00
6.345970355660222495e+00
9.845155706219500757e+00
4.293033827193727348e+01
5.669749129413268918e+01
2.712138108880349208e+01
7.450831544737765455e+01
5.160315500401129185e+00
1.911284287024508544e+01
4.087403772738759322e+00
1.281792648059492734e+01
1.000000000000000021e-03
2.488185728586073964e+01
4.339054006145967257e+00
1.073330602992569283e+02
2.013391656934163443e+00
1.013277383107296981e+00
