1.564805776316274546e+02
5.289745463251127688e+01
1.335669661694896604e+02
6.168336554528574567e+01
1.007444309604895665e+02
3.203539749888559385e+01
4.277802984800579793e+02
4.045241505045462560e+01
8.984302659202321593e+02
5.087076785637479226e+00
2.981655878478036925e+02
1.495496152792959244e+01
2.885841872735732636e+02
2.477315445619373779e+00
5.862776125743707780e+02
7.136009920058905109e+00
5.343917341150420270e+02
5.745389315131208541e+00
5.375980774563238356e+02
1.000000000000000021e-03
8.422369880149073651e+03
