5.556472968685332603e+01
8.883239848268821959e+01
5.583139001131995371e+01
3.511827371799562343e+02
6.663881429508026599e+01
1.847772000181657575e+02
3.370477143299777989e+00
2.110809504495624935e+02
1.507517634568949916e+01
4.382456726617032814e+02
1.012880953266882678e+01
3.024929964279349974e+02
1.324467321860629099e+01
2.302087545828622979e+02
1.000000000000000021e-03
6.552095322743003862e+02
8.916749714830924489e+00
7.930658143361658858e+02
3.782501649148891865e+00
4.667400248693021467e+02
2.945030913152005603e+00
8.388789460346271198e+02
1.329364936674814590e+00
3.247450467049731060e+02
