2.373792263283285138e+02
3.590444324341260085e+01
3.710161744619291539e+02
5.070883527630711285e+01
1.210020201627145013e+02
6.327831193850872182e+01
1.505935416530786881e+02
8.758241262088423795e+00
4.769402443907376323e+02
1.750751211214866387e+01
3.264694004105178351e+02
4.994917846042165266e+00
4.698749287726491843e+02
1.574318092457642759e+00
3.770833804035559638e+02
1.336056609722945687e+01
2.959083208618508252e+02
3.873845103549153457e+00
1.180860899581093463e+03
4.394140076562622177e+00
8.020627051942096841e+02
1.548942975398056587e+00
8.299571242297204208e+02
1.883498682524424650e+00
5.239454433704323719e+02
9.759138154055206904e-01
3.370145427749132523e+02
8.050984291226939149e-01
2.367142587231866173e+02
8.604985807247452767e-01
5.468622779655921704e+02
1.185164679414443256e+00
8.246185615968380489e+02
7.111812151947365379e-01
5.519278808889553147e+02
1.000000000000000021e-03
5.519278808889553147e+02
5.180604723147048674e-01
8.177868138309148662e+02
4.735662761384257236e-01
7.648357894122098514e+03
