2.371801395968829809e+02
3.421459121713282769e+01
3.642559836382253593e+02
6.137162718424212215e+01
1.241993791548525650e+02
6.367055650202392769e+01
1.104211397481331005e+02
1.611866259968108750e+01
4.916413387248481968e+02
1.443188223489697286e+01
3.333380454945823885e+02
2.833466196470516341e+00
5.191155908610513734e+02
7.118679656639004261e-01
3.408657927717018765e+02
1.482997022471279358e+01
3.258798534459533016e+02
3.278751405097653393e+00
4.705516886109274992e+02
6.502202555600162803e-01
3.836285375443041517e+02
3.194899039007681907e+00
2.957965041019870114e+02
3.798389906166721453e+00
4.494011109766825030e+02
1.512505518826947171e+00
3.673255050532433756e+02
3.924250376582167466e+00
3.941216356207382887e+02
6.643016706749363287e+00
1.158508059447391929e+02
8.262152748507782363e+00
3.828593811715325046e+02
5.784695813928006913e-01
3.997161037158539330e+02
2.113159366219443225e+00
3.669148355622572808e+02
2.399363491792273706e+00
1.547473407609563765e+02
1.800978580460645961e+00
6.120079630094635377e+02
1.908619106123646825e+00
1.509434276062731044e+02
7.776463618728578497e-01
6.516413617428534053e+02
1.173885001692498431e+00
3.815586291068926812e+02
1.294409613571176454e+00
1.401218385708285155e+02
1.495640880126037020e+00
6.004428621718124077e+02
6.947792311463689696e-01
4.122138531388560523e+02
1.784121690265898064e+00
1.258678324520175522e+02
2.126465956781924405e+00
3.964026196836566669e+02
5.165198204010910121e-01
3.945420221825337421e+02
6.958222256550042895e-01
3.886891886070164333e+02
7.356267728340771805e-01
1.373285256510791896e+02
6.341941468998746334e-01
6.104914115307277598e+02
2.176591995197914020e-01
4.237756299759130911e+02
1.189896962486950843e-01
3.815326983172149653e+02
2.863098733393510953e-01
3.941435136233349112e+02
4.815634322342756124e-01
1.340613892003337071e+02
4.591368387902740045e-01
6.324011886174016581e+02
1.371079175538289785e-01
4.044061516521552448e+02
4.860295414462522112e-01
1.274382164482674398e+02
5.152258564960927600e-01
3.932324070080493925e+02
1.606890634513504779e-01
3.901691854972874580e+02
1.475920336648897657e-01
3.895328286887361742e+02
1.084698751771031311e-01
3.976634261630064771e+02
1.360054305032068200e-01
3.890965990874202589e+02
3.050110938100186742e-01
1.316710630673871094e+02
2.779645916186394006e-01
3.885350138539090494e+02
7.422154168725929313e-02
3.814191735878859504e+02
1.000000000000000021e-03
2.762000912188139523e+02
2.695969790463468296e-01
1.311159748287102218e+02
6.044504995295669758e-01
1.315688668189541772e+02
5.127013064670836728e-01
1.340514408451049349e+02
1.712487748382461317e-01
2.107604249654995598e+01
