2.558066865698459935e+02
6.699281926078973015e+01
8.825419324612317951e+01
5.588873284753950799e+01
1.317942952695622694e+02
9.234511246441273968e+00
1.707838652172155776e+02
8.790170189747266249e+01
1.357243810488392342e+02
1.167325556405561571e+01
4.589289936035401070e+02
1.607039811908999027e+01
5.213835689629974013e+02
1.178959116588467104e+01
4.844671840660320754e+02
1.000000000000000021e-03
4.126942679081013807e+02
7.509793275373765731e+00
3.244107585136860621e+02
2.842323567480937285e+00
4.502931413444766235e+02
3.970487976663768848e+00
4.818134919580973587e+02
1.190741667889204880e+00
2.416125980602529921e+02
5.661838578735829408e-01
3.459616327373948934e+02
2.234183174894695867e+00
8.056901083179467378e+02
1.221008602593872894e+00
1.071477222479506963e+03
3.846339897133322916e-01
7.098396272773205965e+03
