1.413153879138643632e+01
1.579169183181794551e+02
9.529703380936825852e+01
8.848028152227126952e+01
6.069273452020895832e+01
4.531179009569194704e+01
8.986943810555104051e+01
6.395560370767130820e+01
7.110178352146260750e+01
6.551229057529144484e+02
1.288289842398007501e+01
2.935047410322527526e+02
7.445421502608475350e+00
4.879651893245798533e+02
7.755404175386283683e+00
3.767763599894434492e+02
8.935727502242741593e+00
2.911984112565707505e+02
2.088674627642097548e+00
5.057527783958284431e+02
3.946214389481940366e+00
4.778546253574329512e+02
2.146364909599197457e+00
8.327918175697690231e+02
2.737641011078440823e+00
8.058669873436186890e+02
1.637050062932007943e+00
4.025587668520319085e+02
1.000000000000000021e-03
4.025587668520319085e+02
5.744931788676019835e-01
1.085644079391020341e+03
3.456860836368350065e-01
8.300268358512538498e+02
3.367396011939733924e-01
8.077261813208814374e+02
2.908664523781757105e-01
6.907594636216063009e+02
