1.043406109200474248e+02
6.630216735261410577e+01
4.206638833283707868e+01
1.241873918364295974e+02
4.969663354951262590e+01
9.196158510445523859e+01
4.693692838819855240e+01
2.408927592748507038e+02
3.277031615383274499e+01
9.486340529249284259e+01
3.012272609030955905e+01
4.769092321279873090e+02
1.673523702956067893e+01
2.704376055611866150e+02
7.292818851767497002e+00
2.382116980848462049e+02
1.128690689666573910e+01
4.088056235364496729e+02
3.429003368566347909e+00
5.282369279192478189e+02
2.530196238387357965e+00
5.226037068936039987e+02
1.834889341044665168e+00
2.090489601700462856e+02
2.195531565786312811e+00
1.932426978283718029e+02
2.027811958848091844e+00
1.369807178383415760e+02
1.000000000000000021e-03
1.033363310008541589e+02
