1.680484504748662999e+01
6.348285695781930826e+01
6.514508290647563626e+01
6.674429679450206265e+01
9.678285640081253405e+01
4.386459283843416301e+01
1.067286247519514433e+02
2.133230241775447311e+01
7.225357201194307777e+01
1.423928963851744243e+02
3.215866454393614760e+01
1.950253938700084291e+02
1.046654413196087319e+01
1.342733648636501869e+02
1.872897879480590433e+01
3.622555075994243623e+01
1.801533459709925182e+02
9.849713645792749617e+01
3.048680907281114472e+01
7.192496924235933875e+01
4.194316390528026517e+01
7.877626414398937982e+01
3.824307175119211166e+01
2.006802004582260395e+02
1.401293531323772790e+01
7.179970048872765176e+01
4.723180869015570948e+01
5.869573086488027513e+01
2.951828333261601855e+01
3.433896190095296674e+02
6.976933042406185059e+00
3.282115571458185173e+02
1.433041505374398561e+01
7.962088014216932663e+01
1.590610125816396980e+01
3.033010145964479420e+02
2.445956766929035453e+01
6.692557133504611500e+01
2.600052428096865498e+01
2.954564612920832474e+02
3.412410987687822939e+01
5.188704567138729828e+01
3.512733020097832792e+01
2.660551187501600907e+02
1.708772058529665472e+01
2.431896972117264255e+01
1.544491513400581084e+02
2.143672148312710490e+01
6.789606942804816470e+01
2.525468965912141073e+01
4.754593157052340757e+01
6.132312874381981516e+01
9.707475302051422617e+00
1.848897612221605868e+02
1.858657608083903057e+01
3.131810036551011578e+01
9.838095404496809238e+01
1.852082916482353525e+01
1.983934147525175007e+01
3.946073418332314020e+01
9.063168323161496787e+00
1.353612148386245622e+02
1.847463970413869205e+01
5.129711719298715877e+01
8.416642685418625547e+01
2.401331433833824036e+01
4.187293671999096034e+01
1.006880701806829563e+02
1.033980033971962165e+01
6.123604900496371783e+01
1.000000000000000021e-03
1.042667861435868701e+02
1.591927795783406019e+01
1.053344223308578052e+02
1.517125561698358815e+01
1.239407843583985880e+02
4.018717370604801609e+00
2.210483841010808987e+02
2.433761487632602805e+00
1.319965793865679871e+02
2.310601813611415256e+00
1.281049670632244215e+02
6.199590292396375268e-01
5.890451568302874641e+00
