3.599919062825473759e+01
1.125187698274807957e+02
7.102002039636333564e+01
3.498930648384526307e+02
4.233190598554866568e+01
1.801764210533816879e+02
1.736781261854272884e+01
2.373977826873639003e+02
2.525672963076050603e+00
2.362972888540554663e+02
8.600836991135789589e-01
2.121004274019101672e+02
1.510210373683624319e+01
3.452273893729461065e+02
1.473055198947594313e+01
1.131231039496956896e+02
2.254909420139821208e+01
3.493538395517036861e+02
8.511239105930480164e+00
3.250557761138140336e+02
7.474260060045070375e+00
1.935981858160179740e+02
1.761234755831354359e+00
2.138309367457232213e+02
1.064658151450397661e+00
3.543804475639217344e+02
6.252145401340210462e+00
1.991005937561636756e+02
1.000000000000000021e-03
2.337267839746269829e+02
5.904602130365565138e+00
1.304980345844293197e+02
1.987241981517212963e+01
5.343960308318010277e+01
1.290178583322447423e+02
2.237256655032389219e+01
2.068267128869234739e+01
2.743992384395634758e+02
1.697696039859989980e+01
1.439762567312015129e+01
2.392350264590401210e+01
3.958288161476955480e+01
4.638542367600663852e+01
7.157579444663272739e+01
1.666118186798033562e+01
3.221455376656080727e+00
