2.008594770841129957e+02
5.668274736164720906e+01
1.290138817111774756e+02
3.439709211998879113e+01
1.120864492821944225e+02
8.941746183097903611e+01
3.071253938862814152e+02
9.531817122031444001e+01
6.658988557754341286e+01
1.207593850462937546e+01
4.719718477041849951e+02
1.081535537258673152e+01
2.964648260039302272e+02
1.756915195128339136e+01
2.737656246751433855e+02
1.235553662638349870e+01
3.152766772884240822e+02
5.489350837238466951e+00
2.719123410226476949e+02
1.154501074267603222e+01
3.080149180052188171e+02
8.615923024304327882e+00
5.425298122540280019e+02
8.202776429881602382e+00
1.048671609666646276e+02
1.190889748838551121e+01
3.188663477087862361e+02
3.346794589279454613e+00
5.442374919382026519e+02
4.845204101064615188e+00
3.378427876047870200e+02
4.401841566329690814e+00
3.986241262867563364e+02
3.249772398904756887e+00
1.295891883727721279e+02
3.629174923930645669e+00
3.580795990703592224e+02
2.966075423289883162e+00
3.593464684647033209e+02
1.687002140197648714e+00
4.891349527535877542e+02
4.729329438845534805e-01
3.380033392741977423e+02
1.960175035005538025e+00
3.694501609126774611e+02
1.354884388939071149e+00
3.874578950632630949e+02
3.295145941620380992e+00
1.159184359495062608e+02
3.471320081536056090e+00
6.260387053489545224e+02
3.357086277021454901e+00
1.204021736742731719e+02
4.310988158494618361e+00
3.622238595268854624e+02
3.092339623228656631e+00
3.257866709293172107e+02
1.434671873470725068e+01
7.161834527767717873e+01
3.168906080981339812e+01
6.733407303322638882e+01
2.096796858844099987e+01
3.333472816858744068e+02
1.295777615766224322e+01
9.914601361455666506e+01
9.240371055552559554e+00
2.616320862185623355e+02
5.089287231845278647e+00
1.081678766555305486e+02
7.896061064648153938e+00
1.121834081992047203e+02
1.000000000000000021e-03
2.496985537337137089e+02
9.708023102188965581e+00
1.082678850924590108e+02
8.977872926599442138e+00
3.728295112110885157e+02
6.345794116870889567e+00
1.163621993984442753e+02
6.768834985854979891e+00
1.202447697866498260e+02
2.299206415928197966e+00
