4.662847238435070807e+01
2.344932627100620337e+01
6.252705913039047658e+01
9.922659136191268203e+01
1.382164527417971271e+02
4.820288642259730949e+01
7.631802246998908856e+01
7.400728473456445045e+01
3.049396270164551197e+02
8.903948553540746502e+01
2.127473080943167076e+02
7.164064343614631625e+00
4.105529479174746825e+02
3.452002001161099898e+00
2.304369220468994115e+02
1.846253126547270806e+00
3.130436179630248716e+02
1.270614807567591420e+01
6.155936604763744526e+02
8.623787981793979540e+00
3.139909828058277981e+02
8.587891018382386221e+00
5.269729125530082001e+02
4.019612902306235469e+00
3.989251813420796680e+02
3.304591988375142009e+00
3.697315023386066173e+02
1.339821844002875739e+00
4.950100800238791408e+02
1.785685422697635527e+00
3.437037272408924196e+02
3.187400424198135518e+00
1.481334547389817544e+02
1.448258273676675811e+00
3.484228242334693846e+02
3.533701747674372617e-01
3.741063314634267840e+02
3.835774730957948186e-01
4.369701938897123341e+02
4.132031767280873735e-01
6.124925936516654019e+02
6.047004433043371430e-01
1.544771510331807747e+02
7.907413832624159422e-01
4.211606065175217282e+02
3.212173564651301660e-01
4.203283730446368054e+02
3.792723851327082785e-01
3.657682270462948395e+02
7.483086499821658411e-01
1.313774952638382274e+02
6.803192060488837400e-01
3.686482495032072961e+02
3.821114384775942119e-01
3.940602639641090832e+02
3.447551681527492029e-01
3.869181410122006355e+02
4.326594564115742170e-01
3.755766289944338041e+02
7.458007001517297230e-01
3.758498311267857162e+02
6.123975417892903117e+00
1.087325309644743641e+02
1.290743872861055408e+01
1.069467843321186962e+02
9.010347988584220147e+00
9.521442080391484808e+01
1.000000000000000021e-03
2.856432624117446153e+02
7.122569050834044901e+00
1.230800318101857869e+02
9.779153193988666004e+00
1.347255942257770585e+02
7.694857983080283681e+00
1.402349568507605113e+02
6.275142697275208015e+00
1.318266942695182991e+02
3.870199537567931891e+00
1.298157191656200098e+02
1.080684625776155317e+00
7.230568080279715559e+01
