8.083663987903214831e+01
2.977741952373735757e+01
7.890142472550432728e+01
1.014740624540137901e+02
6.142900730496963035e+01
9.764070106048798436e+01
3.337049792361435863e+01
5.283192206025077553e+01
1.579165142306017344e+02
4.380073173634951900e+01
4.237579295821130358e+02
3.044214272109935226e+00
2.483396126412340550e+02
1.490357984388125701e+01
2.602445003602200586e+02
3.141686517341981677e+00
2.431611671958817453e+02
1.137483288813426618e+01
2.838560253090087144e+02
3.077417169988336809e+00
4.090014774146642935e+02
1.501242680090718151e+00
2.004767486760317752e+02
7.699289677953673916e+00
3.597349692498991658e+02
5.132064697283356125e+00
3.954049916833216685e+02
1.571645957352863476e+01
1.081642712939746644e+02
1.207913785697176401e+01
3.692874773690751908e+02
3.799250760600131560e+00
2.327730385561354751e+02
2.140142528054046256e+00
1.444840759240723571e+02
2.448658508710988446e+00
4.180508026937299633e+02
3.235751348755157242e+00
3.902167691347626715e+02
2.638716379474491891e+00
3.814917589343086206e+02
1.243634125594349449e+01
1.061373623987798283e+02
1.143840977860964259e+01
3.495437935521842405e+02
2.598665818469547695e+00
2.212710886716615732e+02
1.000000000000000021e-03
6.609396155127552674e+01
1.542597087317954951e+01
8.553524061008151591e+01
2.245723894929973596e+01
3.132549886547929532e+02
3.861317983956529076e+01
2.855042095916136802e+01
4.278660942198335704e+01
1.771940993380668772e+01
2.010966520560115356e+01
2.812122267508046889e+02
4.218554638933395040e+01
4.081239120760102423e+01
4.705731802565916411e+01
1.042095004923958754e+02
8.907687935630892895e+00
1.642447495298101501e+02
1.963353211890943584e+01
9.675528620249465916e+01
1.153371062098040767e+01
2.061441921100194747e+02
2.016866861517702603e+01
5.521740644842133605e+01
4.881726293003126216e+01
4.513837520313786911e+01
2.371257024562770255e+01
2.726355167264907777e+02
2.677941504039970866e+01
3.400297283706935048e+01
8.932251719547627999e+01
1.941346076736544646e+01
4.852052160874624320e+01
5.106271558941104871e+01
1.577793466353875829e+01
2.326232568742432605e+01
1.321460627562943202e+01
9.348010303418050171e+01
1.073213726654507738e+01
1.205580539373504365e+02
2.865832554912945085e+00
1.402241723303535803e+00
