1.103762478568919505e+02
5.073135395733491038e+01
7.812353836238756344e+01
5.820741479553853281e+01
2.267270699901854130e+02
1.066962123159913034e+01
1.347616484123271334e+02
2.967364121685541178e+01
1.424139046732798022e+02
6.440119361038863133e+01
8.102652521194690394e+01
9.955377946571109860e+00
3.549223636600304417e+02
3.675075091881457645e+00
1.655901000945742680e+02
4.590846277119480590e+01
4.489306646705325221e+01
5.265167117405962927e+01
6.096925072723595207e+01
3.449135698993918453e+01
1.019511365831230165e+02
1.301432117208046009e+02
4.857539760362546133e+01
1.458892003531730808e+01
2.715058882057040250e+02
2.397518787637343607e+01
6.519583066250640968e+01
4.248953049838488027e+01
6.545757328305451495e+01
4.010215895398875574e+01
7.220369774875354096e+01
3.851082140985669611e+01
7.870853862603573248e+01
1.882987467936861492e+01
3.623611262389729859e+02
6.658456894652564628e+00
2.103150016214666209e+02
1.000000000000000021e-03
1.586586854337379862e+02
1.753010452836015176e+01
8.626871520107015101e+01
1.947502242242302728e+01
3.252501544965155631e+02
2.236323724415857939e+01
7.321976336111953287e+01
2.444821166648393529e+01
1.224675332290767500e+02
5.126463898752285253e+00
1.504088795354042816e+02
2.539712283373027191e+01
6.811955406488310416e+01
2.790303436625889333e+01
3.018508178948993645e+02
3.682022168055595301e+01
3.254798786111114595e+01
6.940207029463286403e+01
5.454015819434702905e+01
3.152407489654932249e+01
8.462600197645090816e+01
3.718236822414937137e+00
7.308873197467279148e+00
3.232876672834379406e+01
5.767265136438959416e+01
4.598413567343681763e+01
7.125410630547942503e+01
2.433916788764419792e+01
1.218964117105627309e+02
1.978776331389589416e+01
7.807185427320884230e+01
3.923641242523721928e+01
3.193594761473013222e+01
6.871040139354930432e+01
1.232329329599401646e+01
6.823418043808632660e+01
3.399472924304101440e+01
3.644921141789884445e+01
8.442863182587629467e+01
1.827334725462941023e+01
1.139237490787498643e+02
2.536772682838185844e+01
6.397128926146234562e+01
4.612642484224704731e+01
4.159223229663943755e+01
4.288794176269635017e+01
5.753222444897931354e+01
2.252480920734031500e+01
8.361970400741702747e+01
8.211942535333202287e+00
1.042646119566682472e+02
1.669101845978577803e+00
5.839853922490237936e-01
