2.502319637100373839e+01
1.674083292354755770e+02
5.623821944869145995e+01
3.387720066557331506e+02
6.557635015681508150e+01
1.299654104913481092e+02
1.712135991131415125e+01
2.304676384597411527e+02
9.069690199058301872e+00
4.552481880830522414e+02
6.807982424248176123e+00
2.772835186929589781e+02
9.703252157600401162e+00
2.967696362923282436e+02
5.888286394490198639e+00
4.402067871741685963e+02
8.502080158433322765e+00
1.271979625870813919e+02
1.434207531042736505e+01
5.938638746989444144e+02
7.015054567981711564e+00
1.442911025394358262e+02
7.522886452520802791e+00
2.651892739681314310e+02
1.000000000000000021e-03
3.375136214139855042e+02
1.028080980586983983e+01
1.062695709478574884e+02
1.708417945566928253e+01
3.417902080207210247e+02
3.046687850089504579e+01
6.938224089915107129e+01
3.047612422714865588e+01
3.309978739099786935e+02
2.387694225938520987e+01
8.488743132272901448e+01
1.778519363093458594e+01
3.561120877311877280e+02
4.739535295764410350e+00
3.821725440350305689e+02
2.405912666574954173e+00
3.742833428916373464e+02
1.471345389661086411e+00
3.530935245017153647e+02
1.539665498817906819e+00
3.483374164962724535e+02
2.653984402054297753e+00
3.457456360750948079e+02
1.895544260283494253e+01
6.325395727982819238e+01
4.334705754689682777e+01
5.614623833452012747e+01
2.432105343173125078e+01
3.073590535117142508e+02
1.245920106278289019e+01
8.658508291816622204e+01
1.173279380307500652e+01
3.384177928433946363e+02
5.598353272752063958e+00
3.392871538109984044e+02
1.671969550602434040e+01
7.130343451616317907e+01
2.773478282373872261e+01
7.458629959415490873e+01
1.480781885820200472e+01
1.871002284522614332e+02
5.003225176859230849e+00
1.191817107139530663e+02
1.586108108407293926e+01
1.061836891603346231e+02
1.067913819373534601e+01
1.987747350512027538e+02
4.953057174892729009e+00
1.305621303968790983e+02
1.217446573206957261e+01
1.120264055722288816e+02
9.592474919638124931e+00
1.207351040135161782e+02
2.668477796840345029e+00
