2.530595642539323933e+02
7.415111464312616363e+01
7.458849894513430456e+01
9.715281517212349627e+01
1.941199274992919754e+01
8.236049781047586293e+01
8.771497551257697012e+01
5.579198647278593626e+01
2.013514881973694912e+02
5.030358310327783578e+00
4.584781840289923025e+02
1.712256236003355525e+01
5.041305627579890256e+02
8.050017341829427409e+00
2.719181285706155222e+02
7.851308110272946728e+00
3.732780228839617962e+02
8.083989645803615787e+00
5.288846006808703351e+02
1.932137069264701745e+00
2.504412382755599538e+02
3.158947264884554684e+00
5.104950059628269514e+02
2.143102301018223521e+00
1.961627223729527145e+02
2.169498116012467115e+00
6.140451315738527001e+02
2.867929711343661037e+00
1.426225115033201405e+02
1.592300907356610118e+00
3.898438810085607997e+02
1.816015002080448637e+00
4.925605320534033922e+02
9.584226154540603781e-01
4.856337231544716246e+02
1.779046785594518010e-01
3.507627926659872628e+02
4.487349092577382903e-01
4.549756922144103441e+02
1.866623389497897301e-01
3.652642919379144359e+02
1.180951160735954630e+00
1.444539656725963255e+02
9.205924409800709807e-01
3.652003090455705205e+02
2.720743250155427950e-01
3.744358832356434732e+02
7.492530895043041095e-02
4.096550417448013945e+02
2.007400404154670581e-01
3.785382254070444787e+02
3.295300844848703115e-01
1.515800086418282433e+02
3.534762683209214384e-01
8.524941882252185223e+02
6.030052363966391382e-02
5.282252015665660565e+02
1.000000000000000021e-03
2.971266758811933641e+02
9.311842279356453977e-02
4.823161643489231096e+02
5.616125888729577714e-02
3.457244545068591037e+02
5.370431410243778347e-02
4.703539030794545965e+02
4.067470908295836574e-02
3.383746225774497134e+02
4.378767865167167150e-02
4.744367189569713901e+02
4.204506465877760196e-02
3.318934018231243499e+02
2.102008352488503665e-02
4.853776931120652876e+02
3.378452444852002995e-02
3.321983935994584272e+02
