2.553903984089602943e+02
6.715726611183708883e+01
8.751942567675351370e+01
5.721637375805279646e+01
1.270553467743179539e+02
9.964630935022146474e+00
1.722720155817455634e+02
8.842221458397276024e+01
1.329045760745219695e+02
1.206520602163255695e+01
4.599279036499009976e+02
1.595749893028950162e+01
5.212897329590463187e+02
1.186092550617460617e+01
4.755372900422374869e+02
1.000000000000000021e-03
4.217028798487766608e+02
7.475741077768002008e+00
3.247869560733009848e+02
2.808609041852824895e+00
4.499255964404599126e+02
3.949315022734757541e+00
4.810567206659276849e+02
1.166990181900688706e+00
2.466455051642243461e+02
5.978146105624859707e-01
3.427065642385149999e+02
2.183485910522677376e+00
8.055237260209646593e+02
1.284697412376434533e+00
1.887576319854213807e+03
3.789645975675620670e-01
7.138293621666216495e+03
