5.438638685492954039e+01
9.376466523295906086e+01
5.283947038646147831e+01
3.612622993313593724e+02
5.684605162882168372e+01
2.211292587076206928e+02
6.194869399360324103e+00
1.732790558330540307e+02
1.489009644013984079e+01
4.497974395776021197e+02
9.158741710350488674e+00
2.992298019567496681e+02
1.155328256894290639e+01
2.499081975602775856e+02
3.394237818413147867e+00
6.393239529393839575e+02
7.413940670900862173e+00
5.360715756972552981e+02
1.516229979763074720e+00
2.584919763415009015e+02
1.641275317897068931e+00
1.989126235093532102e+02
1.000000000000000021e-03
2.009218419286384005e+00
