1.701474833393754693e+02
3.632653943543198238e+01
5.811371076629965415e+01
9.590486103365078918e+01
1.021814726252134164e+02
5.302441561205355214e+01
3.407923000152916870e+02
6.418133788114312210e+01
4.205455450148571117e+02
1.926861296591491524e+01
4.162567738327037432e+02
7.628110935416975380e+00
3.007548131859815044e+02
1.752307466578610118e+01
2.129431772351126710e+02
2.835298684074157638e+00
2.951201196195445391e+02
6.387430912267133110e+00
3.429404653888869916e+02
5.830548057316648602e+00
3.990569295481236054e+02
3.711068307448259218e-01
3.913198132482684741e+02
3.559640467319119761e+00
4.675953590668779611e+02
3.064361004794066368e+00
3.083576968278521235e+02
1.315592519593874021e+00
5.119656437050513773e+02
1.230681140899334336e+00
2.688487314268315913e+02
5.618527434019615630e-01
3.536721526072113306e+02
1.175387324378049048e+00
1.654928015967081194e+02
2.213530087770894994e+00
5.409683346679797751e+02
7.240335215097324362e-01
5.343982778797487754e+02
7.418982092405680406e-01
2.791525218502833923e+02
8.303270480248309271e-02
5.306318033626774877e+02
8.263555717375742349e-01
4.883903609483674018e+02
3.324896136152247772e-01
3.228215790573711956e+02
4.476271995272427251e-01
4.853076736755085108e+02
2.855211422546392042e-01
3.285167259767667360e+02
3.081157598032852052e-01
4.892275786132347548e+02
3.172593532392587456e-01
3.032003227780557495e+02
1.285498771719418010e-01
5.077687556470440882e+02
2.377018795346966251e-01
2.840448241886076062e+02
7.640450370877402420e-02
5.292879053360826447e+02
2.158804354155689775e-01
5.297175159064116770e+02
1.489844302652148234e-01
5.420448020824259174e+02
1.513758271416150436e-01
5.281539013264688265e+02
5.255553298578864718e-02
2.900173640316009482e+02
1.015622257456827715e-01
5.130281866854654709e+02
9.852099048784433710e-02
5.432181292925201888e+02
7.330439009681538609e-02
5.463057364498114339e+02
8.178608794385319736e-02
5.164487612971076942e+02
6.151507418886729278e-02
8.108796964335509756e+02
1.000000000000000021e-03
7.485043351694317835e+02
