3.781419106015443532e+01
1.098503989647170158e+02
6.877666780216928544e+01
1.796082466248344645e+02
8.678122929321381296e-01
1.691225270110812176e+02
4.031227451141951690e+01
1.966738309578388737e+02
1.795553035933050268e+01
2.288965665162113226e+02
1.000000000000000021e-03
2.199202305743990848e+02
8.233117138545004821e+00
2.080112761941431927e+02
6.117888467195268021e+00
3.084579162504683723e+02
5.392997401642798394e+00
2.396800764765704628e+02
7.969438161516716690e+00
3.631676621276258743e+02
1.157921770900075753e+00
2.760566560001529410e+02
6.988468876395465657e+00
2.997041877947841613e+02
2.674820013200776891e+00
4.855402608354796143e+02
3.679172358112451580e+00
2.711703354266659289e+02
1.116932229902114493e+00
4.290870704142163277e+02
3.154538521090217262e+00
3.574276512960427681e+02
5.018141662366124578e+00
3.200486369197413410e+02
1.115536061954441394e+01
8.667422742091511623e+01
1.546298763696632150e+01
3.062144468520534701e+02
3.555492605730970723e+01
4.715006693730627063e+01
3.925251481801058873e+01
2.827377175811570282e+02
4.576695906844589956e+01
2.353254596066545901e+01
5.056869414900585724e+01
3.300353770425372346e+01
1.111626789009326721e+01
2.845679041806626515e+02
7.874803900427029824e+00
2.703885053770458740e+02
1.702314512708107230e+01
4.795023957578504792e+01
5.786994830646700905e+01
4.051286977681723300e+01
3.153418227686260522e+01
1.259061337089617894e+02
2.526775900293253052e+00
2.000976511758427989e+02
8.723469324653688517e+00
1.555163208561896795e+02
1.456157059998010261e+01
9.422827428221607704e+01
3.559238676593808748e+01
6.766799645347568060e+01
2.718090903155172455e+01
1.349894159016043886e+02
6.246339211818561665e+00
1.412207686361907122e+02
2.277383190883055519e+01
7.246257305827195694e+01
2.903208031937320399e+01
8.113771198450950806e+01
1.199265814518104989e+01
3.506422047606369574e+02
2.409803325454314304e+00
1.250385429315479797e+02
1.385982513180988862e+00
