2.821445312204596689e+02
4.462835281167372159e+01
1.373950974603746715e+02
3.707787445903351653e+01
1.761537376959429650e+02
1.367449842594364817e+01
1.180335360636605202e+02
8.621398723301030032e+01
1.699536436234125745e+02
1.043313990728409379e+01
4.404367848773859464e+02
1.779252367553675995e+01
5.156982173052798544e+02
1.319205112733573948e+01
4.995394557383542633e+02
2.268719503783481528e+00
3.924218587550330994e+02
7.899401870677603910e+00
3.240612622797959830e+02
3.004495822334122046e+00
4.436527679543808063e+02
3.978322746237917151e+00
5.115025074785950778e+02
1.572690101570698884e+00
1.902277245101066399e+02
1.556719454613092468e+00
3.665404675280956326e+02
2.387536268392665750e+00
3.414847076186396748e+02
3.772657356617015734e-01
4.543824828334556400e+02
1.655923735863702895e+00
4.838654229030179295e+02
4.989886431718435489e-01
5.739458479829995667e+02
2.355623248593701757e-01
2.740350733891784216e+02
2.201673129633094916e-01
5.766383397504669119e+02
3.842918505538026608e-01
1.845017873886218069e+02
4.887557027315634905e-01
4.156163914381326663e+02
4.062111826454432861e-02
4.078470504001089694e+02
1.257802958063246046e-01
3.265644693127928235e+02
7.285946481186388046e-02
5.424802873241670795e+02
1.304248047211866712e-01
1.954012559233372599e+02
1.444178005052328961e-01
8.460840843958038704e+02
4.531694324998161022e-02
6.034058984010467839e+02
6.790590842851364217e-02
1.844816351403259489e+02
7.555426930293561438e-02
8.657547646211203300e+02
2.851819229427376978e-02
4.922893033998947772e+02
1.000000000000000021e-03
3.564853576344066255e+02
4.484979438691974463e-02
1.840171666942309514e+02
4.188003896320249830e-02
6.057581641768838381e+02
