1.004035909849851691e+03
2.208610621659073914e+01
2.281420921582074754e+02
5.720885393643059302e+01
5.898013899373936653e+01
8.626031607357246855e+01
6.868153261403247711e+01
4.485670920537373263e+01
1.756776633793909070e+02
3.909047196064563678e+01
6.518020536088887411e+02
1.104894284795933146e+01
7.853800650750469003e+02
8.110247858231112161e+00
6.727368462216354601e+02
6.207659401156540468e+00
7.701951829542708765e+02
4.734844244141386049e+00
2.100117738132106524e+02
3.507617671704294171e+00
3.431680231995709960e+02
1.460291686685271317e+00
4.831097378505591564e+02
2.047569481708856109e+00
2.997531248561158463e+02
2.947939342793775896e+00
5.652222445194478269e+02
1.248823108915801727e+00
1.918713204635840555e+02
2.507375198031178698e+00
3.388973955405703578e+02
1.339414615496533623e+00
5.064770842133705742e+02
1.349683013602615889e+00
5.338205465830125149e+02
1.087531856500642657e+00
3.049059321835118794e+02
9.132568078773212195e-01
7.997923988490888405e+02
1.276427956166080513e+00
8.068578475022735574e+02
6.555049362575288141e-01
5.494119540762441147e+02
7.158109678364111828e-01
8.029084682928490793e+02
6.211131630584404428e-01
3.473073870378888159e+02
4.591927689340232210e-01
1.755434051770535859e+02
6.123947987457418751e-01
8.321915182504416180e+02
1.000000000000000021e-03
1.103137593959887909e+03
3.730975619804632326e-01
6.110349874070318037e+03
