1.037625168496575156e+02
3.670844168423501230e+01
8.250344873526742617e+01
6.135770336731580699e+01
5.937707608865430586e+01
1.050831894631709815e+02
5.198506909741932702e+01
7.170906902846613207e+01
1.984555616651530840e+01
7.143280880378583220e+01
4.713541372122897144e+01
7.653831706724058392e+01
5.131541521576749432e+01
2.995020612180192998e+01
6.782764487550637966e+01
1.283070734170235383e+01
6.748323029279576701e+01
7.349093541943665286e+01
3.968412828189642738e+01
6.565110482989180696e+01
3.820272232283580394e+01
9.300122314665172496e+01
4.698977258380337929e+01
8.112204459938203627e+01
3.472989101181414640e+01
6.723057344899248733e+01
3.357198729964902384e+01
1.467485389062958916e+02
1.000000000000000021e-03
1.722700239334777734e+02
2.689205853361152876e+01
3.028037994981322001e+01
1.189947311284409892e+02
1.385025517881378398e+01
3.862439193960060635e+01
4.603513356084832253e+01
1.770151968224804762e+01
8.483977637335026145e+01
6.949424438737907828e+00
6.051650086659843275e-01
