3.710070143956249211e+01
1.111885638986934879e+02
6.946030626880808256e+01
3.513851837225079748e+02
4.097518137335134725e+01
1.895480405343147936e+02
1.840231515404328277e+01
4.452200382235383245e+02
6.425423892626785261e+00
2.405516515951893552e+02
7.810999788939948729e+00
5.312326555855308925e+02
1.268802737260814695e+01
3.639594749130616265e+02
4.729273696801196358e+00
2.769826769425210387e+02
5.250918089292459179e+00
5.198994954667873571e+02
3.306631024094664362e+00
2.755487946709201879e+02
2.283273168266850561e+00
4.535256250561685647e+02
2.681119355207606247e+00
2.293136089304740892e+02
2.057835950984620577e-01
4.049933186596518340e+02
3.487885264106611150e+00
1.438009456562143384e+02
3.947140488580417550e+00
3.716731298547726396e+02
2.703192404502325008e+00
4.328121637214317730e+02
1.509629548218318185e+00
3.595488502696861701e+02
1.289298623080068928e+00
3.810102595526111031e+02
1.428566100292264718e+00
3.979673999044797483e+02
2.789530961945411836e+00
1.920799667338386598e+02
2.257249257242368135e+00
1.560949749281110996e+02
9.595429106961411492e+00
1.175436968034111800e+02
8.957030883103726637e+00
3.835735585860108472e+02
2.834739102904324959e+00
3.873179490767044513e+02
2.168811021913098713e+00
3.834133611492817977e+02
2.332362412614344738e+00
3.881686698945013063e+02
2.964642743316367124e+00
3.782192102766545077e+02
9.094870776791703193e+00
1.117648861849988720e+02
9.217507583912471603e+00
3.791055358437195082e+02
3.487563046386274124e+00
3.840224126583438533e+02
3.211473215294879946e+00
3.808590597662680466e+02
7.694818644767012827e+00
1.148039393381615980e+02
7.430773162705913926e+00
3.847752178576669735e+02
3.272638706114820106e+00
1.300499419834540049e+02
1.613743994206603638e+00
3.820448416816536792e+02
1.000000000000000021e-03
1.206457394784169423e+02
3.201129919133014479e+00
1.240756621227899075e+02
4.724978737203064050e+00
3.814399372411460263e+02
9.155332207659578003e+00
1.143363442291349372e+02
1.265952099865176095e+01
1.408222662454674037e+02
8.135228362570677163e+00
1.446894259850548679e+02
1.454262789600696060e+01
9.775945577391358654e+01
2.024840378866026569e+01
8.891769894299446264e+01
1.498180669700055567e+01
9.924950145011752056e+01
6.421065011001233280e+00
1.128874731190555138e+02
1.338152044003641628e+00
5.735979093677223695e-01
