5.409636434892465928e+01
9.893108063592023882e+01
4.803298831771846267e+01
3.668992843702781101e+02
5.820833946338087372e+01
1.911354277253310840e+02
4.326419399372317010e+00
2.120049231544814745e+02
1.389071353062767322e+01
4.433878944856797375e+02
1.039673843029999212e+01
3.011272553004804422e+02
1.187292981999513763e+01
2.339903475447279106e+02
3.056586334014693040e+00
6.484373331703094436e+02
7.053815947484802784e+00
2.989785230417643902e+02
1.922698910381729798e+00
4.897194834273082051e+02
4.104302958497532572e+00
4.544057266712339356e+02
2.527196587913969061e+00
3.398436998612644402e+02
1.105115223775043010e+00
3.173842052294746736e+02
4.097392677873995526e-01
1.942262760504800099e+02
1.364324773416664138e+00
5.863885680935463824e+02
2.212987025045176193e+00
1.594590944615823958e+02
1.852701120652895384e+00
3.597627229079160429e+02
2.964375496517853148e-01
3.300673858062958743e+02
1.000000000000000021e-03
4.375311858362525754e+02
5.164598831070096319e-01
3.986043646250182064e+02
9.475684538284117053e-01
1.450775071946999617e+02
1.057193448121226842e+00
1.472612891854427346e+02
