8.179164820218595366e+00
1.380199686945225892e+02
6.014483607101775675e+01
8.429259777420028854e+01
3.910957730395621468e+01
3.848258752601047945e+02
5.003004682321643770e+01
1.594971509859679486e+02
3.826553043333424142e+01
3.177274625975011801e+01
2.947050800052254971e+01
8.353975148836835274e+01
2.912241650161347195e+01
3.394230934669481030e+02
1.898612056492699907e+01
6.415577929954643821e+01
3.204645861107643157e+01
1.255589075684278555e+02
1.000000000000000021e-03
3.573599676947562216e+02
1.623013005334469838e+01
4.051251476058060916e+02
4.073269681161233002e+00
2.996949432538389715e+02
6.575734233076157231e+00
2.747686798000091244e+02
3.474081606324208593e+00
2.628657280515714660e+02
6.498654519818633624e+00
3.272066233102263482e+02
4.317761515714324538e+00
5.105010747848118058e+02
3.860330550548681128e+00
3.708563775526799304e+02
1.043702949119734269e+00
3.925132568740557986e+02
2.728664404618141859e+00
1.723064037969706987e+02
1.022912360127566922e+00
3.803020191346166143e+02
1.925264413290204146e+00
5.498347674435315184e+02
2.222218368459744298e+00
3.835839780350949582e+02
7.626927263786312805e-01
4.022160006922900948e+02
2.251471388550045027e+00
3.791477856336858281e+02
9.303497572116665282e+00
1.022932375341363098e+02
1.542701025706580786e+01
1.025142269293179140e+02
7.552109451316908029e+00
3.733881028038487102e+02
9.474767703046161893e-01
3.318974152732629932e+02
2.616996969106683668e+00
1.358588550439228015e+02
6.140264160447825859e+00
1.275523610645148551e+02
6.506544680310351048e+00
3.732075092682067634e+02
1.562457072578498085e+01
8.123774125014371350e+01
2.873804383047098554e+01
7.148997464957776060e+01
1.681267336331983486e+01
6.701475290053636513e+01
4.606483369877173217e+00
3.680763876086660957e+02
2.744001510824496837e+00
1.473658121774801089e+02
1.118816141898001604e+01
9.787099455825722316e+01
1.804763639836370359e+01
8.816958201530357542e+01
1.009981463765261012e+01
3.115204622951420106e+02
1.127652043813938754e+01
9.540132089099903112e+01
1.766360390951430048e+01
1.145814515657628192e+02
9.821176138706411152e+00
1.595156976453203015e+02
1.228442033864795491e+01
1.032926342816334540e+02
2.050803259586021454e+01
8.953400647131638834e+01
1.661276001198304542e+01
9.973359277124593802e+01
7.242696389264846601e+00
1.157885799888324243e+02
1.469775654077104088e+00
