2.631186865226092095e+02
6.118398864610606580e+01
9.852888931544291040e+01
4.907092365949792168e+01
1.590354644054697815e+02
6.308236965788523776e+00
1.581711688749328459e+02
8.510812524596877893e+01
1.502526405312369491e+02
1.025444682394241802e+01
2.672696674679561397e+02
1.000000000000000021e-03
1.857297689184101728e+02
1.632361837763378887e+01
5.212287185471160456e+02
1.216960473247362629e+01
4.832095100244449668e+02
1.075144587828110065e+00
4.114929379655342245e+02
7.863332814379040414e+00
3.202721985777251348e+02
2.981360505688039453e+00
4.503126806838026255e+02
3.950124983894253372e+00
4.974535867822677915e+02
1.369198511272898156e+00
2.025577001660195435e+02
9.581555743334566611e-01
3.691305937385979519e+02
2.248403888461490308e+00
3.283542170098132260e+02
5.045597515455406690e-01
4.713686244020141203e+02
1.637071434011875271e+00
4.614414166234532786e+02
3.859869938770650322e-01
3.556440759153911131e+02
1.953815722665019905e-01
2.955350598348744029e+02
6.754121278928724992e-02
2.156613251511764702e+02
2.603247616677251686e-01
5.906861426649938949e+02
6.992861628242237337e-01
1.571444957930455359e+02
7.290574255874163745e-01
3.995992914678380998e+02
1.964234181610811925e-01
4.167668195238862836e+02
7.993180544418285183e-02
3.556770017854238404e+02
1.369479554574009328e-01
5.722712078164346394e+02
1.621491939553736938e-01
1.638018453129856198e+02
2.485115472182607421e-01
4.012459720171377739e+02
1.549789345240269456e-01
4.249674732444540268e+02
1.423431482562790285e-01
3.736204678292492076e+02
1.840924810536165024e-01
4.026452059291373189e+02
4.446805924171244317e-01
1.223360621511786235e+02
4.584680989686306662e-01
3.931219095735996234e+02
1.630384575584204465e-01
3.882938835131628821e+02
1.882523414437517195e-01
3.967835782366773856e+02
1.697775074334024747e-01
3.916030351440456911e+02
5.927470486592716359e-01
1.292086236341422136e+02
6.123745608898547577e-01
3.910785995045578147e+02
6.823225055253753224e-01
1.307794101279900758e+02
8.003033479823501439e-01
1.329381342775298549e+02
3.182549796456785596e-01
5.451842247185193457e+01
