2.395087018111512407e+02
3.495820225105305923e+01
3.716201750522969292e+02
5.124725764790603932e+01
1.191759523651781620e+02
6.497318129294751543e+01
1.438867261208209527e+02
9.527293545888321447e+00
4.799094673267065900e+02
1.761163775453368174e+01
3.267746417643090808e+02
4.859626528771370246e+00
4.718358714032245871e+02
1.596700668692248026e+00
3.742479864874452460e+02
1.349178501426600896e+01
2.993762967413168781e+02
3.936943663861213860e+00
9.398517255505912544e+02
1.000000000000000021e-03
2.349629313876478136e+02
4.487149260160627762e+00
3.928455219662425293e+02
5.928810083873752301e-01
4.139541842551213904e+02
1.438793903858444523e+00
3.118107882314335484e+02
6.187957951039295690e-01
5.083288462497480396e+02
2.146464634472538879e+00
5.239294594073701319e+02
8.519858122221581898e-01
3.350408265368255911e+02
7.245383454159093350e-01
2.406964726013304414e+02
7.337677859577700357e-01
5.569995408909273920e+02
9.580133454883529298e-01
2.536668836048258129e+02
3.455537315389847763e-01
5.652877830104963550e+02
6.914868159204659026e-01
5.534281194238665194e+02
5.136779222887080110e-01
5.359004110894927635e+02
5.706444208082651626e-01
8.313445741757323049e+02
3.600600605362505036e-01
5.740309453892103875e+02
2.320216577496528598e-01
2.000383272339547034e+02
1.511966385121004952e-01
3.319062525239163506e+02
1.842424297255245424e-01
8.131037207475446849e+02
1.854002521481057375e-01
8.034682544312161099e+02
1.232789248195827053e-01
1.145093910214297466e+03
1.316720000388275358e-01
3.800717456253671571e+03
