2.186660431349764977e+01
1.053095065716805578e+02
6.551353765236352444e+01
1.354364043928493402e+02
8.863293935785571875e+01
4.622482269232069996e+01
6.000085440158165540e+01
3.105167781284512216e+02
1.021852287392894425e+02
4.135551218513222125e+02
1.887068584395631410e+00
3.594448949947622509e+02
2.046588844777868843e+00
3.818100313359549887e+02
1.288933404907458069e+01
3.605629662196943741e+02
5.117990864859237377e+00
2.775670444659480154e+02
2.906211438978199890e+00
2.983515096419088763e+02
6.082239741832302649e+00
5.277331372989333431e+02
5.448668474587985422e+00
3.816891794762756263e+02
3.245098002966763762e+00
4.093945138979800049e+02
2.574478204603182441e+00
3.876903241150718600e+02
2.944029601420454778e+00
3.684036871973627285e+02
1.029794420323941928e+01
1.020109053295253005e+02
8.789389350682581536e+00
3.754872636937669768e+02
3.389721367102642713e+00
3.733064018550304013e+02
3.432519580514068469e+00
3.726324443423167736e+02
2.325949599973607285e+00
3.774167550578216606e+02
3.332152453630809585e+00
3.531876656116755271e+02
1.114051210004907588e+01
9.906893608466633339e+01
1.296477101116646047e+01
3.410354834991196071e+02
1.108074414300500443e+01
8.172535571112591413e+01
9.769599142454470808e+00
7.239780076937273634e+01
4.626691727619028249e+00
4.703923769602629932e+02
4.297239227906318071e+00
1.007766408762884538e+02
1.659291487198457204e+01
9.286282651925880316e+01
1.504702077688904716e+01
3.660856062062386513e+02
9.882860837294225931e+00
1.356653641684391403e+02
7.772389566167853481e+00
1.676466586753342938e+02
1.179057449068447916e+01
1.163317143600423123e+02
1.020542689178428297e+01
2.423121639712241233e+02
3.448639952879617443e+00
1.223228207327182986e+02
1.342638125647350122e+01
1.183182770578703753e+02
1.270135407196682031e+01
1.296204696777560343e+02
9.828099711245643633e+00
1.093820510101461423e+02
5.343801479842223756e+00
3.190039979149112241e+02
1.094548229203151912e+01
9.350835986844691661e+01
1.936252774122285913e+01
9.577719194986804041e+01
1.082686536162946389e+01
1.353113643965639596e+02
1.000000000000000021e-03
2.303950258644196936e+02
6.953878815815877523e+00
9.815174513648742050e+01
1.484934441742904099e+01
7.855599305430142465e+01
2.255952602436116194e+01
7.053965778292806021e+01
2.467534904777561877e+01
7.362250575160754806e+01
1.615230057022149524e+01
5.917029844538690497e+01
4.883989304534845921e+00
5.830240554709683920e+01
4.998859218273319804e+00
1.038016895244317510e+02
1.302790532609413354e+00
7.230567989879250757e-01
