1.004963652036436997e+03
2.079846022961651641e+01
2.246545959045796508e+02
6.513429232271664659e+01
5.420367241318293594e+01
7.541569396534782754e+01
9.581137611231919493e+01
3.202754227883615812e+01
1.862950876105926739e+02
4.341733115902383133e+01
6.469506690118161032e+02
1.162868944944514205e+01
7.836626602347799917e+02
8.261355535079182744e+00
6.713669980012117549e+02
6.067209654963397369e+00
7.726448431672953348e+02
4.508969226469495162e+00
2.096570932732855113e+02
3.646084919085559317e+00
3.368920749610996950e+02
1.545707801699651940e+00
4.859893415524549027e+02
1.860126208162977912e+00
2.973921984882400693e+02
3.162981957139471056e+00
5.699554754555090312e+02
1.274017209721680866e+00
1.894864560639497029e+02
2.572631331813833189e+00
3.351469897288723701e+02
1.446476810273451541e+00
5.112225013352780820e+02
1.341599796025918723e+00
5.413133384589131083e+02
1.049960419720784133e+00
2.870943007569674137e+02
8.161059554721209475e-01
2.413042142131498338e+02
3.283490279286035984e-01
5.536064550128759265e+02
9.745054607038787786e-01
2.967432868932029919e+02
6.461610794289369686e-01
5.233058519664314190e+02
5.999236691353165840e-01
2.415743272876588037e+02
4.171066758136081631e-01
3.225048944121964496e+02
6.742449534357211061e-01
5.012679848394264468e+02
3.740581297536611505e-01
3.004637495825169253e+02
6.178214461311200001e-01
4.203007747179981948e+02
4.235080520865438514e-01
1.209059032728497698e+02
9.192760490684370733e-01
8.010966873650492062e+02
5.425398642516343628e-01
3.208126423404696084e+02
2.264920245571455382e-01
4.756017113671919105e+02
3.401528474742687713e-01
3.264670322920717354e+02
2.526921025512247065e-01
4.890617312731770880e+02
1.000000000000000021e-03
3.126788117976050216e+02
3.270357334635654034e-01
5.304754587994839312e+02
1.770559522070758729e-01
2.774970371082628162e+02
1.963258327575354012e-01
5.295357076913601304e+02
2.141407510113852442e-01
5.745566900125118082e+02
9.952363643927723824e-02
8.235935258185104431e+02
1.856268925167735562e-01
5.149966356219321142e+02
1.195954587629961263e-01
2.630905142751988137e+02
1.153833848802790912e-01
5.487113612111292014e+02
9.432037844427620943e-02
5.901716943113766547e+02
1.064314406981458488e-01
5.350796480635325452e+02
1.178441981629543972e-01
1.000688045947770775e+02
