3.285100833517479373e+02
7.753273352947054775e+01
1.291074647975330265e+02
1.167086753371826013e+01
1.538223799314667986e+02
7.218834835898685753e+01
6.790519145923499877e+01
4.534090110851790456e+01
2.166326331865068937e+02
2.242774285611793061e+01
4.070359020305490390e+02
2.615124415649893663e+01
4.926661790564854186e+02
1.464659877111522057e+01
2.775019058594600665e+02
9.370762782018468684e+00
4.188202853541132527e+02
3.874287408611614136e+00
4.385276637475161579e+02
1.395138552979472202e+00
3.505149953891608448e+02
2.234697028059108970e+00
4.242372735127560759e+02
2.243127659935239215e+00
4.748881000117413578e+02
8.874377758782400205e-01
4.822480408466322501e+02
1.423753638034571223e+00
1.391351889544922642e+02
4.242113794390916404e+00
1.307716798370320817e+02
3.047841222750268031e+00
3.962539481102873538e+02
1.279326637170363545e+00
4.568641116025755764e+02
7.109610168265243502e-01
4.569020287754174205e+02
1.033610755782483764e-01
3.807777882433236982e+02
1.189233584870932336e-01
4.801891326477117445e+02
2.060057463798889155e-01
3.918118776127857927e+02
7.552614799591510497e-01
1.443412085517102526e+02
9.666956818551489805e-01
4.182115677984920126e+02
1.803466184818718621e-01
3.869340200100253924e+02
2.324682021407711574e-01
3.882629529812414830e+02
8.710728802705614005e-02
3.803446407413966881e+02
1.748930429154530730e-01
3.780818103499047425e+02
5.148427912317804500e-01
1.380284242239652315e+02
5.557598945847789240e-01
3.953171322697618848e+02
1.117828342563839672e-01
4.093153979822840824e+02
1.216947199123439294e-01
1.252506618305000501e+02
2.718278684551918983e-02
9.695586742765706276e+02
5.094063477616494334e-02
4.473646741263550553e+02
2.992390827267979447e-02
3.590413456965208638e+02
3.204693303670413940e-02
4.507008593970944617e+02
3.323902724820779198e-02
6.247016960351636499e+02
1.624054139624299745e-02
1.605517336553354539e+02
3.101905738560223683e-02
1.135099482327371561e+03
1.000000000000000021e-03
7.887979453461398407e+02
1.450615909920117963e-02
1.012963529969194383e+02
