2.443919807698208615e+02
7.800240938782690137e+01
7.909106355012073664e+01
8.949458810093670991e+01
1.843384506948197199e+01
8.614343963060638032e+01
9.903045318986757195e+01
4.677721177356200144e+01
2.142397961772301755e+02
6.338109613840183343e+00
4.495158345428915823e+02
1.660041080810490399e+01
5.075099955655983308e+02
7.924006860380159445e+00
2.715471274125781633e+02
7.447825242672278634e+00
3.741047232136687626e+02
8.033248756990190032e+00
5.226828730238967182e+02
2.196523428547490830e+00
2.597223475479167405e+02
3.026390393957262059e+00
5.061331164965774292e+02
2.323476930404869911e+00
1.941169040071552558e+02
2.034558223018434919e+00
6.169699893843319387e+02
2.777061243277745284e+00
1.431987691015715711e+02
1.405681974215907903e+00
3.904469324907350369e+02
1.784639448770839021e+00
4.950493422254235725e+02
9.004917946909369864e-01
8.259313144040421548e+02
4.177781601064518013e-01
8.307658145686998523e+02
7.286321724851035908e-01
1.641610542930257566e+02
5.115157692496893338e-01
3.448046997345248883e+02
1.000000000000000021e-03
1.154346168676453090e+03
1.114207854293217531e-01
1.994149343676294563e+02
1.546507205058943735e-01
8.362171010140419867e+02
1.005433357021465607e-01
8.058213155140679191e+02
9.484956533984463534e-02
3.217142100648020914e+03
