5.020881661086889380e+01
1.268222806543966072e+02
4.996646736328984417e+01
7.403792291002336867e+01
4.510635821198121675e+01
2.461816562515161593e+02
2.101145542019159862e+01
1.383435858649498016e+02
3.507831461630870962e+01
4.141296792206728128e+02
6.008782770132697237e+00
2.801931971171658802e+02
1.548700606740927910e+01
5.094633204925283394e+02
1.404616797525311966e+01
3.704024381554244201e+02
6.689139469536083737e+00
5.329054307770259129e+02
1.667371683271715588e+00
2.590068450747365318e+02
2.760423597508639748e+00
5.009127897771142557e+02
2.476675020624867329e+00
2.007680696576343848e+02
2.080584966406799907e+00
5.887762264827537138e+02
1.395009789748840046e+00
5.432888737770354055e+02
8.558954398582875323e-01
3.043705169293485824e+02
1.020046981288973642e+00
1.795822241356463564e+02
1.437752616492559588e+00
8.210948010872589293e+02
3.937435902052033310e-01
8.586881101378953645e+02
4.362437963790817275e-01
1.891490106497001307e+02
4.294581360348667665e-01
8.487521302563518475e+02
1.000000000000000021e-03
2.841474523032134130e+03
