4.148453959299591531e+01
1.284997150298154622e+02
4.559566860134876976e+01
3.605716385242219530e+02
5.817983773022005067e+01
1.887571256697088131e+02
4.290172188262552311e+00
2.180050667258405497e+02
1.371505633907758082e+01
4.373884112320964164e+02
9.944675797343416335e+00
3.047271946131917275e+02
1.095590934461120369e+01
2.358046401503332845e+02
3.504899072699668050e+00
6.466184475596921857e+02
7.024271228754586538e+00
2.942657243896692307e+02
2.173372051114889736e+00
4.986680487576882115e+02
4.089375331101119393e+00
4.509615554323472111e+02
2.502082959116681327e+00
3.478243981144896111e+02
1.000214163667962008e+00
2.697625872877611073e+02
1.732966583812115824e-01
2.458600124817133690e+02
1.363471930995316050e+00
5.769142859639104017e+02
1.824274149925750432e+00
1.685773975604374471e+02
1.503261884994942399e+00
4.037211063519160916e+02
2.036903132761172242e-01
4.780209021569409629e+02
3.326406634103277749e-01
5.095089101519665178e+02
1.773083503963366059e-01
3.406528339566593218e+02
7.650035871499255569e-01
1.516791723470021225e+02
8.389363186370853986e-01
4.129974710388403309e+02
2.660212600296945062e-01
4.454059405897577335e+02
1.859920842748251646e-01
3.575987856848804540e+02
8.668326489091802978e-02
4.730981221039037905e+02
1.594662940348224589e-01
4.378270233815825350e+02
1.000000000000000021e-03
4.206573361901479302e+02
2.222171404442076226e-01
1.619804654810551483e+02
1.908674711677952607e-01
3.933702838501354790e+02
5.931405457558744376e-02
4.619419395391053058e+02
8.400171616166407507e-02
8.371440821553799196e+02
5.057333075431011404e-02
8.495513429523363129e+02
6.333486419202941087e-02
1.787460654467724339e+02
5.425958413578545192e-02
2.059379366437984118e+03
