5.452708085525243575e+01
9.068919893736857318e+01
5.543116844468619320e+01
3.560178695242651656e+02
5.923808925341451470e+01
2.238333056746801333e+02
6.400511606923185326e+00
1.666285167533869469e+02
1.582334552561385443e+01
4.497075775868302685e+02
8.722269824772849844e+00
2.982912773236854491e+02
1.228565041132574898e+01
2.524886122654294240e+02
2.823039772826172022e+00
6.395693205763371907e+02
7.571741602091866419e+00
5.618003194492835064e+02
2.455785972527154026e+00
2.055373628585463734e+02
3.039992428631765886e+00
4.904083518052965474e+02
2.134631152888624595e+00
5.922988785335244302e+02
1.304595280057475604e+00
2.427570281403500871e+02
8.310840185826774418e-01
5.753928502480141560e+02
1.894564520369966587e+00
1.699762932775825277e+02
1.336961711629695015e+00
9.032944694114730737e+02
2.621418027658202199e-01
8.298121726419301467e+02
9.407901327660407320e-01
1.603719079238237271e+02
8.771829791456192682e-01
2.523690992777167594e+03
1.000000000000000021e-03
6.309227481942916711e+02
