2.366612901152946051e+02
3.585516790847238866e+01
3.702469404302709108e+02
5.162347723620386120e+01
1.196501876876980646e+02
6.260738991236122075e+01
1.545026687965049348e+02
8.216133486487908755e+00
4.753521082263515041e+02
1.782049098071103899e+01
3.253034919503414244e+02
5.339314401662590193e+00
4.684555130834709189e+02
1.588250997049094337e+00
3.780870558223054445e+02
1.304226549432633853e+01
2.989894579073495038e+02
4.087259565364155023e+00
9.665395556405808293e+02
6.479918697951324580e-01
2.041251464231485784e+02
4.458430144233607173e+00
3.795075135721167499e+02
4.366312599483557211e-01
4.336116766248090926e+02
1.222462191397754250e+00
3.001829886591683021e+02
6.144485885711068462e-01
5.206495457368022244e+02
2.064160868191591280e+00
5.230639661062559753e+02
8.702151176893984097e-01
3.305116965954883312e+02
8.056368738434508403e-01
2.425041011763196934e+02
6.593626265705821998e-01
5.574138163057407382e+02
9.857698545612322283e-01
2.540704914296672996e+02
3.138620094243411707e-01
5.654306628889572721e+02
6.546707579444399627e-01
2.894004964226203924e+02
1.586310758056252990e-01
2.567246675601277843e+02
4.176816361190899274e-01
5.442217905153061110e+02
5.404664655710941235e-01
8.300190304215128663e+02
3.987767459002132253e-01
5.502784760850945531e+02
1.868763344597242637e-01
2.345336716381113717e+02
1.216339249894614755e-01
3.213653201644497699e+02
1.447412833111974273e-01
5.461868281340360909e+02
1.000000000000000021e-03
2.813689720690488230e+02
2.068068980465032625e-01
5.330684364194725049e+02
1.492800305188003718e-01
2.243596967098995378e+02
9.781695096436306136e-02
1.180399099034596702e+03
1.210942129241321802e-01
5.173287297119745745e+02
1.047973131720340983e-01
3.268617012378123036e+03
