1.004757787374265490e+03
2.104707369971658082e+01
2.256765809567063172e+02
6.349504765187791122e+01
5.476938863691705706e+01
7.764479909823904791e+01
9.103754009709933825e+01
3.376124214704643123e+01
1.850403142111150885e+02
4.296039927689901816e+01
6.472937674869658622e+02
1.153934074945538235e+01
7.837501653531039665e+02
8.192062275845131580e+00
6.718928835347055610e+02
6.133201447901597270e+00
7.730264341547659797e+02
4.472674157776032722e+00
2.092335295538848641e+02
3.674066321753530318e+00
3.400369317605139372e+02
1.552234463249521079e+00
4.828568144052038065e+02
1.872174760292232065e+00
2.981148572040470981e+02
3.157111096513260939e+00
5.696060630868835233e+02
1.284037201397610684e+00
1.893657475990037540e+02
2.535426009104349454e+00
3.374686495263293864e+02
1.497875816482865385e+00
5.097047313482473783e+02
1.376540605386189942e+00
5.358120325184409012e+02
9.515751927761484374e-01
2.895612818581172974e+02
9.043108470059099124e-01
8.074303601181671866e+02
9.626646521064899931e-01
2.877147369914912929e+02
6.770144482536278874e-01
5.238623118420007359e+02
7.378241166363326276e-01
2.318130069979916357e+02
3.619565189598347721e-01
3.280256592880047037e+02
5.409434486426581978e-01
8.051417327825662369e+02
6.924896883160712724e-01
3.831554163302595271e+02
3.211886891664211818e-01
1.450058279600169726e+02
8.280773687883962175e-01
8.111845339359412037e+02
5.307001307614088725e-01
7.894030628190511152e+02
1.000000000000000021e-03
3.383155983510220040e+02
3.762902308572541044e-01
7.992417311767761703e+02
3.236275810427616251e-01
5.207723282272195320e+02
2.443001772436339813e-01
8.219605471873137503e+02
1.516742872106230933e-01
2.169175749125464336e+03
1.343684027511746482e-01
1.786974906026377084e+03
