3.727948281944896536e+01
1.056654917824363480e+02
7.730234167964616177e+01
3.398090801931896294e+02
4.869999109193916098e+01
1.681633581363267353e+02
1.717117917015534445e+01
4.721399222656154393e+02
5.414273691635262509e+00
2.202283253506707297e+02
8.873409988963420147e+00
5.388129769084340523e+02
1.287531820643916447e+01
3.702528055636221325e+02
5.327794586850948200e+00
2.621217149826305786e+02
4.333525175189769207e+00
5.303563188130004846e+02
4.665161790472740044e+00
3.075331416114997864e+02
1.000000000000000021e-03
2.319986857770962843e+02
2.531490881351368571e+00
1.636497205334599130e+02
3.627099650026015087e+00
6.526800413353088288e+02
4.632480199227754447e+00
1.358393880805805907e+02
6.076088842479331120e+00
3.748130851069145706e+02
8.149817292761648346e+00
1.211368268794399512e+02
6.304186920329063248e+00
3.610862208326138898e+02
2.142403200285833087e+00
3.946980145863913663e+02
1.239156540952198737e+00
3.986497131639947042e+02
1.188321138477912653e+00
3.875636386233471171e+02
6.259042331014355032e-01
4.083906878538180649e+02
9.242976604616234271e-01
3.998259419597284818e+02
4.683926379634263948e-01
3.957765082033843669e+02
3.656079590485772357e-01
3.609868650370515297e+02
3.782705843310886218e-01
4.016302767307783483e+02
3.204203439700211153e-01
3.725871071974171400e+02
5.305208937257285262e-01
3.998105820453442334e+02
6.037260500223541326e-01
3.936262306911593214e+02
1.003791499721468972e+00
3.872055452644658544e+02
2.872482821840357303e+00
1.242192136161687728e+02
3.023579137795566751e+00
3.849736015225785195e+02
1.161743335690041956e+00
3.893022000594843917e+02
1.258988230288712762e+00
3.874257743992304199e+02
3.248467919337594267e+00
1.245655896828105966e+02
3.279359719914002547e+00
3.876881479513501176e+02
1.427316144416951316e+00
3.904109700463275772e+02
4.195924413867771818e+00
1.215969242606507095e+02
6.984390658283685660e+00
1.233984392150576070e+02
4.935184069146465013e+00
1.338201509364104140e+02
1.683596323033577757e+00
1.526267400834430816e+02
2.532701992392927814e-01
5.735978251594935351e-01
