4.190459753088245520e+01
1.016912915194712070e+02
5.872802997179983464e+01
4.141537806380951992e+01
1.637545396216423512e+02
2.974518812518010336e+01
8.878944269098595043e+01
7.909480215914720702e+01
1.775257385858112684e+02
1.122240777333871797e+01
1.865527962416446428e+02
1.619565275650528946e+01
4.717883456719221158e+02
1.578059138451097532e+01
2.601402339983455363e+02
1.282685000222448579e+01
2.537057499187897918e+02
6.802299970364679815e+00
4.770271274111727280e+02
1.674675572831173298e+01
9.503805366334283633e+01
2.207620349955483974e+01
3.367227126220310538e+02
2.281096976326742620e+01
8.684919624826424922e+01
2.072181979424475884e+01
3.393652491954279071e+02
5.915974507574552455e+00
3.864212500796164136e+02
1.161942684230914935e+01
1.112445840420355552e+02
8.213933195457880032e+00
3.960089714179111979e+02
1.719449635035964485e+00
3.934352687194462419e+02
1.000000000000000021e-03
4.808653284348786769e+02
3.401843101784032708e+00
1.347937144170832937e+02
4.025222411798468514e+00
3.646538043580579824e+02
2.632304168444890902e+00
3.804385150517680358e+02
6.246501475656815572e+00
1.029480896409098563e+02
5.098752110532873694e+00
2.852073377289287919e+02
8.035438220812073595e+00
1.082509096790734304e+02
1.073883569455656151e+01
1.853082058393046623e+02
7.791935859999853164e+00
1.064671065097823828e+02
2.950904240923890853e+01
7.195549058572848367e+01
2.448859675852699169e+01
3.216159589363008422e+02
2.255790578766752574e+01
7.390572443066433550e+01
2.456228514382567241e+01
1.004354675176639233e+02
3.464599289106432334e+00
2.048645115685289397e+02
2.300975483038760316e+01
5.335543228139919592e+01
5.687136173267543171e+01
3.243731902855326865e+01
5.220840511229979342e+01
6.100055301909490879e+01
2.672683193935975154e+01
1.089236751826661731e+02
1.088956159378971122e+01
1.370724022076909989e+02
4.629271205622055518e+00
3.111833205310728090e+02
9.146087143217574322e+00
7.185188333267210226e+01
3.212757016627161022e+01
3.792286511336673271e+01
6.019195192841198860e+01
3.165924290695433996e+01
4.334115459529095205e+01
6.342418061080686442e+01
2.450523945298721529e+01
9.373320824232379778e+01
1.849955498359452477e+01
8.918856268388884700e+01
1.399178229029557841e+01
5.110216482137516891e+01
6.960561129759797794e+00
7.634636887310388431e+01
8.019950228985173624e+00
1.125418577533751403e+02
2.144038647769867190e+00
1.623325001230622533e+01
