1.005787332422723779e+02
2.367703658761783814e+01
1.012377738064647161e+02
6.811184879645485069e+01
1.158862614651596203e+02
3.445335341092765447e+01
3.663824159163512491e+02
7.490684000382888996e+01
1.819866564605156043e+02
6.157203900272259389e+00
2.337920784377930374e+02
4.044177453872202399e+00
1.856264398983803972e+02
1.165224344737793594e+01
2.851777657425347456e+02
9.056755178557667207e+00
2.496348748577354399e+02
1.003323944178050020e+01
4.831982286516107479e+02
1.797399165059700321e+00
3.974240795552658483e+02
7.335344361383763889e+00
3.244197600686950977e+02
4.814220208515827437e+00
4.359987501806036789e+02
2.635470469352870992e+00
2.661181614248635583e+02
1.861790987292103683e+00
4.782641966902766058e+02
9.604988495827572192e-01
3.383471130505345172e+02
1.842841802039788979e+00
3.061623204079283482e+02
5.351817833410167369e-01
5.172575934365114563e+02
1.586611686861334691e+00
4.161914225914645158e+02
1.095023068727976323e+01
9.219779206934826732e+01
2.449954010230531054e+01
8.634609409689497284e+01
1.743265026190115563e+01
3.561061939141191033e+02
1.437339885988683719e+01
1.017241664246808739e+02
1.385529330823735350e+01
3.632367193900940947e+02
1.281849752398312958e+01
9.882556958572074279e+01
1.501555842534995122e+01
1.035766735256892304e+02
5.681610240427623637e+00
3.621193113310653757e+02
1.000000000000000021e-03
3.084720059486853074e+02
3.450957128568810650e-01
3.732003108183467930e+02
3.305777768524582050e-01
4.025922357135776224e+02
2.521264676485626133e-01
4.140905691098688521e+02
3.572692557607187736e-01
4.023653782015611569e+02
3.407352664327108482e-01
3.919199139489274444e+02
4.733791250365259051e-01
3.885091239851157638e+02
8.177645941790211426e-01
3.873314159736868305e+02
3.932737226537145858e+00
1.223548081610291831e+02
6.064759835337143912e+00
1.350807739929721549e+02
2.720585851748342776e+00
2.019887748186506258e+02
1.318640155974202921e+00
3.959325978456140547e+02
4.943694143355762627e+00
1.158764208885549039e+02
5.810032473977756240e+00
3.528527248692905118e+02
8.721404155148659854e+00
9.603151760629826583e+01
1.367648043502509836e+01
1.012304217406514226e+02
7.779028013281378939e+00
1.791826401447179364e+02
3.017356929932755616e+00
1.368396593942793515e+02
6.986136321421700046e+00
1.168140989164315187e+02
4.680590927418415426e+00
3.736778819050352922e+02
2.065548080758984995e+00
1.221697688996025022e+02
1.913201986523943354e+00
1.222315402741858748e+02
5.633268298774436467e-01
5.451842064173455515e-01
