4.052379407127577338e+01
1.302330765169393771e+02
4.617479341417936212e+01
3.586771146030140471e+02
5.878198431626263698e+01
1.865725476124321176e+02
4.218432749861730002e+00
2.202492183761282263e+02
1.371896883242836118e+01
4.365071281001887087e+02
9.930211556118360150e+00
3.052067452334083555e+02
1.087920072480840616e+01
2.356837243665542587e+02
3.527973959719599151e+00
6.466807911207708912e+02
7.032247478988302269e+00
2.939302118735010367e+02
2.197596095251812542e+00
4.993667923784212235e+02
4.089729742993088557e+00
4.505454063584843425e+02
2.493232104612285394e+00
3.484018439561029936e+02
9.846281649803372282e-01
2.674336054034783956e+02
1.830774007956465776e-01
2.481293955280647765e+02
1.359598546591413992e+00
5.768651809863218887e+02
1.830291603816813106e+00
1.682927285845470919e+02
1.496922990446539092e+00
4.044245039828554127e+02
2.167061094531937404e-01
4.780139046876369662e+02
3.335256765374861598e-01
5.084968894458004911e+02
1.734038217159261652e-01
3.410163357831065127e+02
7.683664253236813790e-01
1.513413928143832266e+02
8.377910862165088846e-01
4.133218774341585231e+02
2.781756089989403380e-01
4.461709579162236423e+02
1.863702888501226063e-01
3.530683123339787244e+02
1.044769658303632970e-01
4.725623953364727186e+02
1.864050236622904200e-01
4.443141778147378318e+02
6.689996595235096766e-02
4.223055422205653144e+02
2.495694264952103003e-01
1.532446267514242777e+02
2.003207899409367165e-01
3.894683383684588307e+02
7.617743082379542507e-02
4.722913446402309887e+02
8.470728005300785790e-02
4.177364888030249404e+02
1.000000000000000021e-03
4.177364888030248267e+02
4.852139094263852037e-02
8.484686587097875190e+02
6.405235465444480969e-02
1.727183151265522554e+02
5.765843759169752419e-02
8.623687047010191691e+02
1.979992506865482782e-02
8.375000650181167430e+02
1.828600125380767591e-02
3.706882859588905035e+02
