2.257668431528086330e+02
3.227467623931161711e+01
1.878081270837064665e+02
6.233376903800113666e+01
6.964431742694959837e+01
6.142716495277895916e+01
3.438837909998432565e+02
5.253633488290032716e+01
2.513687665329982792e+02
1.169442372177226375e+01
3.833606129024337292e+02
8.886839991165151886e+00
5.523273576138921044e+02
1.162988194441768997e+01
6.228188659191076795e+02
7.827472652636076944e+00
3.054073175338351689e+02
6.366161938010284516e+00
5.218983807114690308e+02
3.546414003396769044e+00
4.289689000469875282e+02
2.429075455540172346e+00
3.847747990871478692e+02
9.942970940940764057e-01
4.664551374659858425e+02
1.743094730597353204e+00
3.479284321704138847e+02
1.649205552620885085e+00
1.877430216005436137e+02
1.194160518306904395e+00
5.416148633733155293e+02
2.806454616179648864e-01
3.664181691142257478e+02
6.752453601951643458e-01
4.390737896258653450e+02
5.352873581339635534e-01
3.809613511696379646e+02
1.497682059145974076e+00
1.385195920324100314e+02
1.480759515793010461e+00
3.917982398420860477e+02
2.819436784044438982e-01
5.039396328935825409e+02
7.549512378620598652e-02
2.610408521841890774e+02
1.977121532883784893e-01
5.859380213620100903e+02
2.496134200329772068e-01
1.593363859999167857e+02
2.751265636435257234e-01
4.039773547332125077e+02
1.369544293168026006e-01
4.483928502257011246e+02
1.066066739445620387e-01
3.424402797114913142e+02
5.718760518040536672e-02
4.766040634571219243e+02
7.790027361841783682e-02
3.637340112080145786e+02
1.000000000000000021e-03
5.022993488110676594e+02
5.303896706556056329e-02
1.830765647723493430e+02
4.935209344407519988e-02
1.914991935058568231e+02
