2.373540051582527894e+02
3.547790410835798980e+01
3.703902802231280589e+02
5.234210584450477910e+01
1.176140552949652687e+02
6.445031639397126355e+01
1.479371367857308144e+02
8.723176061472392107e+00
4.787488229493034737e+02
1.763147400924489006e+01
3.264721691709060565e+02
5.139940098029351034e+00
4.676714944231799791e+02
1.506844352326382586e+00
3.787457247919033421e+02
1.320837698644456104e+01
3.001845192958138568e+02
4.070495501439315156e+00
9.561505663134818178e+02
5.151391970553143018e-01
2.143244245848457865e+02
4.468844367635368187e+00
3.855109642561250212e+02
4.415045914132103011e-01
4.260386793746293392e+02
1.302868876539964305e+00
3.024408055676358913e+02
6.056738387024023229e-01
5.184718698258022869e+02
2.093711357478523549e+00
5.245188711376597439e+02
8.796069208788300786e-01
3.299512417519218275e+02
7.664843943083559097e-01
2.431834194357419676e+02
6.746524703456674432e-01
5.567419281504943456e+02
9.661812635978861419e-01
2.585391423108036406e+02
3.065054278278114275e-01
5.621062574625605066e+02
7.190945921969689181e-01
5.484813750451146461e+02
4.962746904751354493e-01
5.383109586121887560e+02
5.499273555405763680e-01
8.328037309842643481e+02
3.648129138360877155e-01
5.664790036904850012e+02
2.154550729466349623e-01
2.128579428107806564e+02
1.304757820949462854e-01
3.231024389367163963e+02
1.687023618471048814e-01
8.154841807351050420e+02
1.747552863236336018e-01
8.049179988549483369e+02
1.213808315745557725e-01
1.143029559621170165e+03
1.213382463500828068e-01
5.321004438755130650e+02
1.000000000000000021e-03
3.268617012378151230e+03
