1.055283179271683736e+02
6.037002051198335550e+01
4.840451707389625824e+01
1.094908305036243092e+02
5.152356100834465735e+01
9.756399372121077818e+01
4.314143055682136918e+01
2.428061490095099657e+02
3.320907416106300758e+01
9.562290341956085626e+01
2.963541018134872473e+01
4.777131114151669635e+02
1.698814612496623511e+01
2.708381993596311759e+02
7.129447426598889415e+00
2.371194658504448114e+02
1.144927526573660082e+01
4.090425408713794013e+02
3.390822302142566524e+00
5.301797908454194612e+02
2.597076058816782052e+00
2.413673862448750924e+02
1.000000000000000021e-03
2.721802440633697415e+02
1.531838596869739000e+00
2.367668834974702463e+02
2.460334956872825440e+00
1.684213358067583783e+02
3.623524130268144905e+00
1.284737552697969818e+02
9.918177223385550301e-01
1.033363310008455187e+02
