5.325275690327803346e+01
9.975712944200623156e+01
4.863780368581876701e+01
3.656737785452640992e+02
5.757780919880190140e+01
2.037095905769512569e+02
4.620864204504821160e+00
1.978687609448712976e+02
1.423106270503031823e+01
4.450191580288867499e+02
9.980415259072545453e+00
3.006603121067350344e+02
1.188780492019381896e+01
2.379040394692866300e+02
3.043703930355743825e+00
3.683081704803307161e+02
1.000000000000000021e-03
2.778465145728810626e+02
7.042136514431653005e+00
2.982817788296080721e+02
1.882289338839958193e+00
4.914117848199354626e+02
4.144511127272581419e+00
4.513998970526427001e+02
2.643696403066317924e+00
3.464024299200284531e+02
1.409819157991671457e+00
3.831893027470470656e+02
6.402101886127543606e-01
1.306853723324064447e+02
2.039609108378585667e+00
5.911480626216680321e+02
1.861777344618005037e+00
1.619170429772866555e+02
2.272083575450436932e+00
4.075437891934184904e+02
7.112513855873201507e-01
4.087000368429085597e+02
1.070297588984186810e+00
3.769297534821855606e+02
5.697227211696176852e+00
1.157611142972477722e+02
1.207667174746251071e+01
1.110534840428012444e+02
1.054177513495285368e+01
1.253389469802043692e+02
3.802283590312600658e+00
1.472612891855795283e+02
