3.677550224850058669e+01
1.059168516917724787e+02
7.994046952018437935e+01
3.315308638099274958e+02
5.745115254693911311e+01
1.454114475145354390e+02
1.799113962125521127e+01
4.940226070016045128e+02
5.518259614388560941e+00
2.000826931161560083e+02
9.703517837305188465e+00
3.730712467780327302e+02
2.453109442948814278e-01
1.701201282874393996e+02
1.387407205547161304e+01
3.701429112819617444e+02
8.122623857333071129e+00
5.138846725982965609e+02
3.932572203826185664e+00
2.897612207755349800e+02
3.165933547686290428e+00
4.951979736375632797e+02
2.560591593591118986e+00
1.936863262356374378e+02
1.978765257750046525e+00
4.539920122569225782e+02
2.102090757885902050e+00
1.348783231013804311e+02
3.620293042065610312e+00
6.038419865649688063e+02
1.177051165639195318e+00
1.817346615009009270e+02
1.519265896149892159e+00
3.046342241826433792e+02
3.601562818798740850e-01
4.195620632591713957e+02
2.605812661882389025e-01
4.022841792331271336e+02
5.729628283760980212e-01
2.941567596397784428e+02
1.000000000000000021e-03
3.743813304506270470e+02
2.882774756344924638e-01
3.877004646055739840e+02
6.289993124608643349e+00
1.133424025338518106e+02
1.258357825353207282e+01
1.105006872534780484e+02
7.966511133122034849e+00
3.797568492401385924e+02
2.183164374358496751e+00
3.914379992547092684e+02
4.681204059699919817e+00
1.217923546356967677e+02
6.002980560523592857e+00
1.278743478699691849e+02
2.512862865641098509e+00
7.595103898078168214e+00
