8.791386880161462614e+01
7.710978527083099721e+01
4.606411423917472092e+01
9.856068472581455353e+01
4.757360137619916429e+01
1.828543848245454058e+02
8.342130540436814456e+00
2.280221520002992293e+02
3.406375247896053082e+01
3.914346596896079973e+02
1.860861411481334926e+01
2.995360836181422428e+02
1.047555003342858448e+01
1.704795794399171598e+02
1.092823547582374388e+01
3.018436361128884755e+02
1.274573075638244646e+01
3.887918026534852629e+02
7.243188043255678998e+00
1.694707979580164192e+02
3.146690228857344618e+00
3.818354398686688569e+02
1.306601487512678128e+00
1.910630345402340424e+02
3.620038989720153477e+00
5.042524863075536814e+02
1.404287922820202761e+00
2.312414892263100512e+02
2.485882319512085381e+00
4.327486764684495029e+02
1.118266235660010599e+00
1.480358391384013714e+02
9.437837269332983725e-01
2.275461834932099521e+02
2.092218386383241313e+00
3.904283461537631297e+02
4.015808380483911755e+00
1.308807962101767544e+02
4.687425733480269585e+00
3.690068163423396186e+02
2.488090358861635432e-01
3.997097162138827571e+02
9.650923047151562795e-01
3.676800765930992725e+02
2.826130505963517225e-01
4.320089402014281177e+02
5.309448302512737028e-01
4.511854546409038562e+02
6.016388455710490746e-01
1.386949503479433474e+02
1.922143007355856525e+00
3.939158097844970712e+02
1.025164752228166343e+01
9.635320895922356499e+01
2.109331722453046609e+01
9.328159469237573376e+01
1.359471318137657825e+01
3.650973840930903407e+02
6.594038157320092353e+00
1.187434766542903333e+02
4.572791624650857756e+00
5.045916727334240477e+02
1.000000000000000021e-03
1.423207282068632367e+02
2.380311617971493821e+00
1.259565637925145154e+02
2.381262488804628763e+00
3.824296593583579806e+02
1.006724644215436504e+00
3.891646111180893968e+02
1.606350830478537217e+00
1.277311587361231204e+02
1.502274986274112933e+00
3.982012618199104850e+02
6.625257648839307789e-01
1.358993742716828308e+02
4.208537882332912816e-01
