2.599610140585143085e+02
4.128574032968555940e+01
3.723107825270893159e+02
7.108267795816568935e+01
8.895764144509431048e+01
5.623720273253621116e+01
3.577999983472494705e+02
2.651181458749331199e+01
4.949045753770843135e+02
2.092348540361813036e+01
2.953594194183415880e+02
8.064044595967072127e+00
2.866003660493213374e+02
1.428985208892272540e+00
3.406155040561344549e+02
7.252164458674375425e+00
2.297286400578346104e+02
3.698197322776357598e+00
8.005519922779866420e+02
2.679395974553903326e+00
1.873083152807887188e+02
4.746900764424223595e+00
5.802597574004024636e+02
1.491605248286900443e+00
3.060011393732695524e+02
8.209855828438384906e-01
5.035204273885623820e+02
9.226944691008012178e-01
5.011042271152007288e+02
1.090440820032452462e+00
8.483462592175324062e+02
6.176684780799932550e-01
8.008922494735774080e+02
3.784150459247836995e-01
4.243480442554281353e+02
3.863979091557668832e-01
4.287614924491551278e+02
3.228798866292199032e-01
7.730302786894295650e+02
1.000000000000000021e-03
1.027025941687384875e+04
