4.354810760192025754e+01
9.161530775456458286e+01
8.928712640336617312e+01
1.135003270127573813e+02
1.378764821304344679e+01
1.481193329845045241e+02
7.209582942536074768e+01
4.096864639001522050e+02
1.626869651133907979e+01
4.235493775624833575e+02
9.088354844833006041e+00
3.095615880065851115e+02
1.457317314660799390e+01
4.930473158863529193e+02
2.033877485502094906e+00
3.880254958404535728e+02
7.747076336560391852e+00
3.128963637823761701e+02
2.445367043920516625e+00
4.766742541536470981e+02
4.942185333536145642e+00
4.530613810457788873e+02
3.235261665940785125e+00
3.347429673365178928e+02
1.000000000000000021e-03
5.461595782858976236e+02
9.040347393401091391e-01
5.616251462234876044e+02
2.417619848538270944e+00
1.599040378809818037e+02
1.676436741526656338e+00
4.590977551989488347e+03
