1.701571846490884070e+02
6.229260727418068910e+01
1.197330886988974470e+02
3.993261273085349927e+01
1.721180898216934736e+02
4.824546027850709606e+01
7.222362322841101445e+01
2.056233973501527856e+01
2.582211243699073293e+02
3.587037165433309838e+01
9.094318818552359289e+02
6.243837174078388230e+00
2.986005623663240272e+02
1.449848700914752264e+01
5.762589209290325698e+02
7.192587056992624461e+00
3.078456916214359467e+02
8.185812418154201353e+00
5.338820450217715461e+02
6.819300845983841342e+00
2.299420781135265202e+02
1.053429190717806163e+00
3.571813393566574746e+02
1.714063916396073139e+00
9.633501801207511335e+02
1.841340574814977149e+00
3.441227380765124622e+02
2.682817837031466368e+00
1.660279435226140663e+02
2.779096274257317756e+00
3.618395049736694205e+02
2.103022720539455381e+00
5.429122182796162406e+02
1.209957234469707821e+00
3.226430540554495110e+02
3.896935615603481784e-01
2.294409415320591563e+02
5.285684367165977005e-01
4.165400347239389589e+02
3.060164521791015613e-01
3.786249469703902832e+02
2.570055304635767146e-01
4.981133604844864635e+02
5.333904413531472821e-01
3.384506937860090829e+02
5.545780285541702659e-01
1.906936167237488178e+02
1.852955107266690826e-01
3.285798735620400066e+02
3.152389166517239882e-01
3.257763039306938708e+02
3.131298786186016980e-01
5.063062498499052140e+02
1.279134138724030978e-01
7.650465961282731087e+02
1.320806145612614668e-01
5.895799334041486190e+02
1.728817670172793086e-01
5.455555161091072023e+02
1.301207379005045461e-01
3.122057299988078398e+02
8.293836900232900988e-02
1.280098679537624548e+03
1.000000000000000021e-03
6.023993786059409103e+02
7.105858564220815521e-02
5.421102488246110624e+02
8.380956642190182104e-02
1.614454850269965618e+03
