1.427409727191743514e+02
1.178705258462515104e+01
2.033338857934125770e+02
2.722128153967681286e+01
1.068720307703860186e+02
6.711638199149406603e+01
7.519461428579123208e+01
3.852074146818298317e+01
1.854081067967270258e+02
7.069845040305965256e+01
3.494908080109607909e+02
2.275519867170926247e+01
4.668980379852330316e+02
2.047661146298368706e+01
2.815389045714007921e+02
1.363752602486480647e+01
2.129421106805583577e+02
4.924705684844643550e+00
4.566136101153418281e+02
2.521724307465917914e+00
2.157614741241909542e+02
1.429720504047166774e+00
4.237730485106412175e+02
6.715390055703290839e-01
1.110941236032314663e+02
2.035300966785251298e+00
4.705340558966528306e+02
3.577798679449989638e+00
4.811376721380894423e+02
1.008157084156863226e+00
3.406593653835440136e+02
1.405972094198081557e+00
4.784337813028902247e+02
4.681862032031630649e-01
3.254596389032495836e+02
1.318335851184065044e+00
4.716959620313412529e+02
8.705592120154231894e-01
3.862462748218441106e+02
1.306885890072666534e-01
4.158998515751502509e+02
3.451038152837552775e-01
3.994149542429656208e+02
1.000000000000000021e-03
4.504040973378122885e+02
2.518973391663615891e-01
2.080248353126401355e+02
5.121740260210007056e-01
1.572655005391273733e+02
2.662568340674879575e-01
3.842276960572749545e+02
1.783614084400225175e-01
7.751775084624121064e+02
2.760308285131621853e-01
1.291896194888069545e+02
2.877983850796012044e-01
4.265438029251462240e+02
2.192386540540879059e-01
4.118154394700320609e+02
1.607114945502954584e-01
3.948587554274977265e+02
4.608542037271775027e-01
1.295613179194282907e+02
4.407483731376872771e-01
3.855341610727975876e+02
1.480171565690933944e-01
3.846933656677981048e+02
1.635861152519475503e-01
3.997815618584511981e+02
3.597194042446633655e-01
1.326347175886384093e+02
3.163297223789729440e-01
3.961716867593304414e+02
5.615230084949998646e-02
6.620356335546060791e+02
5.594057707594662920e-02
3.823116830173033804e+02
1.672610171105363419e-01
1.278760071666868186e+02
1.878279706394191950e-01
3.885762318353575893e+02
8.130849999190389865e-02
3.980786355126934382e+02
7.749620205202643886e-02
3.944441055685900892e+02
8.670851499185124045e-02
3.968937745596817877e+02
2.305953097881208724e-01
1.300768114322382871e+02
2.187002354335763898e-01
3.938457610853732263e+02
7.619106746552890830e-02
3.915338704444399696e+02
5.773613024825521162e-02
3.989636184563558459e+02
6.270022584194287485e-02
3.961599047206441355e+02
8.543382300131262264e-02
3.989605375657943682e+02
1.963298500777149735e-01
3.977444211488606811e+02
1.846140641204796040e+00
1.281329717367943317e+02
4.814013536889726552e+00
1.269257358832393692e+02
5.893757761576897458e+00
1.348652631531319628e+02
4.443745023070100331e+00
1.493867723473935598e+02
3.093296131410938621e+00
1.353058413163983289e+02
2.158627600855548057e+00
6.441623455401750675e+01
1.127703828416069642e+00
1.019688692070517391e+02
1.768339489664190189e+00
1.308701091330583495e+02
7.587334777667091856e-01
1.339489075876498418e+02
1.375537026654406469e-01
2.453298543920306773e+00
