2.249639401018991691e+02
3.659650118262833729e+01
2.100832575969551499e+02
6.653250643842922862e+00
1.353877894173789116e+02
6.406121668296448490e+01
1.178770112246535433e+02
5.658141751328730606e+01
6.432487247770621934e+02
1.573402379319391109e+01
3.451745315634362896e+02
3.779155099635702619e+00
3.938919532590767858e+02
3.513651685019934856e+00
4.621357029754242944e+02
1.178748727575890243e+01
3.268450179355593832e+02
4.342346949265933453e+00
5.717721977142764445e+02
3.941518194048910129e+00
3.402622754037510617e+02
5.256822935690714793e+00
1.750854846099494466e+02
5.379645756625734521e+00
3.417599682637130627e+02
2.943105551393143227e+00
5.336771737179814181e+02
2.061528020728878197e+00
2.714297058392253916e+02
1.000000000000000021e-03
2.714297058392253916e+02
1.502293541368011409e+00
2.559301067503494949e+02
1.310109819164377853e+00
5.622403008000422915e+02
5.857604147860535626e-01
2.829630946234642010e+02
1.127516041610946873e+00
3.061333357583172301e+02
4.143150034260840719e-01
4.937566560855373723e+02
1.413928807195609982e+00
1.100928221808365635e+02
6.488503519186840096e-01
7.300560001020337495e+02
6.624235186097233719e-01
3.669710015094463529e+02
2.841223410851774767e-01
1.600085359993479699e+02
3.933776510476772459e-01
5.707408470600798864e+02
4.261403339817212421e-01
3.901716831550406823e+02
9.992647357581864176e-01
1.353932793430568040e+02
1.107442238084482833e+00
3.800172642453194953e+02
3.282527788248739142e-01
4.018789032670995311e+02
2.413135735051572528e-01
3.693903764407121457e+02
4.139328896770234079e-01
1.264240007780374242e+02
2.899499738228957790e-01
6.620792898574923129e+02
1.471782868373625597e-01
3.899543413348722538e+02
1.415422570448767736e-01
3.960865971823859581e+02
1.851827937933155366e-01
3.879667900139731387e+02
4.058978429606401317e-01
1.287651094859748184e+02
3.401043349788519521e-01
6.398802398307417434e+02
1.613650274098977488e-01
3.896223663947524756e+02
6.973806267335301845e-01
1.281413590239482403e+02
7.615157675949637550e-01
3.882186618300971190e+02
3.363186704993210152e-01
3.863924092167249000e+02
3.505125605006116918e-01
3.845640264378079678e+02
8.814169696429695611e-01
1.266989728725237825e+02
8.681172301171515837e-01
3.840679289801805112e+02
2.969003854744015070e-01
3.841617343484493858e+02
2.467663983217089629e-01
3.820402138458471768e+02
3.296874885881559414e-01
3.823410435824920341e+02
1.301280825624575588e+00
1.252583811058975556e+02
1.642130165047714474e+00
3.812224256306466827e+02
3.629100010437191326e+00
1.184559822762075783e+02
7.183568005772283271e+00
1.161328964062684861e+02
6.869798293226250685e+00
1.215282564255269193e+02
3.830720505185666092e+00
1.304669350763845443e+02
1.229195319715012058e+00
1.398599207118725474e+02
1.832773754301642855e-01
1.296436187343167123e+00
