4.227680884714560250e+01
1.269968909372763761e+02
4.520873313093308354e+01
3.619808596821164315e+02
5.778422684350447724e+01
1.898948565050534967e+02
4.350193802385073916e+00
2.167654515674787490e+02
1.370458630138793765e+01
4.380433878082357069e+02
9.967060882793637333e+00
3.043608986388225617e+02
1.101585298498289589e+01
2.358247681619675120e+02
3.484680882203546215e+00
3.879608391193168018e+02
1.000000000000000021e-03
2.586405594128779057e+02
7.021816472340761450e+00
2.946062459754426754e+02
2.154023219790306420e+00
4.980373234853011013e+02
4.087968762772377751e+00
4.512735243523262625e+02
2.502699429284125365e+00
3.469953988492675307e+02
1.009354478214997020e+00
2.748896465273930971e+02
1.760628262856785697e-01
2.408184716180415705e+02
1.361912970390499078e+00
5.773863595088628244e+02
1.832628580072882984e+00
1.683580989144845717e+02
1.511876380372209283e+00
4.014964096628723951e+02
1.976878121649883469e-01
4.797826067442011890e+02
3.280687305238680906e-01
5.093668756207060824e+02
1.888250430386355927e-01
3.426675642564678128e+02
7.697248483873784242e-01
1.509013540140905150e+02
8.588649832134255258e-01
4.126349389411219590e+02
2.761370478957278496e-01
4.433449862845812390e+02
1.886890339581533682e-01
3.535469991507824261e+02
1.052444119113089549e-01
4.731247727354374888e+02
1.811560081282962975e-01
4.509922213765644869e+02
5.758120711432359456e-02
4.198801670223492124e+02
2.372774042272626227e-01
1.543568160101186209e+02
2.040037801641023385e-01
3.874725055444654913e+02
8.040956067988128120e-02
4.642990133692698009e+02
9.492941128657793326e-02
4.017724427077574205e+02
2.326325475353705971e-02
4.353375954649591790e+02
5.710421958363316730e-02
5.118477199066314824e+02
1.626771710482208949e-02
3.919669554142977859e+02
3.981214608636801655e-02
1.559522994074280007e+02
9.118349480964151044e-02
4.186825176895811751e+02
1.537836940949285913e-01
1.360984708366831626e+02
1.567800194565356631e-01
3.877548979111339804e+02
3.658809053445141041e-02
3.948529822647411720e+02
4.898449184743788182e-02
3.880241743084932295e+02
1.483677502088436295e-01
1.379820811275644985e+02
2.083126211926544236e-01
1.363973767826022652e+02
8.080387508589059742e-02
1.219564453702507123e+01
