2.602255442017083098e+01
1.445576895417896992e+02
7.225761774596483633e+01
3.298719656106007392e+02
6.603552082863077999e+01
1.107087162000014473e+02
2.759521654696546022e+01
5.119472177096659493e+02
3.851196532829402663e+00
1.807160003523961507e+02
1.128409779971322990e+01
5.461950853585507275e+02
1.188096577386974850e+01
3.792719738966126215e+02
3.766654552112759902e+00
2.471211000160297147e+02
4.418348358157503597e+00
5.448067405949299200e+02
4.802406545094469514e+00
4.892724931455204569e+02
1.871898663545457309e+00
2.267824988608158208e+02
1.000000000000000021e-03
6.131526821051687648e+02
3.136972237403908181e+00
1.841053715146225329e+02
2.577167755170354901e+00
3.212963317066382842e+03
