4.819621859019992627e+01
8.998492384415457934e+01
6.650799669806305303e+01
3.579916744266031969e+02
4.133609893766276855e+01
2.006598471326253446e+02
1.725326421943225341e+01
4.345184875884046392e+02
1.030032444064459085e+01
2.312172317053081088e+02
4.083460374739479981e+00
2.879951857224538685e+02
4.698250861255190536e+00
2.506436297152385180e+02
1.004997638033721508e+01
3.599215077284723066e+02
4.179562806898060145e+00
2.873550871791592272e+02
5.739347711202202440e+00
5.175799637250454452e+02
3.273031533316301811e+00
5.299760968549250038e+02
7.817157910924771969e+00
1.282114707478006608e+02
8.449180252466835128e+00
3.674770864766566092e+02
3.748284192866709663e+00
3.755340815997046775e+02
1.397116723509558289e+00
3.905170770158753726e+02
3.486480001905704729e+00
3.559157821617349668e+02
4.344091204066774736e+00
3.724270858656192900e+02
1.582594254017525870e+01
9.268984660785635299e+01
1.660534636174756074e+01
1.309812586645785757e+02
1.000000000000000021e-03
2.230221431315797247e+02
7.162252769420710763e+00
3.502448145595265601e+02
1.568303773378456079e+01
9.078111444648727968e+01
1.428448403417196744e+01
3.282856595970217768e+02
4.055013594405650679e+00
2.932563277856645527e+02
2.177787343109832108e+01
4.401614901408912317e+01
6.978993461478501104e+01
3.348543987723532922e+01
3.172266273298659556e+01
3.118392492653658792e+02
1.883505150765646619e+01
8.361114386574269020e+01
1.687004072266355337e+01
8.369877829847655448e+01
2.426474354344556161e+00
2.532385610387120494e+02
5.870750643104903688e+00
1.016645628914496200e+02
6.958090854139523884e+00
1.083113801576510866e+02
2.898207284502561265e+00
