3.699832533546222635e+01
1.166299570484481904e+02
6.673659390969879723e+01
1.711429736098389753e+02
8.011856994499030327e-01
1.548893190805701749e+02
6.776194128366839209e+01
1.744610432432234290e+02
5.170878216072388511e+00
2.227930313872261365e+02
1.210604286367244420e+01
4.457443468271649749e+02
8.899284509182049163e+00
3.009220098059504949e+02
7.918609622219377364e+00
2.487953167191298007e+02
5.725394452466663786e+00
3.912390931540700194e+02
1.683896448112040423e+00
2.424440494272728586e+02
6.651671046182742408e+00
3.291156940482078426e+02
5.388795800873078523e-01
2.101147110668872244e+02
4.006845236439876778e+00
2.411747994750952842e+02
1.000000000000000021e-03
2.612726994313532032e+02
2.429005197559311657e+00
2.106105662647321992e+02
7.923764161399432515e-01
2.242759990216912342e+02
1.951734972020888526e+00
3.852004632402194488e+02
6.086021593427827447e+00
1.270879023798345600e+02
4.836068983429828272e+00
3.803601807112310667e+02
3.182913673122308662e+00
3.440438117075571540e+02
2.164803242390548998e+00
3.411947978885566499e+02
1.856379203185869287e+01
5.339657622300769901e+01
5.661763411093804166e+01
3.480396982397930827e+01
3.663479552971976005e+01
2.940395261218826590e+02
4.071428058226728552e+01
3.873446562627030687e+01
4.787674094056136909e+01
7.298979499670042514e+01
4.313543383815789944e+00
2.110693224204325702e+02
3.595456505227829780e+01
3.322915792039552940e+01
6.867364310000260730e+01
5.533016521012276456e+01
3.028286218001912289e+01
9.837694140183425873e+01
2.592943237315753890e+01
8.506181477527431412e+01
1.931462052203901436e+01
2.933711380028873350e+02
2.047413315376648768e+01
3.292739000852782283e+01
1.410396192992505462e+02
3.617170060214810690e+01
2.597515904915916707e+01
8.325546903365150797e+01
6.916686225137969046e+00
1.299334104820314639e+00
