3.713029846857176608e+01
1.140968315254853849e+02
6.596377904977288154e+01
3.546744227337987923e+02
3.999176387155404910e+01
1.940537331760438917e+02
1.841485453883358048e+01
4.414613921738550744e+02
7.229110780031055228e+00
2.407937698673752323e+02
7.153007723026099107e+00
5.307120909627528818e+02
1.331802686057719143e+01
3.622130666016485065e+02
5.873353361331883349e+00
2.848046413768313982e+02
4.382819892425501962e+00
4.994350268134676298e+02
4.454494422949246690e+00
3.330466936713037853e+02
6.141980732934593235e+00
1.345203310362305444e+02
6.675897484896210266e+00
2.024540300150071630e+02
5.868929085136558310e-01
6.371293899760413524e+02
1.193478630630536941e+00
2.394135688424912018e+02
6.303740158570223517e-01
3.242696609083918133e+02
1.348738915455347076e+00
4.904393847571321885e+02
1.113701344781913072e+00
2.150344202368141850e+02
1.000000000000000021e-03
4.569481430032301432e+02
1.306045260560862786e+00
1.371413757810137213e+02
1.629470773798930683e+00
3.823163648926119436e+02
4.631014926667336162e-01
4.315183438640065106e+02
5.972193589543987047e-01
4.065681102690364810e+02
1.100200234244036318e-01
5.271385547241401355e+02
6.778307982250671333e-03
1.802233282542040911e+02
2.621890857387539353e-01
3.855235703240429643e+02
1.125133266175828706e-01
4.090166083428849220e+02
3.345839041572279959e-01
4.042848680793896960e+02
2.235996288774820262e-01
4.050838860799909753e+02
3.037566295890580803e-01
3.777679016681506141e+02
2.709176759414355651e-01
3.899556819476654255e+02
8.247021326620680437e-01
1.236925423777865518e+02
8.010843131341743861e-01
3.928193017554519884e+02
2.970815968955613506e-01
3.875762338898484245e+02
2.164331431843631026e-01
4.048247206155550657e+02
1.377769009983571546e-01
3.826015121963872048e+02
1.388675489026361398e-01
3.943922139272892764e+02
9.409553283460081463e-02
3.811927603905813839e+02
1.203236657912727797e-01
3.844189454566193831e+02
1.383503548519382786e-01
3.951995243970384308e+02
2.191367957319529380e-01
3.875994096402301921e+02
4.676787782393281856e-01
3.815192520724136216e+02
3.979145360186652436e+00
1.121463807746174695e+02
1.017979854772224968e+01
1.028756488094276591e+02
1.232116377721291656e+01
1.039948190679366604e+02
8.548611241486842260e+00
1.127056806608028126e+02
3.419651868689408847e+00
1.206850883191685426e+02
6.393739393803697935e-01
1.612157848146123484e+01
