2.540565185999826880e+01
1.470566795080572149e+02
7.148467376969256293e+01
3.328558570673431518e+02
6.256553630300859936e+01
1.157568029405398420e+02
2.709280654046495584e+01
5.080416069990219512e+02
3.983822182742858597e+00
1.839634322231702015e+02
1.119778506608212432e+01
5.450570179480863544e+02
1.206877414710406704e+01
3.826374438407250977e+02
3.722015831665519414e+00
2.432072177052577615e+02
4.775739724093366334e+00
5.451851597197443198e+02
4.833005692116344676e+00
5.153179747790406964e+02
2.896560403661591288e+00
1.797492881218249181e+02
2.557478319861681726e+00
6.146964418218083210e+02
1.614778456323540112e+00
2.164869118694126939e+02
1.656994295461525768e+00
5.802783887870185708e+02
1.000000000000000021e-03
7.709412879598960899e+03
