2.048144854315944201e+02
5.239828137741605474e+01
1.366968938706658037e+02
3.579017347677489624e+01
1.046522868230689909e+02
9.075076162181994732e+01
3.067634169026983386e+02
9.427226234305138064e+01
6.604533234028578192e+01
1.193056438273988284e+01
4.796174037451416439e+02
1.129545172824013477e+01
2.958374202609999770e+02
1.681942980639134078e+01
2.701040702432507601e+02
1.135644097732001434e+01
3.131892022168398171e+02
6.316140267927377927e+00
2.784362746968922124e+02
1.199835375037717533e+01
3.057051621301927185e+02
8.366306980905628521e+00
5.343288600286668952e+02
8.658697876309297214e+00
1.048289271240493434e+02
1.198067187451913362e+01
3.200575412308426166e+02
3.392529923019206972e+00
5.480386125221907605e+02
4.428908500829636274e+00
3.362696164042382634e+02
3.714737965664617114e+00
4.082137834188563374e+02
1.707126359814899574e+00
1.353201742954757947e+02
2.123898057969889397e+00
3.508921296677586383e+02
2.460125828770779677e+00
3.558512342942875080e+02
1.559791170380698144e+00
5.277301312064230387e+02
6.601122447952686434e-01
3.154246557666924105e+02
1.509082062033204163e+00
3.637854326618709138e+02
7.851863218137302702e-01
3.941061740535935201e+02
1.813169912218082880e+00
1.148004465951234465e+02
2.132105687944838124e+00
6.186473709492588569e+02
1.974110330495253640e+00
1.246377994868843615e+02
2.466943168261367614e+00
3.674704866976997550e+02
1.969244942896026362e+00
3.385678881001901459e+02
1.078029356999190647e+01
8.799751204982260333e+01
2.131503195050142452e+01
8.741425980750921099e+01
1.337897569017899002e+01
3.556420036226982688e+02
4.555497006021924200e+00
1.097442433932319119e+02
1.000000000000000021e-03
2.560699012508744659e+02
9.196490318426830513e+00
1.090091350301194382e+02
9.420237240921116140e+00
3.657255652488655073e+02
8.037681378392193210e+00
1.121409194202762194e+02
7.056703563766848930e+00
3.774962151740792251e+02
4.300022654169083580e+00
1.202467021935483871e+02
4.376372661565420152e+00
1.212651561210308273e+02
1.358507568981964120e+00
