5.669130305064535946e+01
6.554949253236712536e+01
3.912426174603209716e+01
1.950994660638485243e+02
6.148839122662220547e+01
8.547372422415047311e+01
5.202424814032784894e+01
3.233102701505713981e+02
2.132338216259509700e+00
3.131036802794416758e+02
2.855700645244010971e+01
5.158909729813208287e+02
1.527943204616702033e+01
3.252863673708817487e+02
2.854312808956034342e+00
3.308258404737453588e+02
7.426374103882279698e+00
4.646678468766875199e+02
2.273985201844314297e+00
5.342378825744056030e+02
2.068646024083391488e+00
2.338400438776813530e+02
4.084135832172634650e+00
8.616063270994101231e+02
2.191730895069365914e+00
7.755221395772949791e+02
1.354147916712030053e+00
4.742330856298327149e+02
1.396884282831811763e+00
1.187302864391021330e+03
8.687354747118610776e-01
2.101863350025429554e+03
1.000000000000000021e-03
8.407453400101718216e+03
