1.673284760486360199e+02
5.029747841250934215e+01
1.326350832414387071e+02
6.401468982059495261e+01
1.082213859450067730e+02
2.880203979952425897e+01
4.276432970721632500e+02
3.882481648606933078e+01
8.924130319064589685e+02
7.268683547741358275e+00
3.063566127231918017e+02
1.503877704967359996e+01
5.699345961722589209e+02
4.789729347158922401e+00
3.060938717514243876e+02
6.501118530423156017e+00
5.412600201665121631e+02
5.196577185524151155e+00
2.570340683487314664e+02
3.056337517617360611e+00
1.884330255630860847e+03
1.000000000000000021e-03
1.067787144857487874e+04
