2.589332038922697166e+02
3.942564430818718080e+01
3.795037137191424677e+02
6.696624716604398486e+01
8.469356193249862486e+01
6.540665832421674963e+01
3.469174449962099516e+02
2.765341111549291142e+01
4.938597389779015430e+02
1.879126735343721677e+01
2.859221381719106034e+02
8.565247026318054679e+00
3.164204887532994803e+02
3.254355198466971633e+00
3.391851279914369002e+02
6.558197992257723818e+00
1.939698353032751754e+02
5.389616606697047452e+00
8.059181669571158864e+02
3.019809984229305577e+00
2.009538307179074366e+02
4.021987583758732221e+00
5.904970329858246032e+02
1.185465956246243291e+00
2.934018812006743246e+02
6.187675148974338679e-01
7.469158947050077586e+02
1.388091416408915535e+00
5.082230120072840691e+02
9.871595280230210934e-01
3.603248364030388871e+02
8.075964712403295165e-01
5.110435830220197886e+02
3.064131898362996709e-01
3.249062622144671764e+02
4.416996093182217198e-01
4.087627805018027516e+02
2.348961164487873288e-01
2.307910881878416092e+02
1.434934151722260243e-01
2.041349415720263494e+02
2.323555735737254935e-01
4.067355303934339190e+02
2.456645446304635272e-01
6.006011222889219425e+02
1.943639873798131967e-01
2.269155226935507699e+02
1.856804985613912107e-01
3.773535328067969203e+02
6.235311685159358741e-02
2.354543345631396960e+02
1.953841168583471954e-01
5.829154394666326198e+02
7.283594825908173975e-02
6.497583782037138462e+02
1.113681228236294007e-01
5.769026358837359112e+02
5.710409668087258750e-02
3.103491272709068767e+02
7.442708622891397452e-02
5.710830609431014864e+02
9.639301506234432271e-02
3.474682455834690131e+02
1.000000000000000021e-03
5.434759738613233822e+02
4.346583964243198872e-02
3.394472295188104454e+02
3.956376214743271419e-02
8.785558759089548175e+02
5.279741827430062262e-02
5.944337546740646303e+02
2.668425694920316740e-02
5.934900704682861488e+02
2.909026119884332642e-02
6.010635850236453734e+02
1.591770393433979136e-02
9.015787208689791896e+02
2.514289315362400537e-02
1.199386828554730528e+03
1.803721637414352694e-02
2.454097850170682591e+02
