2.599562160390781855e+02
3.926031728026628542e+01
3.785566955493114847e+02
6.771965158055151335e+01
8.567823014916268676e+01
6.368234833185495347e+01
3.489048729385090155e+02
2.731309035431043952e+01
4.937742508195620417e+02
1.909242602987951898e+01
2.868229355017473949e+02
8.566475029451716239e+00
3.158755932654535172e+02
3.002938911228822061e+00
3.380898680002663923e+02
6.415949887223863612e+00
1.965320549322559032e+02
5.275021394572738664e+00
8.046678041244746282e+02
3.018090110354549438e+00
2.011251821393973955e+02
3.992872597171687410e+00
5.884853952371744299e+02
1.172880486832064140e+00
2.964296216495870340e+02
6.296925161633835089e-01
7.476188258433053306e+02
1.402547314522939459e+00
5.065817470426801492e+02
1.007930098208537739e+00
3.608566564409376269e+02
8.038719088628513143e-01
5.014279706807249681e+02
2.688810231811551987e-01
3.322640155755385649e+02
4.848934991814651263e-01
4.010813940676230800e+02
2.914650652141257403e-01
4.599062147528874220e+02
2.436517942411827731e-01
3.966946522794966086e+02
2.519624123772259972e-01
5.982912022361400659e+02
2.084579367273121098e-01
2.168743564009616307e+02
2.042997685806039743e-01
3.821015802521670253e+02
8.956774201359754550e-02
2.317357623452564610e+02
1.717783920454827584e-01
5.946883500304405743e+02
6.174582849033857096e-02
6.401583236156772045e+02
1.124273870230283467e-01
8.855611755967501040e+02
1.133636222921567543e-01
5.660505252093253148e+02
8.769829231042655660e-02
9.158454499466087100e+02
5.381199874553532769e-02
1.203272976494189379e+03
5.143305897763227746e-02
5.777445289862506570e+02
4.277737952780762826e-02
6.034171911112534872e+02
1.000000000000000021e-03
2.946095697778473095e+03
