2.093898391349958956e+02
4.159130491546078900e+01
1.955994048911053369e+02
4.906737269404057145e+01
8.079153041490663156e+01
6.171079322453305593e+01
3.297057012831114093e+02
6.892955793426560263e+01
2.567479931671147710e+02
7.275503033665977171e+00
3.772698542586717281e+02
8.740994108432847298e+00
5.494883526016951691e+02
1.055746509308630188e+01
6.284600327407506484e+02
8.756805042453565946e+00
3.124865608697395487e+02
3.475697588105483682e+00
2.317778908700276190e+02
2.605050146645086606e+00
2.805326033727673689e+02
2.112297435646597776e+00
4.383023312023933045e+02
1.996636918595632970e+00
4.035740071197580505e+02
1.166323950962659506e+00
4.344045902441071121e+02
2.457254374763214066e+00
3.670474120939445584e+02
3.064680164331022194e+00
1.512879743129548160e+02
2.650440344786530122e+00
3.641225139349416509e+02
3.567226689792409311e-01
5.485732194761117171e+02
4.799747917672698150e-01
2.511412665692083408e+02
1.000000000000000021e-03
2.318227076023461848e+02
4.480662320211583061e-01
3.781624070591770419e+02
1.119887474280479633e+00
1.370453383312288338e+02
1.379407587219370290e+00
4.053022199228265663e+02
3.972241822539671618e-01
4.371687957880765794e+02
3.709961796486000440e-01
3.533046930074871739e+02
1.457102180923149359e-01
4.557648736347630347e+02
2.348773272509522281e-01
3.785118940536397645e+02
1.278805296852139894e-01
3.995470845125940400e+02
1.756841660391579574e-01
3.786974060152278980e+02
5.036827296404645660e-01
3.996833480466351602e+02
3.686813120004754918e+00
1.209737262786401288e+02
7.293937237641234361e+00
1.203373267706301561e+02
4.674669643394668839e+00
3.898669007321286699e+02
1.445945999035502361e+00
3.899352248709682272e+02
4.081130715254285946e+00
1.203261035899387252e+02
6.778278946566421936e+00
1.197057797171836597e+02
4.537823236416055117e+00
1.251150398474560603e+02
1.230707025272780752e+00
7.230657236239143515e+01
