2.363438880451580815e+02
3.478820680207596894e+01
3.678894004387094014e+02
5.703411967534790961e+01
1.201312840011088383e+02
6.500570677875003867e+01
1.235209913696708099e+02
1.181773868189605103e+01
4.912275277031827727e+02
1.573617719007003402e+01
3.348359624119584055e+02
3.797691917944142403e+00
4.646694414912498701e+02
8.212288447683836479e-01
3.849742019839522982e+02
1.415572387821989864e+01
3.141076747555759994e+02
3.779224428918719791e+00
8.687738507743348464e+02
1.514150728841954230e+00
2.913107138389520401e+02
4.610906821476246087e+00
4.234087135570454734e+02
8.984336478145811267e-01
3.876376743302952832e+02
3.020663349786889551e+00
3.860520425665536663e+02
3.505399057131137308e+00
1.288741041297576544e+02
4.423850825674384701e+00
3.086177895754821066e+02
1.198535940349209294e+00
4.853627139052417192e+02
1.234788797835250751e+00
3.523866248851265937e+02
1.606485129199445527e+00
1.874358932535494660e+02
5.803735936386403838e-01
5.999761454173318498e+02
1.570599153771303325e+00
1.394619475596924474e+02
2.539109211239865549e-01
6.701057518148518284e+02
9.048944260431479591e-01
3.596556716342661275e+02
7.784986795693321637e-01
1.580717672633370228e+02
7.954283535569030006e-01
5.958066093903933051e+02
8.014456140962226138e-01
4.032553114515206971e+02
1.477511494184131635e+00
1.300275216793636162e+02
1.729801610636782394e+00
3.780731617909850115e+02
3.282484311000015142e-01
4.163891821839150680e+02
4.361826575914101167e-01
3.686765668049974352e+02
4.093705460815216801e-01
1.510152614816711605e+02
2.748233837187096240e-01
6.194291367912981059e+02
2.330961021940437805e-01
3.940176739852362289e+02
5.567515476120841328e-02
4.095532195121553514e+02
2.046680281311298311e-01
3.843094408513159124e+02
2.532173788442051432e-01
1.421231530856791494e+02
2.275222659988452023e-01
6.119874183096638944e+02
1.182429015408039824e-01
4.034424485437288013e+02
2.464527154121797237e-01
1.296461363103966846e+02
2.799267691071907205e-01
3.841153765142977932e+02
6.242955706477644473e-02
4.109410444892126861e+02
6.084231594506533947e-02
3.625558250479277262e+02
3.512980359943845832e-02
4.280460500059788274e+02
2.171386519937754805e-02
3.646751821313812911e+02
2.999691175390912720e-02
3.915346870911135966e+02
7.738949352057893430e-03
3.991638427354052965e+02
2.123271766003323804e-02
3.639633189211727995e+02
1.511507883612191183e-02
1.715940124731152991e+02
1.000000000000000021e-03
2.369631600819211030e+02
3.295590338979244999e-02
1.252114492103931838e+02
3.219947635718307249e-02
2.107604249631316051e+01
