1.018327479906267712e+02
8.149093230191218140e+01
3.080571265483342458e+01
1.484758525970116807e+02
4.474593129732991770e+01
1.042307777177396417e+02
3.984922310884783769e+01
2.247428272530464142e+02
2.092848543560216967e+01
1.297412123847397254e+02
1.000000000000000021e-03
2.887788275660335557e+02
2.149330750992179162e+01
1.658955042180704424e+02
3.676632289641709406e+00
3.198371483030329046e+02
1.592842768239256834e+01
2.716278883926736398e+02
7.137881223264311181e+00
4.369327640054579547e+02
4.044975098258104751e+00
1.648028266760878182e+02
4.837281063208309639e+00
6.051650086674212758e+01
