3.444345304425030463e+02
3.631120315890746753e+01
8.951326980544682499e+01
5.733743331153582545e+01
1.142131073382588369e+02
2.830305559604912347e+01
1.786482218485487579e+02
7.611057349081724510e+01
3.365283545115696029e+02
2.811556515671871281e+01
4.650697145392029483e+02
2.140010100265856607e+01
2.849539816987036716e+02
1.251218789385118590e+01
2.044601980026149306e+02
2.801295663012576931e+00
4.359064733167028862e+02
5.915012425992281386e+00
4.935165733340824659e+02
3.216805635962373344e+00
5.345199505077298454e+02
1.149549046084406001e+00
2.113335351454689999e+02
4.338530184729603612e+00
4.942790924278688749e+02
1.376478713922429931e+00
3.372151007332409449e+02
1.332490346867898134e+00
4.821415197414516456e+02
6.765108776232440224e-01
3.274050575944249886e+02
1.018771342216862497e+00
2.142904567721745366e+02
7.244663806462695588e-01
4.994835572020903101e+02
1.339229003970842768e+00
1.267718470151879728e+02
1.099215534714080844e+00
4.132600921914101946e+02
3.218069525043282253e-01
6.161391657511536550e+02
2.683072279032596708e-01
4.475879927865945547e+02
4.426442579147834566e-01
3.547813642366193676e+02
7.991392009535522867e-01
1.162112972713926951e+02
1.388678672373750533e+00
1.201071340643773055e+02
7.472487867165684694e-01
6.421467606515282114e+02
1.036935185980080998e-01
4.193067066308854010e+02
1.737778794004461447e-01
4.131381907349268090e+02
9.624053468379463461e-02
4.020303681037888168e+02
7.777898858430908058e-02
3.569890990221534821e+02
5.921531768547761559e-02
3.901817084610090092e+02
3.991767290526467005e-02
3.697362811535493279e+02
2.587283590864318805e-01
1.355388391137772715e+02
2.394856238266342974e-01
4.003362904838598411e+02
8.776740893427897872e-02
3.971575096735961097e+02
1.758346552358985501e-02
3.916011387234215135e+02
3.043923678591651388e-02
3.086906509377743077e+02
1.740223240696878865e-02
4.485667863985233339e+02
2.548728943677259356e-02
3.760231912311322731e+02
2.600457776844375749e-02
4.254985172433888465e+02
2.856858963584864991e-02
3.843199052381752949e+02
3.226107520466617307e-02
4.068451931829517321e+02
7.869598754151396758e-02
1.274205870159993736e+02
7.237114207879698224e-02
3.920084907034357684e+02
2.403436323797151358e-02
3.880985834085127522e+02
2.338510911546897580e-02
4.030356251861747978e+02
4.813276106055214276e-02
1.333959753922511595e+02
4.402789261535830501e-02
4.074024140604703916e+02
9.967435189950369853e-03
2.645748061511769151e+02
1.000000000000000021e-03
3.968622092267652874e+02
2.383078382365904149e-02
1.304190053881593201e+02
3.245149118304456459e-02
3.979722881142956226e+02
6.715668244745472137e-02
1.340862862547756720e+02
1.069984481147025629e-01
1.360930059272476740e+02
6.783857737466035542e-02
1.366190839808880639e+02
1.533045762138098532e-02
