2.649648407220296065e+01
1.735212459656200679e+02
4.858224484223492112e+01
3.454108636673714727e+02
7.042145579207424078e+01
1.112598141771187841e+02
2.328445687265081432e+01
2.303165096202755819e+02
6.751791617372260745e+00
4.646043065606341997e+02
8.350547652023648126e+00
2.662621449029463747e+02
7.256150712101700151e+00
2.905868872352541530e+02
7.389050117454730504e+00
4.384094228686701626e+02
5.673882423201861869e+00
1.471184398500941199e+02
1.058734774903023634e+01
5.696701417584285991e+02
4.472131884376672417e+00
4.437363338864154798e+02
5.234496615801488062e+00
3.442044173891653145e+02
1.689672257481201001e+01
8.647022439788402437e+01
2.391783356253129966e+01
3.254156007363109211e+02
3.573789634884676047e+01
5.958371703360923988e+01
3.457458695098584656e+01
3.244588513298271550e+02
2.526728079754865774e+01
8.201218854395305868e+01
1.866604812723149465e+01
3.544397269117906148e+02
4.860400719137281556e+00
3.812313179202711240e+02
2.383015007175781630e+00
3.714199421105906254e+02
1.454997099545404238e+00
3.528772871443356962e+02
1.595868957354767970e+00
3.506577828939921346e+02
2.897340656909920042e+00
3.459416810562818227e+02
1.981658947263142423e+01
6.102338789915667405e+01
4.585808567484524190e+01
5.400315906588537018e+01
2.508244689250198789e+01
3.064765616573964166e+02
1.228083612251588796e+01
8.618246138815533186e+01
1.152172945939793713e+01
1.249154069730281691e+02
1.000000000000000021e-03
2.126938010621831268e+02
5.616649436884250335e+00
3.401770587432746424e+02
1.722895344146947139e+01
7.146891322084913156e+01
2.904842546259217784e+01
7.579520066590133354e+01
1.562181906236216911e+01
1.730092882615319922e+02
6.251637834078035638e+00
1.211722151835639636e+02
1.690108488247577156e+01
1.047685299582644660e+02
1.161868755109211193e+01
1.915974583339576043e+02
4.216280756050319489e+00
1.396348320875948161e+02
1.081165647438224298e+01
1.152601606319697822e+02
8.806495793585822796e+00
1.226171585848354795e+02
2.471853057137832987e+00
