3.497031200118216248e+02
4.347970285005469293e+01
5.231822407542158970e+01
1.022273959930192291e+02
6.107938363991017638e+01
4.813279542745846129e+01
1.356258046597635598e+02
7.829160919583870282e+01
3.463993242115842008e+02
2.493686418343592592e+01
2.284893727241359329e+02
8.040807314997118205e-01
2.284373232478992861e+02
2.342358981955409547e+01
2.921188822203656628e+02
1.130417026860941654e+01
2.076260361244125363e+02
4.794191802516544421e+00
4.338387122442865120e+02
5.094189569227946635e+00
4.851425604960794544e+02
3.143028649607829461e+00
5.056899071190745758e+02
3.763393414991764163e-01
2.532892063590649059e+02
4.235267290028858156e+00
4.737086255843263984e+02
1.821772785684522722e+00
3.497039495614302496e+02
1.691237674395113855e+00
4.479280411358633955e+02
7.648638171624143611e-01
3.428275174266290151e+02
1.718812577001870290e+00
1.624053365760048564e+02
2.344231506232286599e-01
5.793587335189508849e+02
2.828737273879276870e+00
1.256265347815374014e+02
2.581300355513775457e+00
3.966236167058131628e+02
8.785038721145650431e-01
3.741829741524545057e+02
3.297307807629750731e-01
6.964036985165572560e+02
6.836767291305764216e-01
3.727097244944618524e+02
2.020123166203729781e+00
1.171192100439444630e+02
3.304055631350937272e+00
1.180242258081185298e+02
1.637874646594202677e+00
6.472863019445933332e+02
2.114056476592295342e-01
3.918530721630959874e+02
3.299980615928760352e-01
4.041689495629466364e+02
2.821922121107388604e-01
3.894565374417596786e+02
2.643000565555254089e-01
3.835961390686037475e+02
2.701458624149160048e-01
3.891325897016652107e+02
3.861066067810173807e-01
3.828803522164344031e+02
1.143653460192801674e+00
1.291689294138193418e+02
1.149257803429389435e+00
3.905319810430928555e+02
3.942957370429184261e-01
3.941408538979026162e+02
2.290046280219473485e-01
3.891883059785261594e+02
1.970206570637939858e-01
3.906142195505283325e+02
1.479910291847345016e-01
3.861429106541125975e+02
1.681745048607839188e-01
3.920128337133407399e+02
1.640048755986160678e-01
3.956774885546245741e+02
2.200305757061645218e-01
3.923011759266477725e+02
3.036051369786963994e-01
3.947161950594884843e+02
9.491416872798643656e-01
1.296073337193254247e+02
9.762986328100293765e-01
3.950726821052084574e+02
3.993580123857747299e-01
3.989575495816167745e+02
4.200784195681321886e-01
4.043599039924896488e+02
1.402729993918019558e+00
1.333987690242899191e+02
1.670255861358493688e+00
4.077688272030739540e+02
2.912675025586098254e+00
1.301850063467438758e+02
4.244549444048316467e+00
1.334763729867645168e+02
1.612215286221534427e+00
1.196879036389701412e+02
1.000000000000000021e-03
1.405031912283562576e+02
3.098405618749959789e+00
1.292723934357690041e+02
6.108817671808055572e+00
1.334561432700790533e+02
4.293663273301657313e+00
1.800197880037448215e+02
2.282380207371159209e+00
1.455744075441844529e+02
2.683973413957396303e+00
4.078803049428827876e+01
1.952268423074075665e+00
1.090480719668973535e+02
4.081699519004725829e+00
1.274825396996570674e+02
2.032630120692865638e+00
1.315426454611954625e+02
4.258023597324748222e-01
