1.712987919785147284e+01
1.170749547149819847e+02
6.381499194699684097e+01
1.337399584723269186e+02
8.747181869649207897e+01
4.940155309722369736e+01
5.989107924855822063e+01
3.101750417640354840e+02
1.015326267671227072e+02
2.791397693712680095e+01
1.007949772176551795e+00
3.678484258582830080e+02
2.392034694659877392e+00
3.616951127230934162e+02
1.845803097379200786e+00
3.968626357790728889e+02
1.194602599437471113e+01
3.596527673868925490e+02
4.211744055328852099e+00
2.792629896115830661e+02
3.907349010157828317e+00
3.040534302445232697e+02
5.112929957576065831e+00
2.082688066345664595e+02
7.509363655036593865e-01
3.107244467969624111e+02
5.169908002959277660e+00
3.825429907401129412e+02
2.279910685790550673e+00
4.237507733021389527e+02
1.698042196524200298e+00
4.420326991748455612e+02
2.534137725511440564e-01
1.907671604637172607e+02
8.269067356541460967e+00
1.007313642670652456e+02
1.895392994701700573e+01
9.466645450931180505e+01
1.025493777975116672e+01
3.896316072268164135e+02
1.271535617904384186e+00
2.180438009007220899e+02
5.826955466643934933e+00
1.146353441717263593e+02
8.123436541137627032e+00
3.696982495087952998e+02
3.317116416272852142e+00
3.743250279094451685e+02
4.122903965315959596e+00
3.508220263565021924e+02
1.277215849883979715e+01
9.580859224322533407e+01
1.470268970291005672e+01
3.443482887795282181e+02
1.347549112089561518e+01
9.407733566117106250e+01
1.273590183524042985e+01
1.028407865761064102e+02
3.188967196645844382e+00
1.736676432208757319e+02
1.109125063197784034e+00
2.131205345815556313e+02
2.514027686387448224e+00
1.205562650857047799e+02
1.325281497641515394e+01
1.007158326748333224e+02
1.316379357506538383e+01
1.442635596372387852e+02
1.000000000000000021e-03
2.256430035351683330e+02
9.319486588203293564e+00
1.365000151662116252e+02
6.911426689070158780e+00
1.742082060132219397e+02
1.191740405195591990e+01
1.135053611366517430e+02
1.167654578111906538e+01
2.472568333122306115e+02
1.262999935097616877e+00
1.268011619984033018e+02
1.182654295197910521e+01
1.209721375840425424e+02
1.208554743443252022e+01
1.389781615195145150e+02
8.551725806064370161e+00
1.195664102925133250e+02
3.842756938891422003e+00
3.021864768886204615e+02
1.081146803835525105e+01
9.764967763091549102e+01
2.054155024321259049e+01
1.041091084206318698e+02
1.188195005991778253e+01
1.638194360311035496e+02
8.705748459504423664e+00
8.056842713905491848e+01
1.759597640628855686e+01
5.098795727893600827e+01
3.791293772055920641e+01
4.155656149256105181e+01
5.090320348888830893e+01
4.853732486761456499e+01
3.681257400231768884e+01
7.412047068779807546e+01
1.955553928438107647e+01
1.017448204201470645e+02
7.327331533171468791e+00
1.224385409312905608e+02
1.433815074572111881e+00
7.230567657374675772e-01
