2.141758113777220629e+01
1.066828608826527613e+02
6.508974645043215901e+01
1.352218407642124021e+02
8.872306917565786932e+01
4.640897750376912967e+01
6.001888593894418023e+01
3.102641435290449863e+02
1.022460759114370887e+02
4.119061143922362476e+02
1.894791030241845142e+00
3.595220235219841243e+02
2.049284068145933446e+00
3.832925635997974041e+02
1.282403285050426689e+01
3.604415226499173741e+02
5.080606627172097767e+00
2.782919253270499098e+02
2.936012864062993000e+00
2.979007080674505801e+02
6.014037606462733443e+00
5.274655246755417011e+02
5.459493317080738706e+00
3.818132195209802262e+02
3.209619826848462587e+00
4.098352836345383707e+02
2.572673803871757592e+00
3.870334710106794773e+02
2.940698954465752912e+00
2.432022669061836098e+02
1.000000000000000021e-03
1.252860162850036829e+02
1.025816742978424401e+01
1.020098289292280214e+02
8.784629067373550981e+00
3.756235259928584469e+02
3.408890720688130926e+00
3.733818006796534519e+02
3.448783132644717586e+00
3.729708825506504013e+02
2.342268807289946242e+00
3.778172744565505354e+02
3.385868507094017321e+00
3.538159508459033873e+02
1.135176563859553767e+01
9.899002813383994237e+01
1.323833523211748897e+01
3.459840909829699740e+02
1.175653188141781058e+01
9.058371676698970987e+01
1.007893017556481396e+01
7.523403228666202835e+01
3.052151126528771741e+00
4.493958959838392389e+02
4.116416413867052704e+00
1.025820958888679542e+02
1.621295423733426588e+01
9.390078881413656120e+01
1.487386222358460941e+01
3.664637956407505612e+02
1.010856481366503523e+01
1.335496876428050825e+02
8.019693780007958850e+00
1.684953729688798774e+02
1.143149210929264648e+01
1.162572144990998311e+02
1.006865269125762907e+01
2.646483352684137458e+02
3.253480996248582890e+00
1.112360163202846195e+02
1.356879513710048890e+01
1.142182524890360895e+02
1.401404115972347419e+01
1.207765490044899508e+02
1.076053574426740767e+01
1.039873525029185259e+02
5.471878507048645979e+00
3.220638003556635454e+02
1.206344595418369892e+01
9.100135258980979813e+01
2.196066967979177775e+01
9.032002538267923342e+01
1.421881158707717319e+01
1.103716969618517396e+02
2.940253558356341834e+00
2.315138703165017660e+02
2.281594627572601119e+00
1.047826253095653897e+02
7.875925923308596310e+00
9.711140627041694984e+01
1.709275410110322113e+01
8.438743839822825521e+01
2.200494884078716495e+01
7.943155688047106366e+01
1.562979014577312142e+01
6.387400186650903322e+01
5.438682809065824131e+00
6.104382556831694018e+01
4.755908422374797162e+00
1.035970256745682292e+02
1.307661082649000273e+00
7.230567954442420620e-01
