3.648955872881976603e+01
1.070211083176312457e+02
7.913945599865961356e+01
3.333211985005592055e+02
5.528457581945335164e+01
1.511860281546035765e+02
1.743938149975069862e+01
4.900637024421467913e+02
5.698583408648418391e+00
2.025912618819326951e+02
9.342281233734228252e+00
3.648012594209249642e+02
1.000000000000000021e-03
1.796782322520974162e+02
1.383701056079548941e+01
3.698482339444356057e+02
8.085618905814557777e+00
5.137411226835762363e+02
3.954612370847632619e+00
2.894176457686089066e+02
3.153025637942589832e+00
4.978504312914330967e+02
2.500849269831831201e+00
1.941883214135597484e+02
2.166589252159146994e+00
4.456160951938197172e+02
2.787649697576126684e+00
1.333678531804743557e+02
4.377161018563380246e+00
3.855601112043115108e+02
8.644112237198775528e-01
1.758095121759218387e+02
1.139767720141426688e+00
2.345476642578826443e+02
8.539438546512716499e-01
2.885135723499259939e+02
5.514530219655711107e-01
4.234941861940317835e+02
3.768441831337669967e-01
4.060058424273029800e+02
7.451812586959329909e-01
4.011358188152578919e+02
3.900375612212967358e-01
3.966063051440427785e+02
9.825621585835325744e-01
4.045703168415354298e+02
1.023254978965956408e+00
3.880369363398312430e+02
3.337952095462259461e+00
1.208889249532273169e+02
3.730416497813698662e+00
3.861752991827057713e+02
4.585005328937882929e+00
1.218583946343165252e+02
5.682059768691700263e+00
1.284976282442538036e+02
2.328381262410887054e+00
7.595103897828919592e+00
