0.000000000000000000e+00
1.000000000000000021e-03
5.075363364331688842e+01
8.154312858823763577e+01
7.378356282801975397e+01
3.325559633807127966e+02
6.646510807129794784e+01
1.675612242905610003e+02
7.790576468616930761e+00
2.201924144051127428e+02
9.478268627673637425e+00
4.596366229903406406e+02
7.756742437459150707e+00
2.444514610770571750e+01
4.771628135013338934e+00
2.955451631375435682e+02
2.212681045704479210e+00
2.186382766339197019e+02
1.169029898077555885e+01
3.696423487194084032e+02
7.080263984503975649e+00
2.765016792316519627e+02
2.886261198057434640e+00
5.030152302566186791e+02
5.571550615915939808e+00
3.219784492957214752e+02
2.119432638390676082e+00
2.796127967714925333e+01
2.666404464687197162e+00
3.434272689123412192e+02
6.466556752886591042e+00
1.268480784242428783e+01
2.178402466218907207e+01
6.444595611359086718e+01
2.941973186773757121e+01
2.781594778370920267e+02
1.682130210540242743e+01
1.918011341795258318e+01
1.095111468500035983e+02
2.777251900966622244e+01
1.445273693077373345e+01
2.910282814516552889e+02
1.054331226427762580e+01
3.225851540665273092e+02
3.003230143662890583e+01
5.236386996766883328e+01
3.095197684253763626e+01
3.895680643532347887e+01
1.105553080757578144e+01
9.582289513738369635e+01
4.822176164368053186e+00
4.686866443926993497e+01
6.221045484905263656e+00
3.133306184197723709e+01
7.653125530655257691e+00
2.829303905111613560e+01
1.305342452426932027e+02
3.082245435850310145e+01
1.542427103600380711e+01
2.792581996875929349e+02
1.926164738666283682e+01
6.262626293813738698e+01
1.317874011691828784e+01
3.376025305071254934e+01
1.624695711549945543e+01
9.006374264741859292e+01
7.929967825875768206e+00
