3.383939728771519384e+01
1.156694259225098449e+02
7.602284418690324230e+01
3.382399657790763854e+02
5.036754811192717796e+01
1.605418145268039893e+02
1.770992555506293797e+01
4.827731684165311776e+02
5.413489346910785649e+00
2.080992137011159002e+02
9.135896955411482168e+00
5.426827902198016318e+02
1.308073763664914679e+01
3.712613591816389658e+02
5.696747676439974484e+00
2.591350656340335377e+02
3.791860168439743717e+00
5.276406903263772392e+02
5.113694137415981444e+00
3.211840707221879256e+02
1.204621514428239282e+00
4.188247562079681643e+02
5.173296505524580091e+00
3.860822232741234075e+02
1.252256193171807119e+01
1.056002786825970645e+02
1.440491905893379432e+01
3.630376078693125805e+02
9.113323363125161336e+00
1.219591055725204711e+02
6.637645065550043633e+00
6.040851048913772274e+02
3.115637162226127188e+00
3.835164907126175535e+02
1.515867346801290871e+01
8.911411346067220052e+01
2.659148823813860929e+01
9.074651776418390625e+01
1.335806020728859167e+01
3.772245674372597364e+02
2.145725955015376663e+00
2.568332684608645309e+02
1.000000000000000021e-03
3.852499026912967679e+02
4.834555762392227507e+00
1.188922263136521593e+02
1.132377026565514377e+01
1.145269493452795189e+02
9.554832137145330861e+00
1.245680448207932898e+02
3.144210803035325519e+00
5.839854000424490010e+01
