9.832445050525240049e+01
6.915006002139725183e+01
4.640899841179687257e+01
1.039175112841548554e+02
4.690270077352159461e+01
1.496709031870354920e+02
1.807265556511296367e+01
2.368347716451259828e+02
2.873310522946729861e+01
4.023040924720089038e+02
1.975083783685930428e+01
2.848156612155457879e+02
3.635604149519324313e+00
2.105043293005261944e+02
1.250876889658296598e+01
2.792709109830753391e+02
9.447744499517192196e+00
4.043977053058176807e+02
3.720526877141848043e+00
2.098796543203577585e+02
2.820638151895478174e+00
5.483182580073456620e+02
2.815802793393061165e+00
4.942665968642203893e+02
2.351959708440501284e+00
2.039494026536480362e+02
1.949346711179493985e+00
5.512800044265118231e+02
4.230922452634289788e-01
3.086765126199644556e+02
1.105212639616098613e+00
4.060430043910150175e+02
1.389084790260111557e+00
1.267928708343488466e+02
2.330626164445055881e+00
4.780311713948003671e+02
9.567498073774857170e-01
4.479081290909808786e+02
1.000000000000000021e-03
3.519278157143421595e+02
5.655486218184551106e-01
3.754943022695347281e+02
5.279132187717845426e-01
3.883680175584653966e+02
4.220350720050590532e+00
1.131748517515259067e+02
6.005340036238007606e+00
3.590965863125549049e+02
1.533976325786895778e+01
8.142719294027189392e+01
2.741219532997418540e+01
8.165371684165799593e+01
1.512643147986864278e+01
3.461846993396752623e+02
5.653481814002873307e+00
1.099311221676571506e+02
3.642490348595546212e+00
5.680632362309931978e+02
6.635182700655248844e+00
9.689724098096043292e+01
1.815302838592323198e+01
8.568252536844569534e+01
1.929834251000185574e+01
9.703164504312923100e+01
8.043743313256198846e+00
3.776980498054689974e+02
6.630715887707216982e-01
2.608184358360975921e+02
5.328372226749283902e-01
1.293421082288600132e+02
8.600882135621265023e-01
4.034497800403080419e+02
6.174879387828262622e-01
1.323451872110178726e+02
4.335204450771693585e-01
