1.674199907339093727e+02
5.943710143060721407e+01
7.811645736247133698e+01
6.149617528334848515e+01
3.682708655313019790e+02
3.587590403031747144e+01
1.834086805981347652e+02
2.893938563519732909e+01
2.345605528211728767e+02
1.853886545730356517e+01
9.607859579435182695e+02
1.066557550344078997e+01
6.724780855159057182e+02
3.289513126897202877e+00
5.906195469731511594e+02
3.444193702728129303e+00
3.575048505081773556e+02
3.631085770385685585e+00
5.123787881825121531e+02
6.039619827765940308e+00
3.422511435776747817e+02
1.081943742996721136e+00
2.122658869261595669e+02
3.530523437446311696e+00
5.641189349939679687e+02
2.554848583091733794e+00
5.138156021012814563e+02
1.479710698362502796e+00
2.413659302137098166e+02
9.070404373599548764e-01
5.564682139062773558e+02
1.794107019289499672e+00
5.516465845536704364e+02
9.222706341818063258e-01
2.863850711017673802e+02
1.051327362169650836e+00
5.412418719355327994e+02
9.168073687897957402e-01
5.195927258379698515e+02
5.406654179657538473e-01
8.047130208640702449e+02
4.414764100967679683e-01
8.316575100772960241e+02
3.717997372927705491e-01
5.151877546808468651e+02
2.726166531043506813e-01
7.863920864966305544e+02
1.000000000000000021e-03
3.276633693735959696e+01
