3.636346906943680324e+01
1.097004685378573328e+02
7.458434322363129354e+01
3.427543794660471121e+02
4.645882561735481175e+01
1.754314173783455146e+02
1.702815958209713898e+01
4.660107546254820363e+02
5.911698013456255119e+00
2.222180237124007931e+02
8.330013874505340254e+00
5.386615226425200262e+02
1.311436698787468025e+01
3.680309505650755568e+02
5.670917088729136246e+00
2.682896909947761515e+02
4.072133344295786550e+00
5.204551250481096076e+02
4.681787904039913073e+00
3.119419922614747520e+02
1.532968893366914998e+00
4.283489207401348153e+02
7.335485627678675513e+00
1.263074344745534177e+02
5.371621094697767163e+00
4.113268240110548959e+02
2.395157399568306200e+00
5.812461057737574492e+02
1.539743273747824936e+00
4.496957143564729904e+02
1.801120753676599850e+00
1.022248162417006796e+02
1.446884334559845886e+00
6.327121279328169976e+02
2.343437525746642880e+00
1.277862085695321639e+02
3.087626306663282083e+00
3.890465293025796996e+02
1.189945561762314030e+00
4.001390719411627970e+02
1.453868883771204157e+00
3.917512918542182661e+02
1.124407525649966821e+00
3.869151539554200099e+02
1.480197629175889373e+00
3.784879400217038778e+02
4.875149728865077137e+00
1.203706143146499130e+02
5.209648698661268007e+00
3.824251657051167967e+02
3.719537811590633680e+00
1.267221061928503616e+02
2.585773178434065844e+00
6.485035610910036894e+02
5.622308275642698971e-01
3.875425307930452163e+02
1.309796453617524836e+00
1.274571652879726855e+02
1.251983217829329309e+00
6.472623031281801786e+02
1.703700376209634326e+00
1.271625736183542443e+02
3.057832273546754909e+00
1.271914286303204165e+02
1.604094590551317978e+00
4.013267310376927526e+02
1.770237922854104029e-01
2.526672977294597615e+02
1.000000000000000021e-03
3.635944040497104197e+02
5.733913754158934811e-02
4.173929408009426538e+02
5.228096632855862291e-02
3.682596614649427238e+02
8.065279970651033359e-02
3.937389714643591674e+02
8.885832506018678800e-02
3.917413471300930610e+02
1.541611752041247008e-01
3.712136909698194245e+02
2.660131272750842490e-01
3.241549552815993707e+02
2.938231835964615346e+00
9.773359133921661623e+01
1.174673774130904746e+01
8.133923114246475450e+01
2.438507915878128429e+01
6.413622248972585282e+01
3.056348334624837193e+01
4.584747948629707537e+01
1.145284891896051782e+01
2.995398781410410294e+01
2.067049641996640474e+01
7.917814392573609439e+01
1.454321280363988578e+01
1.041500198844972402e+02
5.365456006853533744e+00
1.204699193079575963e+02
9.741115110011538958e-01
1.612157849730111181e+01
