3.182244492098959654e+01
1.219880902804467127e+02
7.492177971868022723e+01
3.398348958472568029e+02
4.923248082549230276e+01
1.582951629645617970e+02
1.894413327104578570e+01
4.840395315321444514e+02
4.804576465468400670e+00
2.082505651737996288e+02
9.509848074321700651e+00
5.418144441220789531e+02
1.243684570055276772e+01
3.742055727913281657e+02
4.468922828490009103e+00
2.557433130263414682e+02
4.811044541760812976e+00
5.349469693104459793e+02
4.621788993030772730e+00
5.316922801898884927e+02
2.542456929442076241e+00
1.676905216352021171e+02
3.104571859823078483e+00
6.503128589179960954e+02
2.305566568041915954e+00
1.591119615977212902e+02
2.596815937236164551e+00
3.677903985801751219e+02
2.082231696928937392e+00
4.488143327918803607e+02
1.434780978466182244e+00
3.613806204902125501e+02
1.098996343029464029e+00
3.734347556089526279e+02
2.946525839214373388e+00
1.236255269908788392e+02
3.233263765064777751e+00
3.854010985634623125e+02
8.333192197256853451e-01
4.031450600283985182e+02
9.276775779029252655e-01
4.047721762727097143e+02
3.939735116768987022e-01
4.096342201284977591e+02
2.852628871296933322e-01
3.417070313543761131e+02
1.712938361908485085e-01
4.279033918269109336e+02
8.668274107208855106e-02
3.322257983359049263e+02
2.224328142364636607e-01
4.091954781075884853e+02
1.480784657967231521e-01
4.053707120484191364e+02
2.343286985485843466e-01
3.959837074988743666e+02
1.067009232801999496e-01
3.986785166244955008e+02
1.769903340533046654e-01
3.959824992913762003e+02
8.075276902729253137e-02
3.872673690680628056e+02
9.794750568692579817e-02
3.647212528893197714e+02
1.024017235320138358e-01
4.046703479973443791e+02
1.188809263387586579e-01
3.829202939683863178e+02
1.825498161186622226e-01
3.965373938584331768e+02
4.617394250412648615e-01
1.293174368032198913e+02
4.468148756898054907e-01
3.897478365601063501e+02
1.181459776205016493e-01
3.894287631638097196e+02
8.093919728438245254e-02
3.846480214636328014e+02
4.761956958631691217e-02
3.931319079496357745e+02
1.000000000000000021e-03
2.731933597616113047e+02
1.854447529610331880e-01
1.264150701565636439e+02
3.580687149175237338e-01
1.327541728580090705e+02
2.094059546442002262e-01
4.060311162996590184e+01
