3.551971574345701583e+02
5.913446642264921849e+01
1.882815722926995079e+02
8.797855234837687277e+00
1.367695853236105279e+02
5.191883172456942930e+01
1.089119930671414807e+02
2.731871566423023268e+01
2.291626661778675214e+02
2.917085690317642133e+01
4.032061042179548167e+02
2.369197959279468790e+01
2.363071844337732443e+02
2.516197060663601714e+00
2.475559016738512241e+02
1.438778452539509445e+01
2.716127030939051679e+02
1.097997909649500770e+01
4.354261797255351780e+02
3.086347116362325504e+00
4.091986449480923511e+02
1.213719878710943778e+00
3.837797197650456269e+02
2.062783244172934349e+00
4.167051677253490425e+02
1.654656552236973832e+00
4.598515676169602671e+02
1.165796016002163649e+00
4.748149696965259068e+02
1.596261581041681143e+00
1.474543876232554567e+02
3.168586388835188838e+00
1.354398031451846975e+02
2.318041632526087081e+00
4.169132464543275205e+02
9.764087345757485048e-01
4.529873342998364478e+02
5.651245181355257774e-01
4.354336411373282090e+02
2.657166851227560911e-01
4.377049566605068662e+02
1.432957788599228954e-01
3.831794392546001973e+02
1.705101435544024158e-01
4.371377984798845659e+02
7.117965812667278458e-01
1.465940604597116419e+02
6.976244316981102811e-01
4.179915979723873534e+02
1.286365447609899293e-01
3.888663459899892700e+02
7.311408617472910099e-02
3.702848246539234083e+02
5.672771523771203556e-02
3.529222115656259575e+02
8.228469336669015644e-02
4.171152152662348840e+02
3.852568022177401130e-01
1.398251681063182730e+02
3.553563010521397780e-01
4.033921423761398160e+02
7.849104496775440032e-02
4.080835737156064624e+02
3.884441579593141819e-02
4.826007946377386020e+02
1.000000000000000021e-03
1.971186344294988544e+02
2.975435110444118320e-02
4.340706497107619839e+02
4.150017273934334533e-02
4.120500970385034520e+02
2.630142454561469958e-02
3.955752004545880709e+02
2.835529416042810447e-02
4.128425993607255009e+02
2.444259249038296250e-02
4.064275032083575070e+02
2.081930890764421491e-02
4.070930889595823032e+02
9.723380585731222422e-03
3.542937573997910476e+02
1.148358852089139889e-02
3.805242865871689446e+02
1.245446710778970976e-02
3.884810535814117998e+02
2.960788594962021972e-02
3.940773343424465338e+02
1.571520903959750526e-01
1.291555749509425937e+02
2.958315648735596604e-01
1.279727043780323044e+02
2.263066539265909394e-01
1.285988456821590944e+02
7.159922303072729921e-02
1.012963529809990382e+00
