1.708974839696554966e+02
3.633924759905592339e+01
5.724685191786898031e+01
9.617458911855909776e+01
9.835084029032279318e+01
5.664638442114189587e+01
3.373091920115710991e+02
6.442788801365638562e+01
4.205503833512651113e+02
1.942245290540273928e+01
4.145971389543670398e+02
7.465338708672770274e+00
3.019015040268386088e+02
1.738743826955708727e+01
2.124107897733943560e+02
2.861916210207763989e+00
2.952810911029849308e+02
6.463650530168750130e+00
3.435402221159826013e+02
5.900330237552924295e+00
3.923860762172724321e+02
3.103376763008717787e-01
3.989097602019629676e+02
3.582525878835055355e+00
4.666690636665314287e+02
3.035826394247657767e+00
3.084115941973770418e+02
1.359186231494714958e+00
5.141689878334259447e+02
1.219487676949244870e+00
2.661021316526842497e+02
5.511918989792874424e-01
3.534970042809038659e+02
1.257365471997179185e+00
1.651275026295255088e+02
2.222470943396702037e+00
5.445517050434842758e+02
7.257530389699965445e-01
5.328822097828777942e+02
7.910838366708633496e-01
8.110929482541600919e+02
8.053067056680393021e-01
4.881655794357747595e+02
3.325142584034322391e-01
3.232758094544150254e+02
4.457600018768060890e-01
4.866229205951897256e+02
2.736608266225632469e-01
3.263392488812665420e+02
3.288325083907000512e-01
4.913321377846145310e+02
3.170190607381567216e-01
3.075246965581981726e+02
1.359851043889661604e-01
5.032366855082533448e+02
2.615530195283717885e-01
8.227496887347116399e+02
1.998705387494670582e-01
5.211139930694657778e+02
1.630367117225719475e-01
5.388697305297100684e+02
1.212306363143156179e-01
8.093695046664079200e+02
1.000000000000000021e-03
3.687127743480302343e+03
