5.475946047942018424e+01
8.818827641328840627e+01
5.845385310833744796e+01
3.461043322994281652e+02
6.902420532085263005e+01
1.767594180045221322e+02
3.066836047398388665e+00
2.190873452725959396e+02
1.459827685588214052e+01
4.368781980060342676e+02
9.783374918907895790e+00
3.030095085991125075e+02
1.319281984272793196e+01
8.867946083681193841e+02
8.498435585172643414e+00
8.012769315238797390e+02
2.497016267581471105e+00
4.636887152949415167e+02
1.000000000000000021e-03
6.955330729424123319e+02
