5.672968247156921962e+01
9.794159771211936061e+01
4.496504175636712120e+01
3.697939159647868337e+02
6.810482858916631699e+01
1.227974670244642397e+02
1.190571520389062776e+01
2.594296371853959613e+02
1.103318468135759822e+01
4.376754797110232857e+02
1.357365817405002240e+01
3.106196363573201324e+02
1.155290811997516620e+01
1.871676803087293877e+02
6.326717254118367606e+00
3.704594335036725852e+02
2.300394791679639894e+00
3.071279530213165572e+02
6.063784539616302816e+00
2.734222085047919677e+02
1.476436212698305939e+00
5.102060206575509369e+02
4.183499966913551305e+00
4.487184540917169784e+02
3.114854454450711074e+00
3.593926009170767202e+02
2.550944813397387989e+00
1.398242132011089041e+02
1.400073930989062410e+00
3.621605595197287357e+02
1.654975251757494936e+00
5.701539151322223233e+02
1.315836768081007024e+00
1.814590435611831936e+02
1.474186443092991183e+00
4.085587760551829319e+02
1.040467968797424148e-01
4.401459447914496650e+02
4.013686183622011128e-01
5.435288098285454907e+02
1.547384305329785603e-01
3.091950440615086109e+02
3.529380364438135520e-01
1.753288353867013996e+02
4.848699639863158772e-01
4.304106582034563075e+02
1.025615554144163888e-01
4.253041163182701894e+02
1.943086317848293498e-01
3.655568805342383030e+02
5.559390678496774901e-02
4.522761064724368225e+02
2.100414311200356765e-01
4.367698013627094156e+02
8.461509011825331383e-02
4.003493180823819557e+02
1.968771132148061098e-01
1.373553472316166904e+02
9.672380218165747834e-02
3.826458424535964582e+02
6.933842973159225209e-02
5.617175336102783376e+02
1.188220579811242739e-01
1.660001194873711086e+02
1.033100693745293841e-01
4.071675033672028121e+02
6.766169331137227017e-02
1.821036009949736183e+02
5.477903512013299059e-02
5.726343001282567684e+02
4.157412959483949844e-02
3.916753347453343395e+02
2.227979472170442052e-02
1.363595143266586547e+02
6.069408201754736970e-02
4.355445664935464265e+02
4.335047250801502688e-02
1.309773662609560176e+02
5.345098165140003271e-02
4.860130177601816399e+02
1.338165351630578315e-02
3.165710749093794902e+02
1.309131725394554503e-02
3.355320564079333394e+02
1.000000000000000021e-03
1.728498472404505151e+02
1.486801518340749757e-02
9.679054313540842713e+01
