5.824169332382744813e+00
1.000000000000000021e-03
1.106592173152721443e+02
5.301074660668268024e+01
4.992171858624707426e+01
1.118299978684819536e+02
4.841253743249612995e+01
8.869905960999489025e+01
5.633987450191583690e+01
2.241143503544681721e+02
2.241868387696908727e+01
1.217270957297480862e+02
2.445483662012619064e+01
4.787904056287590038e+02
1.575944974010276489e+01
2.571879944914169869e+02
1.099488576808081319e+01
2.632655553352715287e+02
7.173420170826272368e+00
4.637400289383185736e+02
1.185945735284446734e+01
1.135372149907338439e+02
1.534880754455874197e+01
3.448464321629728033e+02
1.519567212207963181e+01
1.035038817438155689e+02
1.307716630611799324e+01
3.407537847323199571e+02
4.321133297482840696e+00
4.084225328464486324e+02
4.867697971232273879e+00
3.822685439968179253e+02
2.491101117379513674e+00
3.892025517865821485e+02
5.168953612176991008e+00
1.138885967120684057e+02
3.848582684926479924e+00
5.242762124836540352e+02
7.200351916709756273e-01
1.601501306879316360e+02
2.141924461261851320e+00
3.529875395982441546e+02
1.405642286346301173e+00
3.981765907360548340e+02
3.174726360407939652e+00
3.678180034135379515e+02
1.156985642378622181e+01
1.101105243878547668e+02
1.545113055773993516e+01
1.476277919294992103e+02
1.521281372688841316e+01
9.691864770796007633e+01
3.867919079612818223e+01
6.300598129924436819e+01
2.930270974094326064e+01
3.232731369743604546e+02
2.544548295510290714e+01
7.399960589399499611e+01
2.377008126187127957e+01
3.109137295692891598e+02
2.026606678703214470e+01
5.095528840305512830e+01
3.702151165636927033e+01
4.552787625649003189e+01
3.247262584701181254e+01
7.969658770530914182e+01
1.240036315187103177e+01
3.830495536915473735e+02
1.366088581306287741e+00
2.652367733773264717e+02
7.618575384543035511e+00
8.979536976485670152e+01
2.964473752200784773e+01
4.993833298099428930e+01
5.609617036553712666e+01
3.797756977312872806e+01
4.242867791909555564e+01
6.704493453700612804e+01
1.742051753383749357e+01
9.750538402610878563e+01
3.301458776519590188e+00
2.778495508711017123e+02
5.184349680548343553e-01
1.265755454206194628e+02
2.926837470696595500e-01
1.623325001733354256e+01
