1.986287887142276531e+02
1.428999702822657980e+01
1.037871791072829950e+02
1.263352969332308184e+01
6.636103286050187080e+02
2.682030942848291843e+01
1.797083022448062195e+02
5.118330970001021285e+01
1.651122917636231193e+02
1.925950950383299443e+01
1.447944473064508202e+02
2.879622166255383675e+01
2.080210299404546390e+02
2.434204034129304617e+01
6.753529311716004031e+02
5.385972912158308645e+00
2.417371272420855632e+02
8.133610756006181219e+00
5.231396691703434954e+02
1.211981432899536593e+01
3.901376927597277131e+02
3.889602977051955790e+00
5.597611015617043222e+02
3.380658815325658928e+00
4.762964831239561931e+02
5.330632245794212132e+00
5.484225900637069344e+02
1.418524820980177958e+00
5.449475500467353868e+02
2.750268669128500321e+00
3.222281342671214475e+02
1.293374740484222407e+00
4.798231008158053896e+02
3.721918327731891019e+00
1.271218886224885125e+02
2.349224680190063363e+00
4.233082400017808595e+02
1.287463164503272361e+00
3.216697115663828868e+02
6.160752644434669412e-01
5.015289591026204334e+02
3.038337823118879011e-01
2.793929749411394141e+02
8.945803442074884426e-01
3.904040978405287206e+02
9.843829834179429472e-01
1.485477280476766566e+02
1.082168183451651444e+00
5.768505190068610773e+02
4.256636926395427345e-01
2.547592047712188048e+02
1.707621851026462356e-01
5.452430830545315530e+02
8.652343853831380160e-01
1.296151421498012155e+02
6.143518061475948810e-01
4.187861406427735460e+02
5.436510513526323640e-01
3.651431623185757189e+02
1.276758440163207609e-01
4.446829716630944631e+02
3.166671338137306835e-01
3.745493148770820540e+02
2.230278909666023879e-01
1.615798392572916100e+02
1.436427402975319345e-01
5.934888004436508027e+02
2.064667890097507674e-01
1.244601108956090201e+02
1.152408565687664255e-01
4.358343121522017896e+02
8.012275957873055132e-02
5.881234438888277509e+02
6.459100403495210418e-02
1.802396175922381758e+02
2.941262613928294703e-02
3.451898557900552191e+02
4.872671732940359740e-02
2.212359463097922401e+02
1.000000000000000021e-03
3.318539194646883743e+02
3.039644846099646275e-02
4.929730656352926417e+02
2.977217490799058050e-02
3.525383605707299353e+02
5.446451775699374942e-02
4.042771951185052899e+02
8.651296970472076298e-02
3.855197018173267338e+02
3.539878787070365740e-01
1.290638284799958626e+02
3.769819574401039874e-01
3.891229207762103215e+02
1.751636076205943249e-01
3.867710668020108074e+02
1.817171967863333848e-01
3.893697298420033803e+02
2.825439274483322882e-01
3.871873166141370461e+02
1.224376452044130037e+00
1.269217224761382710e+02
1.493394862252960476e+00
3.869147912839456467e+02
2.021503727842034692e+00
1.259310882032446699e+02
2.090234195373844805e+00
3.876940506643057347e+02
2.447800819804929251e+00
1.247569981893477404e+02
3.507233060173693850e+00
1.254734739360407616e+02
2.085372972482145482e+00
1.288400187329866640e+02
5.039150322600498555e-01
