9.015105157623378318e+01
5.733444471797731268e+01
8.636255710703805732e+01
6.298062156025719815e+01
2.852927724882064364e+00
4.224126759768893891e+01
8.817123448133370900e+00
7.225909566533046302e+01
1.562802193895803953e+02
3.079543000311305789e+01
3.632114665406358966e+01
1.000000000000000021e-03
5.448171998109538805e+01
1.003217040681172989e+02
6.826845148087461723e+01
3.564144835656080801e+01
4.910422332976013138e+01
1.493199756546823380e+02
8.996924372481539933e+01
8.083575233309295172e+00
5.487793835425375732e+01
9.724095943477577109e+00
1.289061840451658156e+02
2.325092939559811711e+01
6.608925880395241848e+01
4.889648103680841729e+01
8.965951693288872093e+01
4.626086374409845803e+01
5.775771274948694867e+01
3.491312372556235744e+01
1.020089641951447277e+02
1.119775716216466854e+01
1.228768572516953261e+00
