1.732767049897895504e+02
6.205024579186795819e+01
1.455634190971141493e+02
2.675210343384230072e+01
1.295304066721041352e+02
7.532979731561341907e+01
3.067825185941851487e+02
1.002126411476119188e+02
1.086338222545192025e+02
5.752442693362634252e+00
4.127508165193196419e+02
1.185901846311756636e+01
3.115203097807163317e+02
1.746131982289299245e+01
2.871002057044984781e+02
1.040499453221045734e+01
1.955576575169252749e+02
3.766547364364375650e+00
3.632517453162957395e+02
1.078782807922336318e+01
3.108767178168893679e+02
7.563619439185830906e+00
5.335692973121134628e+02
6.322778135614120387e+00
1.426331465249624273e+02
4.012509180667995778e+00
3.295552444942117631e+02
8.041162915104892450e-01
5.539380457149334234e+02
1.376196392493903797e+00
2.464426469153544303e+02
1.624527659479150676e+00
3.273446424094730673e+02
3.161462579985801824e+00
5.552387115270045115e+02
5.751102993844886546e-01
3.271492793008135322e+02
1.413740044168325660e+00
3.577771656191712282e+02
1.011410940946347203e+00
3.253491393384979347e+02
7.514867566809128041e-01
5.426247183355653760e+02
1.518599313287765540e+00
3.374689549833838669e+02
8.866466212652046597e-01
2.698762660048687394e+02
2.639306258062548149e-01
2.699263100721202591e+02
7.128522493920494973e-01
3.341216431314931015e+02
6.223197503130173391e-01
5.912268935984418476e+02
2.707710500105527940e-01
3.257787112778879077e+02
2.693666534555203551e-01
2.384416403830044260e+02
1.000000000000000021e-03
3.576624605745066106e+02
4.401539495737002983e-01
4.004204662743528615e+02
5.286663071527202273e-01
1.452255796481627499e+02
8.194893632975605025e-01
3.854173461529530300e+02
9.320560901969694445e-01
1.353248585546012919e+02
8.512784030187172668e-01
3.952598414397424449e+02
8.983678212763170912e-01
1.354256355172066435e+02
9.123495592073890270e-01
1.357536393430430053e+02
3.188982140081590422e-01
