4.038679318978446986e+01
1.304219202292306363e+02
4.630502295674950375e+01
3.584753644971224276e+02
5.869719903044768472e+01
1.870412343656756207e+02
4.246265833173420212e+00
2.199168781166532938e+02
1.368046911848738389e+01
4.366605415742829450e+02
9.911306576700583904e+00
3.053283260944116932e+02
1.081822125553508229e+01
2.349868049971271944e+02
3.621253783097416523e+00
6.473389402297622155e+02
7.027247834471020305e+00
2.934683610837546439e+02
2.207946256055221657e+00
4.997517088517886350e+02
4.139676438723629559e+00
4.499722531574388995e+02
2.593318772085134949e+00
3.525268724233885678e+02
1.047009574968647216e+00
5.148724299749953843e+02
1.501249819434676391e+00
5.716202651246974256e+02
1.873075983629908903e+00
1.718375551770479035e+02
1.569516780386362109e+00
1.121420723752748927e+03
1.000000000000000021e-03
3.940126867239389412e+02
6.405403403561014120e-01
1.642551929757895266e+02
7.475349163312284828e-01
1.472612892918430987e+02
