2.583154624252456415e+02
4.065629116361916573e+01
3.757201190840184495e+02
6.894343500188158202e+01
8.356494830144254138e+01
6.430583207137168245e+01
3.491729879879158602e+02
2.673066030713505725e+01
4.944540486816076168e+02
1.921317261459811121e+01
2.873121858958480743e+02
8.435740392328508364e+00
3.094006664195626399e+02
2.821190002980027423e+00
3.410668399452113135e+02
6.337035815550358109e+00
2.018700270650251412e+02
5.194306416445555463e+00
8.073167195967208727e+02
3.416298732610226541e+00
1.908382576197528522e+02
4.103610831863960584e+00
5.950549634605914662e+02
1.455682957965669377e+00
3.208425627918880991e+02
4.148436782883619389e-01
4.611147317223082496e+02
8.262027700483252080e-01
5.152490479439826458e+02
1.481879652786324941e+00
5.848507899159477574e+02
1.553899496588726226e-01
2.789516501828637729e+02
6.646231419332574442e-01
3.324076667128511531e+02
3.310299661362581247e-01
4.762875698378868492e+02
2.863701435734645195e-01
4.073869705119675473e+02
4.968714090206157175e-01
3.989635770514344699e+02
2.163298565909973770e-01
4.435602401415912936e+02
1.864428928016322595e-01
3.695416882239022698e+02
3.896292117470649408e-01
8.397668682686575039e+02
2.662300474238686321e-01
3.536149143084192019e+02
8.150937441233485625e-02
8.789543263580371786e+02
8.581432489556389820e-02
2.745018592411930740e+02
8.361413992439911680e-02
3.657196928200069692e+02
8.542636248322080239e-02
5.221601401800099893e+02
8.596241089764096455e-02
3.166876621470773898e+02
9.044157217337137067e-02
8.679857936986204550e+02
4.413270622771530566e-02
3.505731359483646088e+02
6.573598428251850589e-02
8.719497812938290053e+02
5.119340999865718694e-02
6.002153778348755395e+02
4.143446057636024360e-02
5.626674574838519902e+02
1.000000000000000021e-03
6.344973456732799377e+02
3.793415085552440807e-02
9.011791945525822030e+02
4.006212923067443282e-02
1.968988451515741644e+03
