2.022370417558874465e+02
3.711565598825419698e+01
1.547275325199237557e+02
5.597716234606856744e+01
9.056974235767148684e+01
7.630924850520048608e+01
5.573687350983734490e+01
1.557144292593631540e+01
2.707889318118106985e+02
3.711197132857911640e+01
9.052804284221645048e+02
8.205910060621775415e+00
3.028060444874184896e+02
1.574685627833592250e+01
1.833456700630800071e+02
1.012609330756394144e+00
3.888659054954084127e+02
8.781180224688197811e+00
3.100683120834392525e+02
9.758319011137485788e+00
5.332364734433168678e+02
8.498583056985337336e+00
1.158018482037735879e+02
1.140415992613895479e+00
4.870884988748767341e+02
2.123862862273785179e+00
3.552797140293186544e+02
1.000000000000000021e-03
2.572715170557134456e+02
1.442989925025769171e+00
3.462744215141663062e+02
2.759845669712842842e+00
3.557401216705567322e+02
1.685418848802919589e+00
1.572289853169846765e+02
3.064592225541296511e+00
3.644059638978662292e+02
2.102489203201175716e+00
5.259104564096430749e+02
3.784752540394365483e-01
3.102586094669021577e+02
7.149221781000264508e-01
3.876580252994235138e+02
5.290170519660331028e-01
3.190206066084235204e+02
2.549119237559286377e-01
3.161682134678860621e+02
1.840489078257801780e-01
5.241397368674922745e+02
7.675243294282744211e-01
3.671343289407314501e+02
1.303223607174179843e+00
1.403635474139185533e+02
1.118572032881401279e+00
3.938738454139406713e+02
4.643724387293536315e-01
3.708866883487928021e+02
1.707339449354914052e-01
3.610419259559600960e+02
1.086306722353694437e-01
4.962576321290391093e+02
9.232921015098470574e-02
3.294202185964702494e+02
1.755385464841334731e-01
6.121678692999576015e+02
2.461135723720411506e-01
1.505196001794304550e+02
1.963589749066859125e-01
4.012276884413371363e+02
1.457649700326560382e-01
3.881399442762610192e+02
1.018979343783147085e-01
3.852345216999931381e+02
5.484145558679724003e-02
4.185774835260153850e+02
5.891321595335036881e-02
3.723684992865668164e+02
1.334430692472928781e-01
3.887786308946866711e+02
2.044402584785656174e-01
1.371720456634551795e+02
1.865342740776081421e-01
6.458193602332530645e+02
1.193612186885617127e-01
3.929303856172126643e+02
4.933526409005603575e-01
1.298420495373486858e+02
5.821819262549916552e-01
3.909416010747614791e+02
6.485014635449143361e-01
1.287001101341755032e+02
5.967247426493733631e-01
3.925335585716684932e+02
3.613690237778148795e-01
1.297686369483310500e+02
3.343470145342955502e-01
1.283276798822112426e+02
7.604450586016597846e-02
4.251025532116474182e+01
