4.867596947854022460e+01
1.124705660650130881e+02
4.517816619673193657e+01
3.680753012006883864e+02
5.645763294895817808e+01
1.957039303018273984e+02
4.637778427320584207e+00
2.091498979093391029e+02
1.373463813229278685e+01
4.424754595513563231e+02
1.011706937249668670e+01
3.020573860415836407e+02
1.143965128607291604e+01
2.355367557642170766e+02
3.369452680616604301e+00
6.470524473521453501e+02
6.965470032423076496e+00
2.969683661925324145e+02
2.025909692589537237e+00
4.936591348535857264e+02
4.108505248543756316e+00
4.533216816030044356e+02
2.615891411803132893e+00
3.467901864215974683e+02
1.117879799148597586e+00
5.162543125689057888e+02
1.426240637133817879e+00
5.739317023717576376e+02
1.831906538025067421e+00
1.715587682100419897e+02
1.590922384051169924e+00
3.867097712400708929e+02
1.000000000000000021e-03
4.726452759600867353e+02
2.022329111643968447e-01
8.706388434231163274e+02
7.321634197628682506e-01
1.557004468865162892e+02
7.446635087150162979e-01
4.049397965619667730e+02
2.224867974712837759e-01
4.510769503348636249e+02
2.388677097238106339e-01
8.193116096053248611e+02
1.345768053741170645e-01
8.706398751100233540e+02
1.847921584419563168e-01
1.744226532444738780e+02
1.741755467003354707e-01
4.785542317678280597e+03
