2.392961003007891350e+02
3.513868958050684910e+01
3.713841380404487609e+02
5.139567620066205933e+01
1.187457828200650738e+02
6.474068790974018839e+01
1.457761331231242536e+02
9.244665082300976167e+00
4.792214468023151994e+02
1.759680086123530884e+01
3.269317795396254382e+02
4.887758010804915010e+00
4.707812957682032788e+02
1.572708940569221614e+00
3.751289721515910287e+02
1.345762153952847306e+01
2.988880552196670237e+02
3.995096480580418774e+00
1.175038296212139130e+03
4.483202797560157826e+00
3.924076828171299098e+02
5.998308081292854643e-01
4.142916545435082867e+02
1.427236569538372635e+00
3.141820221106287931e+02
6.116008237415637705e-01
5.065776800577105519e+02
2.148966491039367099e+00
5.218161343202644957e+02
8.526110467593220887e-01
3.371922531813436876e+02
7.648258532379772490e-01
2.395459023526479996e+02
7.143081328572000732e-01
5.575792653097340690e+02
9.805038600321981379e-01
2.545812931925953819e+02
3.072275846257043752e-01
5.649592660965699906e+02
6.921321968046852957e-01
5.504589635043229237e+02
4.869950263985012850e-01
5.406901910695162314e+02
5.665794779900562572e-01
8.293762800110793023e+02
4.048870428529236509e-01
5.523909786876355383e+02
2.457109518293254802e-01
5.563580766282872219e+02
2.333644416064111771e-01
7.852722017053037007e+02
1.000000000000000021e-03
5.758662812505561305e+03
