5.385364724231498457e+01
8.963542527011409788e+01
5.855487644215740062e+01
3.445722114147697539e+02
7.036388148073908155e+01
1.701806758119994925e+02
3.366281170607216655e+00
2.236105588456177031e+02
1.459833280894441998e+01
4.366182664179022481e+02
9.709293988589070779e+00
3.030330765543978373e+02
1.312521811520456794e+01
8.864378287514305157e+02
8.559881436149149536e+00
7.999929471341616818e+02
2.288185886905185651e+00
4.740641381780590109e+02
1.000000000000000021e-03
6.033543576811659932e+02
2.024294329345156740e+00
6.134363762280842820e+03
