2.546972544081018697e+01
4.343247700328268479e+01
9.228409113824150722e+01
6.717601810675301977e+01
3.341170186301357035e+02
7.024450662764897402e+01
1.654743490254761582e+02
7.675952415853091182e+00
2.191004527482537014e+02
1.219472704258211948e+01
4.573930850281130915e+02
1.121118278966103432e+01
2.883253299806386281e+02
5.204109650942447374e+00
2.500932084826008008e+02
1.097256189108504287e+01
3.756365778826531141e+02
9.592576571693987475e+00
1.268072731765701064e+02
4.121675685474775364e+00
3.685156468292574914e+02
7.896461149625867648e+00
3.497957104529774597e+02
3.541439630613063994e+00
3.934526720092987944e+02
1.542721282274934147e+01
1.017893063294045675e+02
1.212680036907317849e+01
1.348493947605935546e+02
1.000000000000000021e-03
2.109182841127232564e+02
4.051827201471933648e+00
2.649760912133897364e+02
1.457134654465656354e+01
6.250494289499808076e+01
4.307440365580832520e+01
5.372179430675807055e+01
2.820492888321600589e+01
2.460252249604151302e+02
8.909895929413698568e+00
5.902600774730612443e+01
4.094050784612444005e+01
5.362466890853642099e+01
3.007578028114564361e+01
2.991597638927546541e+02
2.770115507591403059e+01
3.108000266897790809e+01
1.298692171411978507e+02
2.415371791902156318e+01
3.847355817571188652e+01
7.140408457002170906e+01
1.747701206026638943e+01
1.185826422769837052e+02
3.696854264337696261e+00
1.013277383100759099e+00
