1.382109127473462138e+02
2.116798033016226910e+01
1.802062666271141609e+02
2.001658111681961572e+01
1.682358235005447966e+02
8.451677540157452029e+01
4.356846666262475765e+01
4.147527216252490945e+01
1.563213655798091963e+02
5.537410844057517068e+01
1.283092611978435400e+02
8.315731228467967640e+00
3.089638785850518161e+02
9.342970550956582798e+00
1.600715544377389676e+02
1.916889923133037854e+01
5.119840168801510458e+02
1.744300803477941741e+01
2.653972383311677277e+02
8.057583031017976793e+00
3.900905822440302586e+02
1.259843667836300085e+00
8.195302085361679474e+02
1.068370674067016912e+00
4.519227829333668183e+02
1.943967068041839497e+00
1.741885929629612804e+02
1.792857203018581425e+00
3.585839146805018913e+02
1.000000000000000021e-03
3.585839146805020050e+02
1.038721119306623919e+00
1.235572797439927371e+02
1.195857514349692785e+00
3.918685372736888439e+02
6.440755056905669296e-01
4.329368507735183016e+02
8.089013351155031062e-01
4.351850843870147969e+02
3.854967461625298242e-01
3.853121222410155724e+02
8.847756499513756423e-02
3.938690981016848127e+02
1.060769798188655466e-01
5.371949524622104946e+02
6.547658353470642290e-01
1.393133343415837828e+02
1.496718400426668927e+00
1.409910100679445009e+02
9.289119517896775591e-01
6.381885169562550573e+02
1.208435047679588398e-01
4.019221277278859361e+02
2.976668133296604402e-01
3.805258445035323689e+02
1.055891385363940893e+00
1.265018703177448458e+02
1.228164867760543677e+00
3.898498402953169943e+02
6.863253147393050257e-01
4.030313125314638114e+02
6.073040236915571155e-01
2.378833253772661180e+02
2.052896039458940169e+00
1.256914112520566391e+02
6.986157723590102009e+00
1.177447852055138355e+02
6.105181386068158744e+00
3.810649915035853041e+02
4.647715419280950222e+00
1.233834947415590051e+02
3.544515706499656638e+00
2.347870150282578834e+02
4.584554012497044639e-01
3.998777284409088111e+02
7.203234600200985049e+00
1.117316426557713669e+02
1.285772101461689587e+01
1.180810607094673799e+02
6.403639777837153879e+00
2.212345110952685445e+02
5.928824061092210052e+00
1.267212795383257600e+02
1.032822680293143947e+01
1.418730865004495740e+02
5.529944057864211615e+00
1.816310013563495147e+02
8.317257835681935774e+00
1.222974383422577915e+02
1.120360583563734913e+01
1.183615153537531199e+02
5.419758657128133983e+00
3.491869725008593264e+02
2.189680179428474371e+00
1.097859576803088402e+02
6.027432830635242489e+00
1.158335798846944016e+02
8.560631477704092163e+00
9.920131515871671013e+01
4.281821195660019619e+00
4.659288929066473628e+01
4.471725035127311010e+00
1.114612958223632972e+02
3.515584835153126697e+00
1.311004110695911322e+02
8.006180010605040698e-01
1.499902531976862408e+00
