3.380925402453694346e+02
7.645732217591515223e+01
1.365708568700856631e+02
1.018074907754872882e+01
1.634020175092283296e+02
5.884420721361504292e+01
8.714796131081280350e+01
3.605683412787843878e+01
2.257482351545679649e+02
2.648761965797079299e+01
4.013885498814028097e+02
2.600779178046240503e+01
4.882556466387209184e+02
1.508127674930109308e+01
2.788893809920770650e+02
9.881729620056683316e+00
4.310018419773840606e+02
3.465441060417087105e+00
4.076511703924261951e+02
1.000000000000000021e-03
3.916648499848801634e+02
2.489160382750145839e+00
1.244522326933552722e+04
