1.708670872797991933e+02
3.581039935592320944e+01
5.908288771902291359e+01
9.598148143937130783e+01
9.983276741448477765e+01
5.412887457149511761e+01
3.397350542101991095e+02
6.466299185117081549e+01
4.199078943919060407e+02
1.928950092760387847e+01
4.161891940296185908e+02
7.580427647197103269e+00
3.007216744563940551e+02
1.757120508870080400e+01
2.139287250666687896e+02
2.744941957618799222e+00
2.940969260458828103e+02
6.367474278805285159e+00
3.433746684054889329e+02
5.843578511623204186e+00
3.975515786349100154e+02
3.760009377195029923e-01
3.928317878527086577e+02
3.567187113321356406e+00
4.676690218539488910e+02
3.059009903520895080e+00
3.082362318576729763e+02
1.317555714103467723e+00
5.123585048651556235e+02
1.229394673330623133e+00
2.680032466239763949e+02
5.653558248175969414e-01
3.541189832732528089e+02
1.188807571695593035e+00
1.655351430814241951e+02
2.222232649879528399e+00
5.414076905335011816e+02
7.272231943011276956e-01
5.341820124429905263e+02
7.435676143020384377e-01
2.818794618880297094e+02
8.577852489173162787e-02
5.280768181246937729e+02
8.309520825037705061e-01
4.887266336190915013e+02
3.319065456556180016e-01
3.229062812378861622e+02
4.511581942099713305e-01
4.854304500829003359e+02
2.808553739230618129e-01
3.288739047424508044e+02
3.111133451998340793e-01
4.886056910171167260e+02
3.130912940110099352e-01
3.044131314772567976e+02
1.285018285517181558e-01
5.067046575689972769e+02
2.341555617143261936e-01
2.856697902524521737e+02
7.848769628210867932e-02
5.280271078468581436e+02
2.127175832428029600e-01
2.277258389466838935e+02
1.000000000000000021e-03
3.018691353479298414e+02
1.376628694315598922e-01
5.407209668126555471e+02
1.482976978524990497e-01
5.279576526015995341e+02
6.329177435309071842e-02
2.861152276609753926e+02
1.000431596799240958e-01
5.119400349945549920e+02
1.009834446685398957e-01
3.513114864129586294e+02
5.453781037737046727e-02
1.797862143543022739e+02
9.499605949748463063e-02
5.618083932549058090e+02
7.015831209035516824e-02
5.285062710039068179e+02
5.327484473072054139e-02
2.720525623084504900e+02
3.467235995090302281e-02
5.347308843578061897e+02
5.914755086880077450e-02
5.302523629417622715e+02
2.845626680110940193e-02
2.712334633956598395e+02
1.901085041978387360e-02
2.245513005519360394e+00
