7.946819465963077533e+00
1.080673718631548326e+02
3.923398919166130838e+01
1.090134880834133355e+02
7.876508238824258967e+01
6.176143374900764371e+01
6.170230131268975526e+01
7.201768842085341760e+01
2.022466789733194048e+01
7.798328983821770066e+01
1.309309417925193131e+01
1.300340163676690395e+02
6.897299594903205389e+01
3.789458761253463308e+02
1.808107435865584378e+01
2.946702201339443263e+02
1.153983264703022726e+01
1.289851108902759336e+02
1.950796049703171064e+01
2.858214957982129931e+02
2.247869432589567751e+01
4.594887568274755836e+02
3.190457583002266784e+00
3.320710944931663562e+02
2.178873235289586319e+00
3.926951152760786385e+02
3.660775032904396209e+00
3.509042801583446476e+02
2.771787989933789387e+00
3.739900976512889201e+02
6.248809051639812040e+00
2.318614724420341417e+02
1.000000000000000021e-03
1.194437888337751588e+02
2.567219678579706610e+01
6.709051233001314074e+01
3.143557166283623516e+01
3.007211635364868130e+02
4.452817250395169424e+01
3.362847117247502382e+01
5.046544088224194979e+01
1.018889581219192308e+02
5.118112613595252824e+00
1.661166328406787329e+02
3.679887006828165852e+01
5.496313877603714815e+01
3.359004028317912116e+01
1.787418232995633502e+02
7.140898977677244908e+00
8.811227863024416251e+01
5.030037643379850465e+01
2.984527252536409136e+01
5.018252417753300421e+01
5.625211719541164967e+01
1.206154980974470980e+01
2.903613624808720601e+02
1.473463599295616433e+01
8.099788596134921193e+01
3.944877395522082253e+01
3.486735788500720901e+01
8.370948072808603513e+01
3.365510628050098063e+01
3.565286155779444499e+01
1.262715495079673076e+02
8.437624231807708597e+00
1.265027125782441715e+02
3.458564119185083285e+01
3.507781318508203583e+01
7.912780515689624394e+01
3.043239414203445392e+01
3.925973830299954415e+01
7.370471965068574605e+01
1.466080972990217823e+01
1.157580566170470888e+02
2.462795740007646117e+00
5.839854006072782155e-01
