1.633525724761248341e+02
4.051182960292242541e+01
1.556642468079792820e+02
4.180172218544002760e+01
1.323636525332543954e+02
3.008522921453315391e+01
4.003016031344958492e+02
6.636618719003843125e+01
8.706679547850652625e+02
5.027227002813322798e+00
2.950010309736889553e+02
1.451123878288101920e+01
2.736924635649282891e+02
5.277010120765953438e+00
5.878297450605181211e+02
4.666934133257255368e+00
5.487955130860020745e+02
5.472208677862997028e+00
4.995548790348998978e+02
3.866532992773879851e+00
5.702680330999133957e+02
1.000000000000000021e-03
2.444005856142485982e+02
1.837109819904303221e+00
3.366528369242133749e+02
1.807926960751295109e+00
4.855336742121173188e+02
1.944057921627949881e+00
6.822119597250144579e+03
