2.738703079014656510e+02
3.694159206445131360e+01
3.859331270748689917e+02
5.775275158898780603e+01
1.016873359210595282e+02
5.707555113729533502e+01
3.596729978037550381e+02
2.469776567051358640e+01
4.905637095418450713e+02
2.102971966942152804e+01
2.872280781282054249e+02
9.709386916981404880e+00
3.186355508540177652e+02
1.502382719783334375e+00
3.226585613808142057e+02
4.765070321387534946e+00
2.306620267641547741e+02
5.224387670063581623e+00
3.271024119151829268e+02
8.638662814269781887e-02
4.691483832383252093e+02
2.839494956003766557e+00
1.850954163634211795e+02
4.339569927361654145e+00
5.559555880130985770e+02
1.433287215935232783e+00
3.283182354160813929e+02
1.229115111885993095e+00
4.654746577708390305e+02
9.933146883799721660e-01
3.468701488512227797e+02
1.952832989160470101e+00
1.566551559289382283e+02
1.997624847440008233e+00
6.373798844010304947e+02
6.368555828330877411e-01
1.433650882722221240e+02
4.133398991312070558e-01
3.796726847802585212e+02
2.842642025877686884e-01
5.141873246938841930e+02
2.292601180026702101e-01
4.821176283941262000e+02
3.852963754888499293e-01
4.069487395068396154e+02
1.582199627506601258e+00
1.330128985222034146e+02
2.335443881093539176e+00
1.302185120544824599e+02
1.123506626352429816e+00
4.600345480302622150e+02
1.152516194460631721e-01
5.080601923695712685e+02
7.919608909036945921e-02
3.836727550699947074e+02
9.183031143961888076e-02
4.466551455319263368e+02
1.093374837808648997e-01
3.625446627699895998e+02
9.272686704605614949e-02
4.395074984974393715e+02
1.410281734106859919e-01
4.003958974241346596e+02
1.874258297827636477e-01
1.411458236544101510e+02
1.625577875860182986e-01
3.143556370568182956e+02
1.000000000000000021e-03
2.787682064466124530e+02
2.831609123355486451e-02
4.902317135953884417e+02
2.938134491462365133e-02
5.560277451993176783e+02
8.618292517536452202e-02
1.323773505463824165e+02
1.068229939992730027e-01
4.009618467026210169e+02
8.683775796278081494e-02
3.958690684140038911e+02
8.931561881097434263e-02
3.982086655038245908e+02
1.437375731194982520e-01
3.926301460020919762e+02
4.229774371274686029e-01
1.298650329989179397e+02
4.363252381152233905e-01
3.896935186018683339e+02
1.762387753227705744e-01
3.933319758837549784e+02
1.701172999796625451e-01
3.931847522208698251e+02
4.160756659662918078e-01
1.310152935498308295e+02
3.919806792115635985e-01
3.950969340702254158e+02
1.217154493157475287e-01
3.936651844218100109e+02
8.218081058539440653e-02
3.953309988003265403e+02
9.838400967761584681e-02
3.967986292261552990e+02
3.884918021744563910e-01
1.330116766468525782e+02
6.787659509075771869e-01
1.338076807719828309e+02
4.713204025314132739e-01
1.357845084027331666e+02
1.304407369084757962e-01
