2.478398625992382165e+02
4.507283543503454126e+01
3.923702022123297297e+02
4.779973200794751165e+01
1.013861959117371043e+02
6.954653985601157729e+01
3.416957449865333842e+02
2.685965226918083459e+01
4.951367710900298107e+02
1.816535989664228268e+01
2.836038489096600301e+02
8.723385921178236302e+00
3.026625254835105920e+02
3.598550247407863889e+00
3.415216159517428309e+02
5.717737916427807932e+00
2.227850835232210045e+02
5.743199122373853882e+00
8.129007720473451855e+02
4.376540307685483633e+00
1.611949921058645714e+02
5.461217878725417307e+00
5.951750436019005974e+02
1.425245481269184378e+00
3.005189717565208412e+02
5.646209555701999783e-01
5.015557840983194637e+02
9.214038972951249518e-01
5.029195508883881871e+02
1.271827260409960525e+00
5.965249574291152612e+02
2.612103553176187143e-01
2.723521325275355025e+02
4.825119453474758235e-01
3.172701856640130700e+02
2.735872179550427608e-01
5.009131125228115025e+02
1.616741748877493501e-01
4.154156282721488651e+02
4.654749785334662548e-01
4.298706548086014436e+02
7.897487784186518756e-01
1.483461505838893117e+02
1.157870627376551553e+00
1.377626522542438465e+02
4.805740818415499827e-01
4.659911025640789148e+02
3.535194649911179154e-01
3.720674149898488849e+02
2.840737064638862788e-02
4.863566691558856405e+02
1.972018074846681179e-01
3.695026176472742350e+02
6.881153232781532514e-02
4.241884667694972109e+02
3.774017010298934965e-02
4.435602515312925789e+02
1.161030791364280057e-01
3.505875588932099731e+02
2.268514942572914111e-02
2.465189374392913635e+02
7.521870925402848740e-02
5.597428881559146703e+02
7.194799269804005859e-02
3.365756204217950653e+02
4.800818378907432959e-02
6.281477064523089666e+02
2.403511420453245673e-02
1.968588535440562168e+02
4.375077280596369189e-02
3.887363630930955196e+02
6.076616511946622556e-02
3.787094876075336742e+02
1.000000000000000021e-03
4.628671515203188846e+02
4.547513663427474317e-02
3.768113719645946844e+02
5.729709469750986911e-02
1.622215546210516095e+02
2.637125006940368999e-02
3.611446434993788444e+02
2.212356864976135554e-02
3.297089392463926742e+02
1.973370721792937210e-02
5.968516979875759034e+02
1.446598963760382592e-02
6.284808665904117788e+02
1.517938205689344996e-02
2.200811383169491364e+02
1.234778380090577159e-02
3.707345113650748090e+02
1.581440832421453918e-02
5.407278709497265936e+02
1.134024798131169978e-02
3.515865350184981253e+02
1.053963783924293136e-02
