1.108471726378914468e+02
4.762508860961246171e+01
8.785517607839476284e+01
6.027960143327453579e+01
2.506701689832606235e+02
4.907968652201172510e+00
9.473087567752970983e+01
5.671069659694882859e+01
1.123955662731602700e+02
4.738524959896933808e+01
5.632050588839333471e+01
3.094295743123550579e+01
6.731764686698522837e+01
2.777129962210881331e+01
4.186414142127640048e+02
1.490515644595559586e+01
2.919713746594325130e+02
1.109375211667512140e+01
2.107388682934982853e+02
1.441374892719179357e+01
3.024831045347695522e+02
3.235299911415008722e+00
2.072371021274193481e+02
2.138037378483585549e+00
4.035479200086014657e+02
3.008155494906219030e+00
3.629839366190671512e+02
1.667127777952145706e+01
8.391041259066410873e+01
3.736174252658803852e+01
6.854285672426064480e+01
3.416361724549553003e+01
8.566364447456831499e+01
1.660754881566730745e+01
1.749951568857154030e+02
1.000000000000000021e-03
1.895780866261916913e+02
2.077525089981542905e+01
7.158920149137044575e+01
4.042958850537394255e+01
6.553754473156398319e+01
2.905147426830304269e+01
1.004501932271110718e+02
8.516399215412816304e+00
1.112852916673218395e+00
