3.520049819307747896e+01
8.093115514868864935e+00
9.931864895800192983e+01
8.182439351246185311e+01
2.051705003978099029e+01
6.791015024282293666e+01
1.263453368499915683e+02
5.782115843756670159e+01
8.543453889530486833e+01
3.123555433733579534e+01
4.882417743331790660e+01
2.951024880619805302e+01
1.298673127651826178e+02
2.605740843874420065e+01
8.305965363052517603e+01
9.159202513412871838e+01
2.008909151459110944e+02
8.164004519516279146e+00
2.211973484622077137e+02
1.000000000000000021e-03
2.211973484622076569e+02
1.143186164096983326e+01
2.545249365630799332e+02
7.932605057629086076e+00
2.444170176880735141e+02
1.266137707352351427e+01
2.153829832342728139e+02
7.001253891344888736e+00
2.999901678928164301e+02
4.799949911969204841e+00
2.430451035820668437e+02
1.524102575770909018e+00
4.229397684789029768e+02
2.170906896129479957e+00
3.285918791411719440e+02
1.995692423249491254e+00
3.858657445342514052e+02
1.056517184520066976e+01
1.125455009551132974e+02
1.822313732679605280e+01
1.109235493118060560e+02
1.217755265720670366e+01
1.417026448691223948e+02
4.451475494788646792e+00
