2.744389025443618948e+02
5.057894417544215315e+01
1.226170204663816605e+02
3.995519405741347896e+01
1.825406299925303699e+02
9.521111803636417292e+00
1.277566053877893495e+02
8.511970828660173538e+01
1.645680843001875360e+02
1.005385688926468113e+01
4.442800459227824490e+02
1.714610287684600465e+01
5.184801241029344965e+02
1.265784722618979785e+01
4.947820829173090829e+02
1.680726628220487573e+00
3.982233647770402172e+02
7.910747687844060572e+00
3.217286079458056633e+02
3.007082950166837687e+00
4.475105094736420028e+02
3.937293563968415899e+00
5.071083036976506833e+02
1.603548164642376594e+00
1.885496248140435966e+02
1.335191585768321421e+00
3.713444037377291806e+02
2.365333171125258538e+00
3.348807773399663006e+02
4.879660336926074371e-01
4.633202174827317776e+02
1.633495692914294750e+00
4.805040735927695437e+02
4.167423636392220687e-01
5.942360562211291608e+02
2.387448399784673214e-01
2.531732572410124362e+02
1.756733009175527049e-01
5.843695267615672719e+02
5.546505656028146714e-01
1.684503458949193373e+02
5.545887939308722370e-01
3.897515231738497619e+02
8.763577215410219001e-02
4.400984372056165626e+02
6.400463783408481822e-02
3.255379691645312619e+02
9.715014988647047156e-02
5.725016845347836352e+02
2.056172091791416967e-01
1.628530298527030595e+02
2.441613633747215240e-01
3.978500213842239077e+02
1.019884794255220689e-01
4.381355874491572990e+02
6.661094424902413991e-02
3.488725091580315620e+02
8.045331946874742512e-02
3.844392626766658623e+02
7.599228289902459910e-02
1.191716381688185749e+02
1.461530866807097540e-01
4.101148114601994052e+02
2.248141734318992099e-02
4.053660115467218361e+02
6.130421838559457770e-02
5.543632353407949722e+02
3.902854363982342402e-03
2.475168478106299119e+02
4.076138095301300168e-02
1.223103623789170342e+02
1.000000000000000021e-03
4.094738218772439495e+02
5.412481734127958660e-02
1.512076513590929210e+02
7.924993251153837626e-02
1.359695268964957791e+02
5.627784047908694631e-02
5.451842194369682204e+01
