1.961809331753027266e+02
5.369966469828934663e+01
1.221489334116749745e+02
4.279737568724898011e+01
1.227012332845122700e+02
9.116014975325505532e+01
4.917069029476093789e+01
1.359502193852056884e+01
2.522619431869929940e+02
3.744593351552660465e+01
5.587037336052983392e+02
1.640396946694413494e+00
3.480853690749710836e+02
9.849775594817899105e+00
2.988716574186781827e+02
1.632999195577972529e+01
1.633934370743059503e+02
9.964874754546585445e-01
4.071456159527374439e+02
1.028755215797650635e+01
3.101026671340081862e+02
1.089916947123983348e+01
5.334716702758800011e+02
1.079860082420128187e+01
1.178721028400868249e+02
4.111851983033033342e+00
4.607365420113285950e+02
2.646024266705192751e+00
3.587491146153582804e+02
1.572706148347414068e+00
2.936102402807826479e+02
1.000000000000000021e-03
2.936102402807826479e+02
2.376003482925485244e+00
3.375059991754043835e+02
2.489420466903879081e+00
1.744477807136838976e+02
1.844529131878357875e+00
3.807284630231942515e+02
1.971771666572340598e+00
5.750373446781457005e+02
6.018428986404406045e-01
2.198556875233514063e+02
1.035121959315814383e-01
4.328426885446154984e+02
1.244013387685890398e-01
2.954491812033329552e+02
4.473447109861805604e-01
3.609233556599336339e+02
4.550770226887573267e-01
4.977884225000711353e+02
3.960981841667398085e-01
3.533533041236576651e+02
1.004340632896348895e+00
1.359034025545568340e+02
7.165323046900258230e-01
4.090059011581346340e+02
2.039291774833267845e-01
3.664792356938542639e+02
1.001372977064214770e-01
3.670553315079868071e+02
1.579536897184841415e-01
5.694190432398413577e+02
9.733569283120857563e-02
2.625463677695880165e+02
4.964041746530372529e-02
6.064844935138869459e+02
2.828058646660928099e-01
1.329069222126573493e+02
2.327057661022151336e-01
4.036109544241482467e+02
8.010780856370645908e-02
3.985021851760834579e+02
6.928223499619506898e-02
3.641539763806708834e+02
6.866534371482738153e-02
3.731531259032460639e+02
3.165387226676911331e-02
4.305765375952713612e+02
7.899720693370185232e-02
3.777009556524961909e+02
1.611351916355195091e-01
1.336811139577934000e+02
1.233267775478137790e-01
6.588001763317138284e+02
6.658312303616854833e-02
3.888698004097074090e+02
3.023276146767894246e-01
1.283955480512221641e+02
3.585333286543335163e-01
3.907141259354302179e+02
3.929331622361875165e-01
1.289678372558422552e+02
3.735507305534782607e-01
3.883558064885468752e+02
2.380346803124547828e-01
1.278467974458547047e+02
2.383272007571882456e-01
1.218558141532481898e+02
7.439507813524429136e-02
4.251025532132359785e+01
