4.626596684168398355e+01
1.181270724873341607e+02
4.476798256602104686e+01
3.666254782705211142e+02
5.655585107448418825e+01
1.955019852811660144e+02
4.591551953308814937e+00
2.100429509150599188e+02
1.372889119511839873e+01
4.412331987158371476e+02
1.002064742795037766e+01
3.027470749808241521e+02
1.129698940981921140e+01
2.359197025863927024e+02
3.412402063306326561e+00
6.467718380354162946e+02
6.981392724007534412e+00
2.960585597170408505e+02
2.074923886194442346e+00
4.952898805205882127e+02
4.118147176024094414e+00
4.524799073350131380e+02
2.590690295871882043e+00
3.463952349455347530e+02
1.115733540723344186e+00
5.166817410486194149e+02
1.416941903026928129e+00
5.761169345405926379e+02
1.819748052083429268e+00
1.693194707736010969e+02
1.579419576863889230e+00
4.007425833933780268e+02
1.923868966799399116e-01
4.725833914579919224e+02
3.395487536195957445e-01
5.124573526092788143e+02
1.741152643449795367e-01
3.454115360647954844e+02
7.274542148051724721e-01
1.531118113833395853e+02
8.124117189896772340e-01
4.129311710305299243e+02
2.571405716537576991e-01
4.461169898663604272e+02
2.343847056148794239e-01
8.196291327155545332e+02
1.385593076461110185e-01
8.680941128046716813e+02
1.859542783318432480e-01
1.746180875138303463e+02
1.692792419402927573e-01
8.613976171988588248e+02
1.000000000000000021e-03
3.924144700572578586e+03
