4.682232707837830077e+01
3.196170874910223603e+01
6.369883429498926830e+01
7.656301907827769071e+01
1.396829081217762507e+02
6.933177737490338188e+01
3.827903565127061114e+01
8.901302580685535304e+01
3.000738108066078667e+02
9.380652250983600027e+01
1.838274171516992510e+02
4.787481356771677632e+00
6.142327717542566461e+02
1.005394390371565638e+00
9.784129567372141878e+01
2.336593294488095385e+00
2.613244955740144633e+02
1.207665973595522146e+01
3.150524342706575567e+02
2.625682618687336323e+00
3.116610817254738208e+02
8.549530237351520512e+00
3.100049228654883677e+02
8.375227135192522709e+00
5.231814217327934102e+02
5.189872075680005636e+00
3.807500510332180852e+02
4.563220331142576747e+00
3.651115542639160481e+02
2.482454919708311891e+00
5.726283392524209148e+02
3.228047417051282397e-01
1.897705933000823961e+02
3.722378931996792595e+00
9.689503324475876411e+01
5.044837986149145692e+00
3.701377374093969479e+02
1.347707165201312840e+00
3.706852475225384751e+02
9.038778482855259755e-01
3.695206412821099775e+02
1.569093807341800373e+00
3.876284006094244319e+02
2.653391000364465846e+00
3.720660249331698424e+02
9.661888218416995855e+00
1.100678285474389639e+02
9.972290149673087356e+00
3.739709970659965279e+02
3.960676731477973167e+00
1.021841377037826675e+02
1.000000000000000021e-03
2.762756315694865066e+02
4.006165842178149639e+00
3.742649681236412107e+02
1.059786227215869303e+01
1.074965387414633113e+02
1.037872859754259913e+01
3.784868469800902062e+02
3.586162965857497831e+00
3.852529842388385077e+02
3.032393701668788299e+00
3.897459047252350501e+02
5.239117164464114573e+00
1.399707583016284218e+02
4.169615986287818821e+00
1.943834286163970830e+02
7.290619805363284023e+00
1.228315022006758426e+02
8.636272397676613366e+00
3.709473423399939520e+02
1.218743971277256577e+01
9.382279651231884543e+01
1.824413491476978422e+01
8.729570740796123118e+01
1.244462591753224956e+01
9.911087613091714843e+01
5.105612438829207456e+00
3.879914254537870306e+02
5.857753297592621422e+00
1.166509846637174377e+02
1.205310480780715565e+01
1.104730333159578919e+02
1.137074919356357938e+01
1.178166440328865860e+02
5.605708018236044587e+00
1.293701442629482017e+02
1.248952965713638008e+00
7.230568078527913656e+01
