2.482390430554326315e+02
7.207133419723835743e+01
8.525428582090167140e+01
5.540481764521424424e+01
1.378512372962019299e+02
1.011958823666105012e+01
1.592699289900392330e+02
8.966466540360165993e+01
1.357171882350937437e+02
1.173447105820685721e+01
4.583486897414751411e+02
1.568158810361433098e+01
5.234782198249907879e+02
1.159835542047177093e+01
8.962945067055260324e+02
7.322512933407387514e+00
3.237813015993512522e+02
2.860153115008370772e+00
4.520618563058028485e+02
3.888413772938483781e+00
4.753439737559987748e+02
1.267228527063718468e+00
2.497938081707530671e+02
1.000000000000000021e-03
3.449533541405637607e+02
2.279469072383766282e+00
8.128651231515743802e+02
1.197079968122289451e+00
9.035814710969894804e+03
