3.690386469254444251e+02
2.736607401195843536e+01
1.189224725719018778e+02
1.023755801372808776e+02
5.259529802067669380e+01
4.048677832626842132e+01
1.199231437072878350e+02
5.749058799686554977e+01
1.737562406769011147e+02
9.652171105990085209e+00
2.641547633339960726e+02
1.252620271634376437e+01
1.437526313072636697e+02
2.525923099471188138e+01
4.899859266918427352e+02
1.508256431906229089e+01
2.781303552017925540e+02
1.193729126493226644e+01
4.210815654981427656e+02
3.540024906184261688e+00
4.680220628510580241e+02
1.348312311260522423e+00
3.111895330412764338e+02
1.923459174700698604e+00
4.790141709108665964e+02
1.706537659701647502e+00
1.852484492510921257e+02
2.095728177069649867e+00
6.830939475824211513e+02
3.766418569804441119e-01
1.615452027792835565e+02
1.010572322582600657e+00
3.537879691838078884e+02
3.283937653062025119e-01
4.515993569563431151e+02
1.064256886773220723e+00
4.656375147212395973e+02
6.083224661948817280e-01
3.749542389672674290e+02
2.489842527917913995e-01
4.375903100079709134e+02
4.126570745083604219e-01
3.917432382290427881e+02
5.663655774023035328e-01
1.419061420747461568e+02
5.608203123768576992e-01
2.997199748485512032e+02
2.357718220902372264e-01
4.633724885600280459e+02
2.711920606878883144e-01
3.679250306242130932e+02
2.221241355006428053e-01
4.219890887835525746e+02
6.086241052334548929e-01
1.299023429165249865e+02
5.100873846377443899e-01
4.301854826975363153e+02
1.844657007748947697e-01
4.321588565684963896e+02
1.000000000000000021e-03
3.681353222620524548e+02
3.322070292762613342e-01
1.352659287399937966e+02
3.398794600036003088e-01
3.973946964765179928e+02
2.807772389915011990e-01
1.876365421156682771e+02
4.999165793359516136e-02
4.631617905631260328e+02
2.785552206098976580e+00
1.212680635687094224e+02
7.407465083433351083e+00
1.173519220776669840e+02
6.154795718269192584e+00
3.853866710008443306e+02
6.415601222124719172e+00
1.248913881644999435e+02
7.400324124029405759e+00
1.658707062195690298e+02
4.215536464848363529e+00
1.575530931910225831e+02
8.742225561335542849e+00
1.190427440844955953e+02
9.863469588968330370e+00
1.178801425500237059e+02
4.592115422797762747e+00
3.726007030660867372e+02
3.572722547353250011e+00
1.152581532559152464e+02
8.119990415847754051e+00
1.119720820094508014e+02
1.002238254631511438e+01
1.151463659904383690e+02
7.516125917171972759e+00
1.241043556649973283e+02
3.282235134178923097e+00
1.333459436893271572e+02
6.579364175575145302e-01
1.499902464659115475e+00
