1.959391746834501475e+02
5.266529785875143688e+01
1.234699191480274720e+02
6.405702618127480719e+01
1.398258138330733971e+02
1.798237501578521602e+01
4.141067695780322424e+02
3.285257775422535076e+01
2.478581947750176369e+02
8.401330975636644993e+00
4.070906952804735397e+02
3.226472698567672825e+00
5.533456533108231952e+02
1.047887396019953776e+01
6.305002051028305914e+02
5.931186785967657471e+00
2.946710241501468772e+02
5.378724135952066554e+00
5.329910285411569930e+02
4.691894024434575705e+00
1.874264428631102192e+03
1.759084188145763283e+00
8.578113655392374994e+02
1.000000000000000021e-03
5.740737600147204830e+03
