1.097143333221334984e+02
2.884538535216866961e+01
1.107569642163377566e+01
9.319935748882446092e+01
1.312522326849927197e+02
4.317968316372544990e+01
8.231429480185161651e+01
6.900952563553711627e+01
1.638514373385636418e+02
7.985137170852956601e+00
1.749166347084057520e+02
7.785531666732485689e+01
3.603335772088662452e+02
3.284676175437665435e+00
2.264993926244758882e+02
1.629668142066467240e+01
2.665722819754147963e+02
4.182244222316424676e+00
2.606167716914884522e+02
1.129672205728280687e+01
3.207412592630269614e+02
5.226584286324759354e+00
3.380331907817844126e+02
1.024542685035597778e+01
3.180676211245088894e+02
1.280855798882896801e+00
3.133015326980977875e+02
2.569107397094965606e+00
3.428391069330368168e+02
6.362397844733126639e+00
2.025722201228618644e+02
1.920621034800857885e+00
3.222266732904370770e+02
7.594672180407919804e+00
3.372038318024038404e+02
5.869276783971217881e+00
4.248443334345017206e+02
1.296201376063042865e+00
3.635144804758274404e+02
1.403909948834534127e+01
9.515206180277085934e+01
1.961998716907535822e+01
1.095887106101464070e+02
9.204183330797054197e+00
1.498100608493110997e+02
3.470216172091124651e+00
4.206076312439357139e+02
8.991930494752454761e-01
4.065849114429735778e+02
1.625368724626315320e+00
3.535425248499491317e+02
1.725574278932499706e+00
3.877164066796167958e+02
6.201424392556822429e-01
3.511244720809737032e+02
1.751076030901936864e+00
3.456708878396188425e+02
9.143192425553118952e+00
9.963406094876734187e+01
1.087222788946342433e+01
2.994791198375227737e+02
1.054811945818125452e+01
5.592162970404788069e+01
2.716063568058084243e+01
5.758725420514159765e+01
2.734995089914880140e+01
8.722451003273951642e+01
7.723881885094251665e+00
2.443957000628523133e+02
1.000000000000000021e-03
2.081889296831704996e+02
1.702499746555568905e+01
6.153765846797858785e+01
5.544220670132789763e+01
3.555026599398301101e+01
4.389869514929218042e+01
8.963954264647304626e+01
9.799753094908476569e+00
1.884599879205115656e+02
1.363942505913574799e+01
1.090293027316487269e+02
1.265479027751124796e+01
1.755260528794456434e+02
6.147416354744102307e+00
1.384304729560949454e+02
1.266806712611591834e+01
1.187812983269220268e+02
1.498913457591417320e+01
1.016447986637926135e+02
2.241869496847614585e+01
7.671155716436970806e+01
2.705538911056589768e+01
8.618284583028884072e+01
1.537244984885202648e+01
1.555222057945531162e+02
8.655380619797517383e+00
1.147486698993997578e+02
1.942607390682968216e+01
8.325621495019053953e+01
1.998108687992131749e+01
8.598851198482491043e+01
1.030742383094925074e+01
1.001137608612647938e+02
2.537481355751953327e+00
