3.099456385647819445e+01
1.255866244363347164e+02
7.320716995712643893e+01
3.418807041048940505e+02
4.785931859463564564e+01
1.609734472226247988e+02
1.905410475427629891e+01
4.819627743994559523e+02
4.869713015079986107e+00
2.088754939999935516e+02
9.409404854024971954e+00
5.418085403273205429e+02
1.240563491241706373e+01
3.740434459364361715e+02
4.311940636600906984e+00
2.566579305242618716e+02
4.903218668627561172e+00
5.343284099805742926e+02
4.583078507950414604e+00
5.327656614641896340e+02
2.714288690500332279e+00
1.651406720113388644e+02
3.231457410576775491e+00
6.498981011919744333e+02
2.373578161590946145e+00
1.581780190125683987e+02
2.570740021161837419e+00
3.681092057488658611e+02
2.085284063809047961e+00
4.506699531169572879e+02
1.321921823282654174e+00
3.559980286538315113e+02
9.980074762632628049e-01
3.732577859085632781e+02
2.786925299159541236e+00
1.250925808120419163e+02
3.064557995507874999e+00
3.851734622563651556e+02
7.711315362623686331e-01
4.068578142548992105e+02
8.633219737077025835e-01
4.057438487577022670e+02
3.287681661392839461e-01
4.114437318357012714e+02
2.265503969363321102e-01
3.332576087799048992e+02
1.464055544511295159e-01
7.600766800684502869e+02
2.453700491715928855e-01
4.131730441958531515e+02
1.290325358330007555e-01
4.076379911115109849e+02
2.014338036059477866e-01
3.924785747385851664e+02
8.196054248754897076e-02
4.108603189693890272e+02
1.436926675136568909e-01
3.931922880376309308e+02
1.000000000000000021e-03
3.777729826243905222e+02
6.515465351096325075e-02
3.546798071067387923e+02
5.283680590335900623e-02
4.129573277856586628e+02
4.617777850538919843e-02
3.779011654309937853e+02
6.415900045537317742e-02
3.982901779127918758e+02
5.002678826025912934e-02
4.006939812399010634e+02
6.996783758120166119e-02
3.922569681625345197e+02
4.152717544158156249e-02
3.893651207615087060e+02
6.186794691152461279e-02
3.909699809882120576e+02
5.477701811219674172e-02
3.802075832026324065e+02
1.582453203276743825e-01
1.329445471071349232e+02
1.707627493719699185e-01
1.765352735313357186e+02
