9.082935180580976464e+01
3.759313186052264655e+01
8.303034072423051271e+01
6.135462826668963032e+01
1.414951832977568245e+02
3.130389114731866584e+01
3.563887437368503015e+02
9.172304355275278454e+01
1.237213937266722468e+02
1.657155372333093624e+01
4.495143437041846255e+02
4.271206408450769487e+00
2.640238772148657631e+02
1.503178151858888256e+01
2.743772338407661664e+02
1.652020146135720680e+01
8.701801242358156685e+01
2.687075414241242743e+00
3.153696192140857875e+02
3.058984696981213336e+00
4.353628025391109304e+02
4.031623730644349202e+00
3.229537548272093090e+02
5.646894735313689573e+00
4.253443481629118423e+02
2.329035875844156778e-01
3.066788206084648323e+02
3.778822780459653252e+00
1.680698377140730599e+02
2.412592721082420510e+00
3.765631503197556071e+02
2.377330732709709515e+00
4.086234090845060791e+02
4.146091555321153033e-01
3.898857120473914506e+02
1.777657821670074245e+00
3.797241645020158671e+02
1.000000000000000021e-03
3.648330207960544271e+02
1.217416332970629345e+00
3.754699769781403802e+02
6.892758355085844002e-01
4.142512076776412187e+02
1.063355856823985590e+00
3.912971289293103609e+02
2.784955395409213441e+00
1.316163249120727414e+02
2.765444342150803259e+00
6.361994776725049405e+02
3.242374381745885437e+00
1.234231301536963343e+02
4.364874448720248878e+00
3.791216114155074024e+02
4.550569174497424818e+00
1.224545062907071724e+02
3.607141036457603089e+00
6.477523186205116872e+02
2.803794335459326881e+00
1.263206292886420528e+02
2.963815998566810883e+00
3.866808710346733164e+02
1.166827733558241986e+00
3.911296121373896426e+02
9.028882616147438922e-01
3.895441487032798022e+02
9.453461128860169982e-01
3.883024006710523395e+02
1.212544726553161034e+00
3.894630203827588844e+02
3.460058849861320951e+00
1.236900069181190105e+02
3.450181753084766711e+00
3.895826544731654622e+02
1.237397208344503730e+00
3.908444849314654448e+02
1.081074813224030207e+00
3.923299157106853841e+02
1.357948390081121115e+00
3.878975969571702649e+02
4.864690541296471160e+00
1.209104063354469361e+02
5.658300820572298662e+00
3.856767537362034659e+02
7.736211150638477640e+00
1.200772115462485630e+02
1.087632923864425116e+01
1.393299505754679046e+02
8.189974397158534813e+00
1.436873881766675254e+02
1.135087155794639280e+01
1.118816533844837977e+02
1.396831530597737192e+01
1.043582178428799523e+02
9.956304923403910934e+00
1.102424798978699130e+02
4.093945559579520221e+00
1.173301633355402487e+02
8.112759914009147755e-01
1.116011670936150724e+00
