2.998434330339328113e+01
1.281016803810574913e+02
7.434638330292357011e+01
3.388051900317233844e+02
5.090727733453669401e+01
1.505517197913580674e+02
2.006188818229565030e+01
4.912782102604613783e+02
4.661898340968837928e+00
2.011146507913506696e+02
9.921980783271873605e+00
5.432041199279069588e+02
1.235011834727417401e+01
3.762579592388839842e+02
4.298192069944832383e+00
2.522726734130196746e+02
4.860349338946506670e+00
5.364830848115633444e+02
4.676084137426558485e+00
5.315768297204735973e+02
2.408289543715021352e+00
1.701070676277238647e+02
3.033873386205194755e+00
6.578593097925778466e+02
2.610829635703066476e+00
1.523365751609441645e+02
3.693198545546856337e+00
3.772210257400246860e+02
4.685965141049279303e+00
1.348401612501310467e+02
3.466922105784846941e+00
3.461296326293513630e+02
1.257968588116284536e+00
3.963537205226833180e+02
6.859472031327489283e-01
4.069498373520364112e+02
7.781127958956921553e-01
3.831105821054637204e+02
2.881578656746461853e-01
4.177167854054897589e+02
6.539988723735632448e-01
4.170041230050898093e+02
2.538187126440499819e-01
4.194791922089800664e+02
2.802904513617534565e-01
1.080099608340306304e+03
1.642911667947851151e-01
8.103622721887282978e+02
1.696475025583987495e-01
7.981477156253757812e+02
1.285509365795469428e-01
1.927751284054684902e+03
1.000000000000000021e-03
4.521885728029508300e+02
