2.835460987202463912e+02
4.276856986385947579e+01
1.442734336815527740e+02
3.560566264326669028e+01
1.734906687270091936e+02
1.579455436414996505e+01
1.131084750434441730e+02
8.608821377048546708e+01
1.739986851142514581e+02
1.056304279882085773e+01
4.378720241322286029e+02
1.805419820195922043e+01
5.149284936536064379e+02
1.334283332669707534e+01
4.999909777646890348e+02
2.489239880824289486e+00
3.914764447246981831e+02
7.876803782281606381e+00
3.247134028777097683e+02
2.993604890298751986e+00
4.428469260252186928e+02
3.965446693563023928e+00
5.125748189210775081e+02
1.602663411561666695e+00
1.893737960888626048e+02
1.625342859622441072e+00
3.660879101853602151e+02
2.383400285365742555e+00
3.425276082073188491e+02
3.446273940813742720e-01
4.530177359626219982e+02
1.650293916401573746e+00
4.852179894477552580e+02
5.251515174929619612e-01
5.687004021403760134e+02
2.430869251372420881e-01
2.772166715137629467e+02
2.373475910611408668e-01
5.740642488189621417e+02
3.526192096781912144e-01
1.911213834160193699e+02
4.787842483489945233e-01
8.164320404258942290e+02
1.753557961154432465e-01
8.884188389357807409e+02
1.212646973194843741e-01
1.847079733356914346e+02
1.715412979185578224e-01
8.267731438942271325e+02
7.031179026321859871e-02
8.256140454315655006e+02
5.307753665295367879e-02
8.359080455009401476e+02
3.815819780372023406e-02
8.258686789740136192e+02
3.161884271527706791e-02
4.563391314245114927e+02
1.000000000000000021e-03
1.233805799777383072e+03
