1.003969173703991487e+03
2.008553385391644142e+01
2.282408219239825939e+02
4.736813775831987527e+01
1.712298447710142568e+02
1.546748148091047348e+01
1.236630457269049970e+02
8.038657488046609956e+01
7.054103577401441783e+01
5.688476054279693983e+01
6.477546667465377368e+02
9.702198150326932335e+00
8.020588030260273626e+02
7.727808984677071003e+00
6.665355556184695160e+02
7.262179009423077147e+00
7.626535469876657771e+02
6.258353897709873159e+00
1.081075261631913463e+03
2.388458469972436049e+00
2.866001479849154521e+02
1.000000000000000021e-03
1.404340725126085817e+04
