5.178871429158311912e+01
9.823949582255940527e+01
5.281453593602302021e+01
3.612838312590324108e+02
5.439974952157891153e+01
2.276174250309515799e+02
8.681925441721553227e+00
1.593013735588653503e+02
1.575544032183786314e+01
4.546367749884329896e+02
8.494909837728929602e+00
2.968437228902243419e+02
1.093252260528280573e+01
2.596515423779916318e+02
4.125098945787463833e+00
6.323072298125882753e+02
7.434855185207091210e+00
4.236903007102534957e+02
1.000000000000000021e-03
1.059225751775634308e+02
2.298481355679646398e+00
5.007949856558000512e+00
