6.231673665685551100e+01
7.788830666907404066e+01
5.671897661300636884e+01
3.560899976477906534e+02
6.660665971715290823e+01
1.475572093152125319e+02
7.032127133050074974e+00
2.429126201359298989e+02
1.179379835246786890e+01
4.498450338058423199e+02
1.197412382917919516e+01
3.037676353422811530e+02
8.115723679148491243e+00
2.253857635278475584e+02
7.453613437553777032e+00
3.830667571873427164e+02
5.613786939926511010e+00
1.302670340646230045e+02
1.000000000000000021e-03
3.908011021938690419e+02
6.166405540453050449e+00
3.464284170345562188e+02
2.330528084871100081e+00
4.082534880707204366e+02
1.311797996220130891e+01
1.096028517520357610e+02
1.044641259009729595e+01
3.560017685253470745e+02
2.805224368036742799e+00
2.453217907548528558e+02
1.430906125070210422e+01
6.818466570487559864e+01
4.234074064061112352e+01
5.657209621903204066e+01
2.852944413409521829e+01
2.383142946827208561e+02
5.973484669138338532e+00
6.960873257891890376e+01
3.708335667430915095e+01
5.949409077644143906e+01
2.945233310574625207e+01
3.046344000056735126e+02
2.907251462434392764e+01
3.143478097205709432e+01
1.188383230367908254e+02
2.320107822832515510e+01
4.064480361463002822e+01
7.149712844207944329e+01
1.777587756349059589e+01
1.188997377538956925e+02
3.576626694054465538e+00
1.013277383034633106e+00
