2.115960745954437527e+02
7.572034652244845176e+01
1.277496174344884992e+02
8.412594029935559092e+01
9.094625777584035120e+00
7.764850144785495445e+01
1.509264205515000299e+02
3.131306419599850344e+01
1.662637791616185154e+02
1.827855966770995266e+01
4.361504719088403021e+02
5.694982844990187587e+00
2.878235805239357319e+02
1.169617068516945757e+01
5.313441520572151830e+02
6.614506078023356217e+00
3.960349700109725859e+02
4.399131956372809960e+00
2.281178161609580286e+02
6.070198628994928569e+00
5.685920183098652387e+02
2.202389534350701172e+00
2.259540248885392089e+02
4.431077915714574544e+00
1.616209359380069657e+02
2.793516021121129178e+00
5.957873680839049939e+02
1.217677139097165684e+00
3.907547263525256653e+02
6.726506581865558942e-01
1.700233901542133879e+02
2.383061326448105088e+00
4.137212081645598687e+02
5.394252158463610503e-01
3.958837978625604705e+02
6.041244438234816272e+00
1.252036365873771047e+02
6.181658798210558636e+00
3.988083327685466770e+02
2.747378326386912928e+00
3.903010459937822816e+02
2.663742378515295606e+00
3.835920289417410913e+02
8.360280197392217616e+00
1.127975586615041408e+02
8.547696379959607071e+00
3.910050773167972125e+02
5.018990190440362653e+00
1.699635087492128207e+02
1.010282677146769181e+01
1.048674937440895718e+02
3.187586039115945624e+01
5.912272887970538449e+01
4.035481385338537308e+01
6.796841176926858452e+01
1.528929681634217985e+01
2.743930919808036606e+02
9.819930741367555171e+00
9.804960324602420485e+01
1.212151854485013835e+01
3.559124572476434309e+02
1.475786993964639215e+01
9.506364451177462627e+01
1.919718013770575382e+01
1.015454122259610443e+02
8.029414102054523994e+00
1.245019112146992484e+02
1.000000000000000021e-03
2.527766076177227319e+02
1.195928818510731295e+00
1.270413376969776209e+02
5.904488160520428019e-01
1.402241711765423782e+00
