0.000000000000000000e+00
1.000000000000000021e-03
5.555794940486564570e+01
7.309446426315538758e+01
7.466851496506517094e+01
3.336373134600673325e+02
6.920396169560264354e+01
1.503541004346631951e+02
1.274967609337038077e+01
1.755379835339336978e+02
3.731443527391890225e+00
3.069439965443253300e+02
1.917618025355043443e+01
1.143515072784436200e+02
1.835105608802225063e+01
3.240781016542225075e+02
1.666591798079291564e+01
2.194344886749081525e+02
9.503762184293953474e-01
6.668794879313262527e+02
6.913735009382171448e+00
3.211916710575601996e+02
1.644488243196270849e+00
2.048005581612935373e+02
2.762108714164823287e+00
5.238594269616768315e+02
6.030006167347803370e+00
1.408802154304076453e+02
5.530499892174939980e+00
3.842608544153611092e+02
3.010942990352819759e+00
1.572597062128756704e+02
1.323963661104889278e+00
3.848439986097657766e+02
1.455817608715391787e+00
2.098084611480932438e+02
1.328074477343889059e+00
1.665328758766526960e+02
1.916664649251458075e+00
1.493382590704722190e+02
3.712100766155294718e+00
1.613033760722484260e+02
2.188326042854095821e+00
