2.307682002894266304e+02
3.834135544769646486e+01
3.622406981900070946e+02
6.015030021940495430e+01
1.178099171437166461e+02
5.957909002406031362e+01
1.435576074318526594e+02
7.243002578729504037e+00
4.897241419360896089e+02
1.488707143018163492e+01
3.387142592780552945e+02
3.777548681471013747e+00
4.321169900851949706e+02
8.422291450112210365e-01
4.167272213599890733e+02
1.379206277821164051e+01
3.131085988237362585e+02
4.058736825358076672e+00
5.530907104772454659e+02
6.296303408242139854e-01
3.278375587132260875e+02
1.736096564595432934e+00
2.755054725501639155e+02
4.287243557129277960e+00
4.419871504678827137e+02
4.272190857964199839e-01
3.796139090042486259e+02
2.820960378322024287e+00
3.900652082482311584e+02
3.276301302610908905e+00
1.282252401266521815e+02
4.437896093643480810e+00
3.023475710409221051e+02
9.899687448576870441e-01
4.891952889378724763e+02
1.256995920674854217e+00
3.495948366474474938e+02
1.732477179868460837e+00
1.835540813612762463e+02
5.592535676313720172e-01
6.039680594642221649e+02
1.791573981710757657e+00
1.291841394691331857e+02
4.607217313760991195e-01
6.823460013244913398e+02
9.442883070270230439e-01
3.612882883332320603e+02
8.734724141689161891e-01
1.538436114517355122e+02
8.672502369944279366e-01
6.002161723783914340e+02
8.406301912895526307e-01
4.008287771440508322e+02
1.752742097695346946e+00
1.296637411415241559e+02
2.026621854570581860e+00
3.816519415602269305e+02
4.708883286235520660e-01
4.094267438613353534e+02
5.277459384663901742e-01
3.740930226183737659e+02
6.127893870611083038e-01
1.413676896113980490e+02
4.173496034215178896e-01
6.302448336088962151e+02
2.670485233179479834e-01
3.955790317849807138e+02
1.274394319162308331e-01
4.032281212816385505e+02
2.794701670216500622e-01
3.860607348996988435e+02
4.670502321290938008e-01
1.357030152828837402e+02
3.992692899570948195e-01
6.308579944581265408e+02
1.932079749867700313e-01
3.973980571150700598e+02
6.035378802349399274e-01
1.292709793353244834e+02
6.607781524988278754e-01
3.896421178736169395e+02
2.304947514907590977e-01
3.957004297068386336e+02
2.194621520872577780e-01
3.869008164958798375e+02
4.101125064893600403e-01
1.307574960927839527e+02
3.585505557722055148e-01
3.869884786935685952e+02
8.804789820955533086e-02
3.965084677677266995e+02
2.331511171382359693e-02
3.993996225506793394e+02
1.000000000000000021e-03
2.553538570405982568e+02
4.406772275229978858e-02
3.878964421554704245e+02
1.709911371492990328e-01
1.309481462516511101e+02
2.000303523355389523e-01
3.903480294066678766e+02
2.303590818883561875e-01
1.308318777840586051e+02
2.685496989925317268e-01
1.299808115858252791e+02
1.013741536083635764e-01
8.736602975293010775e-01
