3.288554672537358101e+02
7.756026724926250893e+01
1.290821998328433153e+02
1.182916810562409893e+01
1.528695845309088099e+02
7.275632232487778595e+01
6.724025134473102128e+01
4.554190076533633658e+01
2.164586555132593162e+02
2.244196970790544299e+01
4.069650588325687295e+02
2.618379574789235420e+01
4.924917785686637330e+02
1.467230607413164734e+01
2.775422423193421650e+02
9.372397847078520527e+00
4.189212092804573331e+02
3.864751270106740577e+00
4.377339770823044205e+02
1.382334874842644723e+00
3.511847813163038268e+02
2.243213302842923529e+00
4.242227438331149187e+02
2.235591990832159759e+00
4.750445231593371318e+02
8.812635600563294425e-01
4.818777476322585471e+02
1.509342086604696931e+00
1.384904300473161243e+02
4.386973722652800944e+00
1.303788153194716415e+02
3.127351055031296401e+00
3.966034070996735181e+02
1.288985466152691606e+00
4.568874452549625858e+02
7.024927553646089784e-01
4.592244265857682421e+02
9.935930874607459828e-02
3.816398219302446932e+02
1.129515132380052023e-01
4.774609518078642054e+02
2.152403756671253388e-01
3.920144105632622882e+02
8.024967339269811761e-01
1.434503674659277692e+02
1.015322998724379033e+00
4.149519166217845623e+02
1.956296710878128176e-01
3.883390003443258252e+02
2.449700649154636645e-01
3.845711567998696410e+02
1.035004932239247250e-01
3.832865868967535903e+02
1.964086910651885731e-01
3.801485837792668576e+02
5.847849253317694007e-01
1.369933697031692930e+02
6.217234441105037313e-01
3.935929075904333558e+02
1.364259850546066244e-01
4.043000344329512927e+02
1.471721463853330192e-01
1.161632038087456920e+02
5.322080518033614482e-02
9.879619212370187142e+02
5.326309339907757401e-02
4.459003644777055797e+02
3.394934472042900053e-02
3.615275891366106293e+02
3.387921379018650481e-02
4.401705122174065536e+02
3.353190209294527879e-02
3.801214289671981419e+02
1.996558104512287379e-02
4.368027894115875256e+02
2.090814620629283596e-02
1.098067280816419725e+03
1.057170289565861725e-02
4.158704905375338967e+02
1.000000000000000021e-03
3.838804528038774606e+02
1.325955226036127678e-02
1.012963529969131997e+02
