2.748497871047732701e+02
5.264012154481863348e+01
1.008207201604185030e+02
5.305637428234237518e+01
1.705059866207624850e+02
1.000000000000000021e-03
1.774654146460997026e+02
6.342319924908224493e+01
1.792734264568424294e+02
1.054852317729313604e+01
3.048316908642432281e+02
8.051585436556948139e+00
1.078282926346863633e+02
2.190371476939946405e+01
2.556985552697335891e+02
1.956385066827556196e+00
2.700053669653531756e+02
1.176623724237124868e+01
4.569345037174454092e+02
2.058477913958078442e+00
4.238849646234007196e+02
6.369885932695779296e+00
3.060222023435088090e+02
4.214466920889794466e+00
4.960936577818997648e+02
1.713185654485537279e+00
2.169229517581748610e+02
2.879963831897788040e+00
4.623672539523762453e+02
6.443369522982881348e-01
3.525757257582063176e+02
1.880347836856902655e+00
3.201691150960262462e+02
1.071148614250600817e+00
4.951017031749607327e+02
1.242401464503341657e+00
5.050502112838887001e+02
1.501864647662040309e+00
1.409990688332888169e+02
2.021772620259432607e+00
1.395368916628855231e+02
1.148438237745038615e+00
5.445737847966455547e+02
1.161193325296236006e-01
5.530507272476954768e+02
8.485228197735460443e-01
1.372577839346989776e+02
5.422003299858015879e-01
3.447092520107211158e+02
2.680003858800927841e-01
3.730093975220823950e+02
2.384385515884086260e-01
4.043300141120965350e+02
1.688404813477869248e-01
3.780178496867791296e+02
2.766787679752680251e-01
4.176418450821826696e+02
1.261139526716312242e-01
3.630365071885846078e+02
1.455710512773169540e-01
3.598685558543398884e+02
2.039495538765228322e-01
3.936453159771133414e+02
3.855625192363681952e-01
3.786229633066184306e+02
1.630809763808258372e+00
1.260337044745317883e+02
1.799580277889347046e+00
3.798197928034677489e+02
9.964559607753753490e-01
3.800295923283319439e+02
1.417359695782979934e+00
3.696198927857659555e+02
7.817737816788347338e+00
1.017767400270181071e+02
1.473090642613089329e+01
1.001485876246866979e+02
9.157713747586431197e+00
3.593332813564045409e+02
4.535119592551049017e+00
1.154866122105169666e+02
3.623487950206105257e+00
3.602805345730583895e+02
1.894764615280746911e+00
1.175912623588953636e+02
1.940334114415980915e+00
1.191348805672560900e+02
6.637801563620392420e-01
5.451842197090496223e-01
