3.440318693207881040e+01
1.222684974787724457e+02
6.792781338345550068e+01
3.305306252470602431e+02
6.466664789552571335e+01
1.555408946898610054e+02
8.431272850372431904e+00
2.409487590296245116e+02
9.487833159774194058e+00
4.511849500066650762e+02
1.030400711507917144e+01
3.053052653478326874e+02
4.181426332970981541e+00
2.334312591301024042e+02
8.941647513693217419e+00
3.775348690056232499e+02
3.596985738817497502e+00
2.614550282260063341e+02
5.224952631902039180e+00
5.226702799513367381e+02
4.789222298489248075e+00
7.413236321465578271e+01
1.469914485104758306e+00
4.519042845573126783e+02
1.522575547324412915e+00
2.112598603328238482e+02
4.618989358402043166e+00
1.407015508247478124e+02
3.598635450927137658e+00
4.096223887021278642e+02
2.449519515926615210e+00
3.341604374772421693e+02
8.237105282269721052e-01
2.571849683439260161e+02
1.000000000000000021e-03
2.280696889087645900e+02
1.535936314722516016e+00
4.935528623424042962e+02
1.507715631735759565e-01
4.541403955667253740e+02
8.613209451208349021e-01
1.415514209455107846e+02
1.441067173594157813e+00
4.003912262895919980e+02
6.567139090581116667e-01
4.006106874875068229e+02
1.186413020978614785e+00
3.995990774098868314e+02
1.080603369772783040e+00
3.901138995177315110e+02
1.595540975529464056e+00
3.718483089967947990e+02
5.007205048365426237e+00
1.127452037907084730e+02
4.337280251661043806e+00
2.660064398246128690e+02
1.086864998338998589e+01
8.386424332136728310e+01
3.005147490182723757e+01
7.214643630632299676e+01
2.496868854820669625e+01
9.209867342710410298e+01
4.563806138780529764e+00
2.644820049944540301e+02
1.123202592794428156e+01
1.106446016993332080e+02
1.801544238460425973e+01
1.146576934096830911e+02
1.771867515415420868e+01
1.137318710438832738e+02
1.602256304660954456e+01
1.134593017944442863e+02
9.566208169258265670e+00
1.223699991961786679e+02
2.611288169472659515e+00
