1.407075090550464758e+01
1.579080790982669953e+02
9.513235234851731548e+01
8.875165954848847605e+01
6.139875539013362271e+01
4.273436869799234472e+01
9.123849059824576102e+01
6.704786674442135563e+01
6.766497866778630055e+01
6.577423132857923065e+02
1.263370693932791866e+01
2.927813970496540037e+02
7.352863505331730387e+00
4.897590192059122955e+02
7.763637845440374718e+00
3.768499272200139671e+02
8.987801149239215803e+00
2.897371689917124513e+02
2.018098833042747842e+00
5.071523859303089239e+02
4.002096117456556357e+00
4.768644809277125205e+02
2.110926719382164141e+00
8.340774515196069387e+02
2.684470542739685772e+00
8.074004031072579437e+02
1.610609186707999685e+00
8.067859344250632603e+02
6.052954408960534716e-01
1.090425921293681540e+03
1.000000000000000021e-03
8.226020108004963731e+02
3.451240079921359949e-01
1.501651007873067329e+03
