2.008217199172973721e+02
5.187557926216505422e+01
1.223534847919059558e+02
4.243286318065435125e+01
1.246565452359126169e+02
8.816553660294270856e+01
4.666703823482090741e+01
1.214673979088179756e+01
2.604173402792260390e+02
3.827874001881684052e+01
5.273392751818544184e+02
1.327866047101915470e+00
3.738881582655656075e+02
8.661774682398995395e+00
3.005299851053708835e+02
1.730984351672037036e+01
3.204614212440806114e+02
1.815349643131305202e+00
2.586876974456891958e+02
7.494024358720277057e+00
2.989233376413831138e+02
9.744979069405061978e+00
2.933508291903312397e+02
5.022421175406678984e+00
2.515883373909764202e+02
4.430785140594826643e+00
6.036982513428698667e+02
3.012940164017584799e+00
3.524507309336402727e+02
1.464621400564806386e+00
2.930676137578702196e+02
3.135741230013920910e-01
2.916053015429034758e+02
1.795983246098121988e+00
3.180466343968820979e+02
1.917386910691535107e+00
2.130892164142498189e+02
1.052180842575830555e+00
3.663264081358570934e+02
1.696248121306104695e+00
5.569564345876453899e+02
6.831855017673276187e-01
3.376911749850890487e+02
2.865172911814564682e-01
3.959375506820039163e+02
5.258076325754572622e-01
1.764058820467682267e+02
4.493554091166775399e-01
3.947203896077780314e+02
4.674074552421147444e-01
5.450491151305698168e+02
3.870106469042491337e-01
3.497549059759326724e+02
4.388467887517142341e-01
1.520282993593411049e+02
3.373347907257155942e-01
4.140700419878035632e+02
1.678002967673011825e-01
3.991566163094620379e+02
5.577828880191669503e-02
2.907785512194947160e+02
9.055919078187205096e-02
5.613821894585300925e+02
1.205684520657409192e-01
3.187912490642368084e+02
4.025678263898311432e-02
5.671731177644016952e+02
1.310318907949274969e-01
1.399939754183878051e+02
7.558838109721492671e-02
4.381014757767076162e+02
2.045823417896624336e-02
3.992585767785338930e+02
3.361213482559686355e-02
2.890210245513048903e+02
1.255132000062511750e-02
3.263168036165712920e+02
2.633880174650572378e-02
5.305522646572218264e+02
3.686643477799951552e-02
3.699136572918675370e+02
4.568304260280037915e-02
1.427690269468469637e+02
3.117701921423730177e-02
4.518580135068474988e+02
1.000000000000000021e-03
2.126390651796929774e+02
1.940579751228665994e-02
3.861907157063877776e+02
8.408150788270035703e-02
1.253077764728910211e+02
9.289148408835450066e-02
3.897057017451350589e+02
1.010559976727201242e-01
1.259423333303607819e+02
9.789236824336786102e-02
3.769975214329328992e+02
5.534860538173776157e-02
1.195713040158906892e+02
5.946034715543220550e-02
1.071906167651625310e+02
2.322795514547694798e-02
4.251025532280250729e+01
