2.584502813635258462e+02
4.089282194098920087e+01
3.741338684770868781e+02
7.014553413383548275e+01
8.456612986335471760e+01
6.208983228172505875e+01
3.514277597429663729e+02
2.654965048982668563e+01
4.946791439187475703e+02
1.959586756970727706e+01
2.890338050060105957e+02
8.324495297829798801e+00
3.060532629790308761e+02
2.500747537031148937e+00
3.396785656550750332e+02
6.384085518894687894e+00
2.072723462289274323e+02
4.889608502980779647e+00
8.063511077907608069e+02
3.339854465068116784e+00
1.899732027625449291e+02
4.185417343354242981e+00
5.931886223349413285e+02
1.453821098205032802e+00
3.169127961497937349e+02
4.336358489048737774e-01
4.688193861817780999e+02
8.536562004197814080e-01
5.138569424321727865e+02
1.429078807041941346e+00
5.931065242019310517e+02
1.237369963453028854e-01
2.686184142584779693e+02
6.505245778669729306e-01
3.371260471451037688e+02
3.057165743166726513e-01
4.679330438911448482e+02
2.943570815354382142e-01
4.127039800335854807e+02
4.705217450003337243e-01
4.003444245954788130e+02
2.295399008476513292e-01
4.391198778574054131e+02
1.684983965290783314e-01
3.738257763019144591e+02
3.754404979873440795e-01
8.374168565022396251e+02
2.464958993333103421e-01
3.622166090746630402e+02
7.360632930646811289e-02
8.752056849206994684e+02
7.235896586847824496e-02
2.686311179262235669e+02
7.058695943140519402e-02
3.663838523023563880e+02
9.432361469706163071e-02
5.197678713792460030e+02
8.378816141338221724e-02
3.296482945291000988e+02
8.311834429153841519e-02
1.216611012673640516e+03
7.276005670700699812e-02
8.526441434392073688e+02
1.000000000000000021e-03
6.174319659387364254e+02
5.489412345740911359e-02
1.213808479350676862e+03
3.561823323371236805e-02
2.855660554045630306e+03
