1.143815100610841426e+02
3.911389419032066428e+01
1.008144799150334308e+02
8.943440753314440883e+01
3.713471534709272959e+01
9.475733606872697123e+01
2.638456042537609392e+01
8.214931354937311880e+01
1.608240741358506227e+02
4.082782737850597954e+01
8.711006457358608657e+01
2.812326654597747222e+01
2.902396669117639476e+02
4.367199325729271209e+01
3.040331090692579608e+01
7.714725286319341535e+01
5.999723139910319247e+01
1.000000000000000021e-03
2.127174567786385921e+02
2.833209842213220142e+01
1.102713320684560756e+02
2.323099747314659069e+01
3.188682973545912773e+02
8.700959132372954485e+00
3.756712020007707906e+02
3.090813452557053864e+00
3.473248827748121244e+02
2.793880841156505035e+00
2.906636524095955565e+02
1.652426545203474761e+00
1.052908730380374891e+02
5.360167615509376482e+00
3.670203490486564988e+02
3.716339943544085589e+00
3.311011284685333749e+02
1.678125558066713552e+01
8.338875267130357827e+01
2.143250214595170533e+01
2.776426201731964625e+02
1.361658551957495611e+01
2.947030033790031212e+01
1.495752674077644429e+02
5.440437843703711707e+01
3.285350654747305299e+01
8.555442124393138670e+01
2.455134294283874752e+01
7.568286705241960988e+01
3.912268123531310593e+00
2.269372381655094273e+02
1.792704823887978804e+01
2.238221407917889039e+01
1.253148951769814374e+02
6.439149528778523290e+01
1.070431371385525843e+01
1.541860656814777997e+02
2.300634366227320626e+01
2.702911627423652874e+01
1.051729676910627802e+02
3.273285848568551870e+01
2.072691490699912720e+01
1.532786528449772163e+02
1.354878010718405745e+00
1.370894582563188067e+02
1.539908490222085291e+01
9.716150003827442561e+01
1.373510420910081820e+01
1.457569545591978795e+02
2.161413446995074317e+00
2.002159454706501265e+02
5.953370872755649579e+00
1.243268237361049700e+02
5.275254809413416623e+00
1.265028542456162910e+02
1.378417498995602841e+00
5.890451561524380431e+00
