6.810254105832187577e+01
2.458918836692543763e+01
1.014932725057609559e+02
6.571536819781101713e+01
1.422748057168319633e+02
2.843038444772683349e+01
3.634434544708455519e+02
7.826616265211409029e+01
1.653513260271423349e+02
5.700002851613922061e+00
2.387593884402581352e+02
6.943190628437354128e+00
1.597847016895011336e+02
7.983296852839322888e+00
2.999095294793431208e+02
1.262088753914486716e+01
2.806100886007052964e+02
1.045777851060441144e+01
3.940545827536886350e+02
3.762244551838657802e+00
4.631392617536113221e+02
5.623473564195994534e+00
3.110444484973432964e+02
4.692701673289993991e+00
5.015637275312868724e+02
2.690361467423599162e+00
1.801059527085405421e+02
2.894328443749534241e+00
5.801313140899114842e+02
7.895505644942184542e-01
2.782749237071928974e+02
1.049773843680897878e+00
3.010375533616243047e+02
8.638694032915611443e-01
5.108945130915697064e+02
1.326903922091651644e+00
4.786161237731755023e+02
4.340410347695218718e+00
1.204595173805118691e+02
1.308920083883986862e+01
1.051620485176427877e+02
1.260529864886293083e+01
3.498001515123958143e+02
1.762861579751127294e+01
8.734213333843142379e+01
1.947945456886081672e+01
3.260137956475346073e+02
2.545894822859601092e+01
5.983427995079799189e+01
3.813267529878905293e+01
6.818317286511795317e+01
1.611012022762997731e+01
3.493953480799389126e+02
2.296296064371297962e+00
3.660562830052664935e+02
1.213859823879297695e+00
3.723504867547758863e+02
6.277354984218119771e-01
3.738145191861775061e+02
5.493525251798340170e-01
3.831028922870612519e+02
6.656960807267156000e-01
3.916963171693747086e+02
7.653477387367993989e-01
3.884370232049099627e+02
8.907717543119264558e-01
3.830289059514444148e+02
1.512348032035268686e+00
1.038715152748990818e+02
1.000000000000000021e-03
2.670981821354548060e+02
6.850711850266771208e+00
1.040360200072500731e+02
1.075756824178625237e+01
9.959489850212469264e+01
4.814177733694994465e+00
3.018896921830161091e+02
1.987093624713425211e+00
3.539585467953469902e+02
9.049816088568658046e+00
9.719372294038969073e+01
1.324897271444440605e+01
9.007652674168866724e+01
5.068874741631804071e+00
2.785495041536552776e+02
8.057557308969773402e+00
9.662137500398344514e+01
1.111180204365357227e+01
9.356139204477274518e+01
4.674947187886879796e+00
1.502472435745142718e+02
1.780319398784468765e+00
1.282015572279117066e+02
7.995149182855388226e+00
1.087439289818513970e+02
9.405055767145972467e+00
1.193123009076730625e+02
3.658236070474679469e+00
2.151438351875629564e+02
2.204284796478986674e+00
1.322427046824535921e+02
3.864632488134686295e+00
1.267368814495727349e+02
2.528215214095011820e+00
1.305998204613307223e+02
6.396886605287651628e-01
5.451841944388698957e-01
