3.020721246364399803e+01
1.274858863807962024e+02
7.418334792034298175e+01
3.393463879199779853e+02
5.031793795902353139e+01
1.526154466588709226e+02
1.980426145589003895e+01
4.896413870770996937e+02
4.710863072331784807e+00
2.024456968459308541e+02
9.820069508066296748e+00
5.430235242651060616e+02
1.237181925328531307e+01
3.758094572856028321e+02
4.323382498709562149e+00
2.530819814370538268e+02
4.848879775427026750e+00
5.360455752132670568e+02
4.668187038829876734e+00
5.324191382501695671e+02
2.445444103696476912e+00
1.690567477163066314e+02
3.090256868133182344e+00
6.576820348748093465e+02
2.735907887334582789e+00
1.508919915576001074e+02
3.807386132404308565e+00
3.771290910586124596e+02
4.837573018153311644e+00
1.338878930707282962e+02
3.553987389054443113e+00
3.475710314536905798e+02
1.310109706015807118e+00
3.965125657595813777e+02
7.076821430904371990e-01
4.066799314650284032e+02
7.857002047711815207e-01
3.829473303047298600e+02
2.941880672549048725e-01
4.179720069631620163e+02
6.470923983919909528e-01
4.149216556109528824e+02
2.409594489501626913e-01
4.180353305649982758e+02
2.693775613466004581e-01
8.166107387069311017e+02
1.000000000000000021e-03
2.578770753811362511e+02
1.627578310511217097e-01
3.978303615351065332e+02
8.397850299463628654e-02
4.288937831894509145e+02
1.866274967404500662e-01
7.831127689445752367e+02
1.400116942902686346e-01
4.377002309742429702e+02
6.071437627806793025e-02
3.924256840374993658e+02
5.367897112599090415e-02
1.095173111557671973e+03
7.330986254765188559e-02
4.441351792857037140e+02
5.114919499653364232e-02
2.260942863962799976e+01
