5.072659631284172121e+01
8.157480539243117335e+01
7.380387649133963635e+01
3.325210904708102362e+02
6.648343080470721134e+01
1.673949722803442342e+02
7.804462011209492900e+00
2.203484169568720006e+02
9.463993155665972878e+00
4.596180180821490922e+02
7.778175301426177413e+00
2.450709866366460332e+01
4.765630279742858022e+00
2.958720957536346532e+02
2.205095951331193849e+00
2.181532370520919244e+02
1.170672795260475496e+01
3.696072684830432991e+02
7.089167011666225093e+00
2.767010787202075903e+02
2.886770129081721592e+00
5.027816764210986094e+02
5.569527547762447739e+00
3.218318466138593408e+02
2.127788328286825070e+00
2.804241619979378797e+01
2.674737386694527430e+00
3.430857642017855369e+02
6.892880158823561310e+00
1.338422934421210719e+01
2.159797265808317235e+01
6.392035323941403391e+01
2.944656183843594377e+01
2.775551917884112072e+02
1.652685619597932387e+01
1.937966426106444118e+01
1.099247596486903547e+02
2.769132940356311323e+01
1.441636004309147445e+01
2.910412714258344522e+02
1.055782676166861656e+01
3.224370224705880901e+02
2.992773929321559123e+01
5.242973345097478699e+01
3.130959453939622605e+01
4.281223546359606758e+01
1.089720422880146700e+01
7.751841987665640943e+01
1.000000000000000021e-03
3.322217994713845712e+01
6.649974248699279222e+00
5.198928859075555664e+01
1.004070183127617355e+01
3.800406512973554385e+01
1.316327174617790092e+02
3.078943853762844185e+01
1.529491250498382726e+01
2.788703287160485047e+02
1.936500274469629090e+01
6.260356458203303731e+01
1.346462488805671498e+01
3.383007793483448467e+01
1.620592922751052356e+01
8.973295400887208473e+01
7.953872596327098421e+00
