3.266142896221750647e+01
2.476358218593197336e+01
9.107454413593461595e+01
6.385573861659739947e+01
1.348841127747910207e+02
8.630190837683845473e+01
3.187825407037987802e+01
7.843008904298658024e+01
3.028735859998211595e+02
9.682328660701909939e+01
1.854087973651830623e+02
3.373798216792271987e+00
6.162569424791831807e+02
7.662701839770629242e+00
1.090896659034713565e+02
1.154168008598171369e+01
1.910477467162578478e+02
8.070502289164503296e+00
3.231745672994903202e+02
4.699650235625318473e+00
3.354627328632903982e+02
9.528841169328817529e+00
3.111889524279173429e+02
7.184311116356012938e+00
5.068573600727411872e+02
5.112040410122988376e+00
3.754342450859969063e+02
4.185354732130269539e+00
3.656739024966569218e+02
2.723163755593707602e+00
3.581783364389905842e+02
1.743701037679476151e+00
3.914743231075532890e+02
7.449831718748746390e+00
1.014841762036847115e+02
9.469806213794862870e+00
3.729757265565934290e+02
2.782299322219080384e+00
3.846877020747928668e+02
2.186654213499771959e+00
3.659459730716124568e+02
2.681571118946360688e+00
3.774495141439645636e+02
3.942089798434480930e+00
3.615262579156596416e+02
1.490927538847022760e+01
9.599844532094029148e+01
1.679043226446015780e+01
3.556307090925124044e+02
1.397422977401325106e+01
1.061745356206077133e+02
1.091460103269920801e+01
1.803788820055374629e+02
1.583952970421267370e+00
4.226339571088277580e+02
1.023633097450767870e+01
1.071378831970374250e+02
1.171587485653002858e+01
3.736831502981513609e+02
5.712722582516674308e+00
1.260176848104983378e+02
1.000000000000000021e-03
2.446225646321438489e+02
1.232314695467116472e+01
1.042920393232439835e+02
1.181421728358827217e+01
3.671370886426843185e+02
6.653674300977018063e+00
1.084244952900054670e+02
6.661977046710290118e+00
1.143922703714287081e+02
6.091939322949342817e+00
1.264256020335825212e+02
5.364697039442146931e+00
3.892383227902474232e+02
9.549967045472657290e+00
1.128475461302874265e+02
1.396762166725119414e+01
1.204815362035477762e+02
7.701872474683136183e+00
1.433586836804438462e+02
1.724032407100828390e+00
3.069437170821265681e+02
3.418936177213028227e+00
1.227519256121071578e+02
9.911054688689214132e+00
1.137920741990329674e+02
1.124504210862858500e+01
1.174066333909078992e+02
6.147810302482257683e+00
1.276528830740791420e+02
1.407660411726081140e+00
7.230568076348015438e+01
