3.389765171185563304e+02
7.355658602379450883e+01
1.407590583339658963e+02
1.001076735646127780e+01
1.526365559803787164e+02
7.093433679546573956e+01
6.910170296243211396e+01
4.343647117727307716e+01
2.195965885311827890e+02
2.429599268978740412e+01
4.036361147111267087e+02
2.644215309588176765e+01
4.888846837268454806e+02
1.540106930293485732e+01
2.769760941322398367e+02
9.534234760163906586e+00
4.236305544243986674e+02
3.474781867995570650e+00
4.190891257834804833e+02
1.302644643793620771e+00
3.713905861795568626e+02
2.304507675749935647e+00
4.187555754598740236e+02
2.033942312408846931e+00
4.683510376133186810e+02
9.413027500364338218e-01
4.903077681404900545e+02
1.833321218721025048e+00
1.366968848756944226e+02
4.661327253451163166e+00
1.289914234005700280e+02
3.308704118743742040e+00
4.010195109342735691e+02
1.235064048442092055e+00
4.519616615993570008e+02
6.642893067023366571e-01
4.538391015242190178e+02
1.654359808971451740e-01
3.983590067897026756e+02
1.000000000000000021e-03
4.315555906888446316e+02
1.220728801139133179e-01
4.218964555711550020e+02
6.405615067422294473e-01
1.482220485471412985e+02
7.421623929659685315e-01
4.316296833092474117e+02
1.423690603702445490e-01
3.946503455554153561e+02
1.212697519113131728e-01
1.077187017004284371e+03
1.079650022797117859e-01
4.452343410561284713e+02
1.242916284476526523e-01
7.952464902527997310e+02
1.046748516936506224e-01
4.913196408678907574e+03
