1.748768932789062944e+02
1.634171348527956624e+01
1.078425791860362040e+02
7.740981946531009328e+01
1.578245487973715626e+02
2.474272924412547425e+01
8.263129651937570941e+01
7.466957818298683947e+01
1.227393526953135847e+02
1.502957970650764530e+01
2.434695797917904940e+02
3.042032266935353491e+01
4.014887448860818608e+02
1.941331798758467286e+01
2.830090512770337909e+02
6.771758433320568926e+00
2.049028897124352682e+02
1.217824598974589279e+01
2.768498549588561559e+02
1.184163914912304705e+01
4.108400807201895191e+02
1.998034359012182515e+00
3.885199826806227748e+02
1.012961955252049684e+00
4.089179444368148211e+02
1.851778628766500345e+00
4.213165087438452474e+02
1.685648911842145825e+00
4.778422024911337189e+02
9.435334028954298624e-01
4.612624595851219738e+02
2.416526519760941571e+00
1.337161312660475971e+02
4.756644762382225444e+00
1.304127368776858304e+02
3.248556562206206699e+00
4.186352682152084981e+02
1.012026359835566769e+00
4.524932654769165197e+02
4.006174181028753778e-01
4.729307458361200247e+02
9.297578366381245574e-02
2.056216275845790165e+02
7.814893721115741265e-02
6.004729670282322331e+02
1.139400622339799551e-01
4.389073917387673305e+02
9.182996521699982040e-01
1.398491582477181510e+02
1.070909479696187327e+00
4.071032377741458959e+02
4.032512027774345365e-01
3.934974478659641477e+02
3.801182640742769570e-01
3.958463101730447988e+02
4.366705527887833060e-01
3.866247764429375593e+02
6.079044219804854432e-01
3.876379928196162723e+02
2.330038743206501284e+00
1.265259135225574454e+02
2.577505493992523267e+00
3.912049190607377227e+02
1.259976763942492584e+00
3.900473299961308271e+02
2.579114788073032294e+00
1.258643153346548473e+02
2.367653015816029605e+00
3.885565794074050814e+02
6.864244823679973573e-01
3.917116065686844877e+02
4.763487941992216590e-01
3.942890634871581597e+02
4.301510221495147279e-01
2.405527923683306426e+02
1.000000000000000021e-03
1.537960475797523259e+02
5.021979637176995359e-01
3.932976426192843178e+02
1.323511677244214813e+00
1.288356307111616843e+02
1.290239074487028681e+00
3.924657360690501378e+02
4.412534345257405621e-01
3.946178891918851832e+02
3.712949363341784825e-01
3.977786356197513555e+02
5.162864509105296040e-01
4.026524114549175692e+02
2.667226366132573911e+00
1.327475420422389050e+02
5.552644169893275361e+00
1.379514481298941746e+02
6.227898763408398430e+00
1.427804500271420807e+02
6.632507468332866196e+00
1.324027345541370266e+02
6.564088338835010639e+00
1.010574177839528005e+02
1.875434031091986142e+00
4.483350353335399774e+01
3.287262566574732148e+00
1.226279684809310879e+02
1.800994947217263498e+00
1.344410809955583090e+02
3.313414028099766484e-01
1.012963538602021929e+00
