3.663905006597204306e+01
3.756011337863742483e+01
9.437259067653882028e+01
7.446524145258021576e+01
3.346698851267593113e+02
6.040020132442873546e+01
1.605603653421709680e+02
1.254542432632836224e+01
2.330455916920333266e+02
7.491258493222445303e+00
4.475096544513026515e+02
3.368905703383533279e+01
5.345219913847569160e+01
5.823207254598204230e+01
3.535383618155007923e+01
4.600752209790009317e+01
2.970412581464177038e+02
6.413363924436270569e-01
2.253450278382880470e+02
4.042113070167210886e-01
3.521070076539382967e+02
5.173743907668531428e+00
2.532186040136990073e+02
2.306692668554747083e+00
3.226075655978451664e+02
2.012351030517362638e+00
1.987048356672987381e+02
2.581230770210755754e+00
2.202980744082110789e+02
2.326690693749601024e+00
5.110621715004361931e+02
1.652116646249923271e+00
3.543362834392381160e+02
2.241222053424748228e+00
1.662179559200972676e+02
1.154503715596220559e+00
3.803203622643925428e+02
8.244144168386307037e-01
2.114925679103316440e+02
1.387316686809563215e+00
1.767715603634774766e+02
1.000000000000000021e-03
3.282900406750296156e+02
6.214728650224975448e-01
2.501067918184668599e+02
1.215815808425229294e+00
1.314783376233548609e+02
2.533621911864782472e+00
1.392611690935289346e+02
1.710563105059811573e+00
