5.645227987606819653e+01
1.149602500504565370e+02
4.605306931691468009e+01
9.001842425616899845e+01
3.758056574458023391e+01
2.497453956009250078e+02
2.302819321380322748e+01
1.378943644547618135e+02
3.450597711603771245e+01
4.169632509307829196e+02
6.163676180112727110e+00
2.777599624295338003e+02
1.619383056550875821e+01
2.440388103111789349e+02
1.000000000000000021e-03
2.643753778371104772e+02
1.439172543175492081e+01
3.715827235660703991e+02
6.567166348018491639e+00
5.453918037999968647e+02
1.326712553743907508e+00
2.425842227749679409e+02
2.904811668601271268e+00
5.069178260704368313e+02
1.968137276703795235e+00
2.061687203127868315e+02
2.372314712947472426e+00
4.154145238145186454e+02
1.062031183518985067e+00
1.473107778831736141e+02
2.094230965154217472e+00
5.741618470832401044e+02
7.110917593102588086e-01
2.618194818421961259e+02
5.856733899130250887e-01
2.222057624133013007e+02
1.136296901115175784e+00
5.089163175641692192e+02
3.499968781822568875e-01
3.092077154469661195e+02
3.960876998647966385e-01
4.859847500825560473e+02
2.741486378594538698e-01
3.639421918640521199e+02
7.058685760778747875e-01
1.668789048409817042e+02
7.532493925497670828e-01
5.795776448293341900e+02
2.038318123990646991e-01
2.268157607943849143e+02
1.756761994142637395e-01
5.655935259519500278e+02
1.177762283941392596e-01
2.925568998136561163e+02
8.242966974238277733e-02
5.026228578928299839e+02
2.416063074697826774e-01
4.262752401092809578e+02
6.282550098126942206e-01
1.388544884347796540e+02
1.142660344415830309e+00
1.456757735533662412e+02
6.426266082063799567e-01
4.321930356119716521e+02
2.695625913331912149e-01
1.580842426718961633e+02
2.115214173209873372e-01
