6.968132625159151416e+01
6.086244773367901217e+01
6.601437537976202918e+01
1.697397742503152358e+02
1.804295671826554148e+00
1.726081159268598526e+02
6.609712274106641416e+01
1.542041109449405383e+02
7.901841766920077781e+00
2.319701816178595095e+02
1.006345470726553160e+01
4.679297093888170025e+02
2.029089276500053884e+01
1.042163124030112442e+02
2.515207048813225654e+01
7.993200216554130577e+01
3.031643385862781415e+01
3.515478298272425377e+02
1.000000000000000021e-03
5.273217447408637781e+02
5.794105387595613443e+00
2.903158072717574214e+02
2.142857979001657753e+00
5.011866144850392857e+02
3.622308215054300007e+00
2.029359718429454631e+02
6.812462308649823717e-01
2.583841479738233602e+02
2.261469008895579336e+00
3.740246971593098806e+02
6.880950035130179998e-01
1.920738645767094397e+02
1.289514180057194759e+00
3.038130046295028137e+02
7.212697174198263728e-01
5.209825361639493622e+02
1.636074012281757195e+00
3.913001892515667919e+02
4.811371245671117736e-01
1.029811265768097570e+02
1.358670543506710571e+00
3.867202557307201118e+02
1.347046339658209746e+00
1.423975657927316547e+02
1.351675509838907718e+00
