0.000000
0.115125
0.068697
0.002382
0.003226
0.000408
0.000066
0.000410
0.018282
0.011619
0.050702
0.000188
0.001109
0.000196
0.000336
0.000621
0.150030
0.034509
0.039600
0.005081
0.190876
0.000000
0.003818
0.000009
0.003889
0.020806
0.005239
0.002525
0.141785
0.000014
0.030374
0.047985
0.140291
0.000033
0.002449
0.000009
0.003229
0.000055
0.002548
0.000163
0.003591
0.026631
0.087849
0.001292
0.002751
0.002026
0.001217
0.002634
0.016107
0.000907
0.018160
0.009941
0.112961
0.000549
0.001762
0.000601
0.041107
0.025673
0.042087
0.033321
0.037670
