0.080913
0.130651
0.080632
0.129886
0.077880
0.128420
0.080089
0.134355
0.081436
0.145235
0.149022
0.136958
0.083474
0.109900
0.007177
0.132231
0.087780
0.131495
0.155438
0.141594
0.078844
0.071173
0.025358
0.115944
0.089776
0.165619
0.000000
0.000000
0.000000
0.000000
0.000000
0.000000
0.000002
0.000000
0.000000
0.115934
0.058032
0.094726
0.037457
0.083472
0.053984
0.076965
0.038957
0.090107
0.050323
0.054541
0.099127
0.053852
0.042170
0.089398
0.048498
0.010068
0.318234
0.042459
0.204740
0.034497
2.374628
0.043834
0.023731
