0.000000
0.009543
0.052278
0.075490
0.217758
0.001032
0.032877
0.000321
0.043334
0.009367
0.322223
0.001329
0.009083
0.000105
0.026439
0.000819
0.174843
0.009400
0.000000
0.017234
0.233253
0.001315
0.005188
0.000291
0.019344
0.011399
0.032865
0.000494
0.303283
0.004528
0.019255
0.000051
0.002080
0.000279
0.003912
0.000943
0.006806
0.003043
0.028766
0.022452
0.230915
0.001520
0.029258
0.003738
0.144418
0.000076
0.223869
0.000137
0.039952
0.003980
0.314389
0.000016
0.024209
0.000112
0.034588
0.003284
0.347288
0.001619
0.057392
0.000351
0.069953
0.001461
0.040703
0.001335
0.207987
0.001364
0.170607
0.003909
0.022961
0.000339
0.172861
0.001021
0.173673
0.014968
0.090970
0.024371
0.092282
0.014420
0.102922
0.000274
0.021656
0.002655
0.013407
