0.000000
0.010376
0.000000
0.000000
0.049760
0.077214
0.188786
0.000835
0.040398
0.000039
0.062623
0.010195
0.377082
0.000089
0.091979
0.000767
0.038237
0.002882
0.028871
0.028535
0.233234
0.000368
0.004268
0.000981
0.014167
0.009372
0.034753
0.000029
0.319809
0.000977
0.030066
0.004254
0.024019
0.016688
0.249029
0.008414
0.387670
0.003097
0.041010
0.003316
0.061267
0.001868
0.307840
0.001344
0.060843
0.000039
0.250214
0.001409
0.192730
0.001940
0.174710
0.000800
0.227385
0.004935
0.024883
0.002745
0.091964
0.010529
0.055660
0.001488
0.067862
0.004332
0.057381
0.000057
0.088940
