0.000000
0.010074
0.050180
0.077822
0.188827
0.000743
0.103081
0.010117
0.377072
0.000000
0.091969
0.000956
0.038230
0.002929
0.028868
0.028676
0.233238
0.000349
0.004274
0.000949
0.014176
0.009310
0.354623
0.000750
0.030117
0.004128
0.024057
0.016644
0.249050
0.008521
0.029704
0.000040
0.357944
0.003055
0.040996
0.003427
0.061241
0.001853
0.307822
0.001312
0.060824
0.000094
0.250194
0.001485
0.192713
0.002012
0.174700
0.000845
0.227381
0.004946
0.024881
0.002659
0.091969
0.010507
0.055649
0.001400
0.067848
0.004359
0.057381
0.000021
0.088940
