0.000000
0.010283
0.000000
0.000000
0.049880
0.077419
0.188791
0.000808
0.040403
0.000022
0.062629
0.010171
0.377081
0.000058
0.091978
0.000826
0.038236
0.002902
0.028872
0.028584
0.233237
0.000360
0.004272
0.000971
0.014172
0.009357
0.354587
0.000917
0.030082
0.004221
0.024032
0.016671
0.249041
0.008452
0.387665
0.003088
0.041007
0.003345
0.061260
0.001863
0.307835
0.001335
0.060838
0.000052
0.250209
0.001433
0.192726
0.001960
0.174708
0.000815
0.227385
0.004937
0.024883
0.002718
0.091967
0.010519
0.055656
0.001465
0.067857
0.004339
0.057381
0.000050
0.088940
