0.000000
0.014934
0.039573
0.075378
0.194230
0.000291
0.009110
0.000009
0.057272
0.002047
0.040139
0.000500
0.000579
0.000142
0.000579
0.000036
0.029255
0.003398
0.201691
0.004317
0.297930
0.029898
0.215075
0.000101
0.018751
0.000000
0.015402
0.008495
0.334494
0.000002
0.081585
0.016028
0.247951
0.009737
0.339506
0.000268
0.028180
0.000590
0.001212
0.000252
0.000614
0.000056
0.032360
0.003400
0.158884
0.000127
0.054318
0.000668
0.128843
0.004132
0.278141
0.000020
0.005560
0.002579
0.010905
0.000748
0.059074
0.007373
0.050649
0.000166
0.004286
0.000394
0.003382
0.001421
0.002201
0.003148
0.054018
0.004590
0.066601
0.001264
0.001607
0.000068
0.000174
0.000282
0.028623
0.000000
0.044410
