0.000000
0.014728
0.039517
0.075997
0.194243
0.000158
0.066399
0.002177
0.040168
0.000223
0.030467
0.003645
0.201585
0.004427
0.297811
0.029902
0.215079
0.000121
0.034159
0.008435
0.416013
0.016064
0.248175
0.009646
0.339616
0.000528
0.028303
0.000371
0.001336
0.000030
0.033131
0.003660
0.158925
0.000043
0.054359
0.001235
0.128868
0.004774
0.283736
0.002235
0.010935
0.000520
0.059102
0.007370
0.054999
0.000000
0.000000
0.000131
0.003419
0.001194
0.002236
0.002926
0.054044
0.004799
0.066603
0.001054
0.001786
0.000072
0.028627
0.000239
0.044410
