0.000000
0.012666
0.171848
0.006734
0.164217
0.007397
0.172730
0.000001
0.001303
0.000000
0.000081
0.000000
0.000087
0.000000
0.000060
0.000000
0.000096
0.000000
0.000067
0.000001
0.000070
0.000001
0.001694
0.000001
0.000001
0.000001
0.000001
0.000002
0.000002
0.000004
0.000004
0.000004
0.000004
0.000018
0.000018
0.000052
0.000045
0.000045
0.000038
0.000038
0.000031
0.000031
0.000025
0.000025
0.000021
0.000021
0.000015
0.000015
0.000013
0.000013
0.000011
0.000011
0.000010
0.000010
0.000009
0.000009
0.000008
0.000008
0.000007
0.000007
0.000007
0.000007
0.000006
0.000006
0.000006
0.000006
0.000005
0.000005
0.000005
0.000005
0.000004
0.000004
0.000003
0.000003
0.000003
0.000003
0.000003
0.000003
0.000003
0.000003
0.000002
0.000002
0.000002
0.000002
0.000002
0.000002
0.000002
0.000002
0.000001
0.000001
0.183230
0.018048
0.105073
0.002601
0.000000
