0.000000
0.047110
0.135437
0.035946
0.169162
0.002309
0.025887
0.001584
0.163397
0.064945
0.096214
0.001283
0.018980
0.004106
0.234680
0.026383
0.000056
0.000096
0.000002
0.000011
0.000004
0.000014
0.000005
0.000005
0.000007
0.000018
0.000009
0.000021
0.000011
0.000024
0.000014
0.000014
0.000016
0.000016
0.000019
0.000032
0.000021
0.000021
0.000024
0.000024
0.000028
0.000041
0.000031
0.000046
0.000035
0.000051
0.000039
0.000056
0.000044
0.000062
0.000050
0.000000
0.000000
0.000389
0.000064
0.000064
0.000116
0.000098
0.000098
0.000084
0.000084
0.000073
0.000073
0.000652
0.000141
0.000141
0.000179
0.017770
0.001455
0.072960
0.013893
0.035382
0.021126
