0.112183
0.019619
0.426120
0.021999
0.269636
0.014048
0.378125
0.032038
0.052397
0.012722
0.426638
0.006569
0.364740
0.008714
0.111691
0.005721
0.344332
0.002123
0.392280
0.001310
0.381910
0.004212
0.125515
0.003839
0.417786
0.001038
0.399854
0.000634
0.112616
0.000485
0.661647
0.000198
0.189835
0.000115
0.486142
0.000231
0.165404
0.000134
0.216002
0.000061
0.246294
0.000042
115.900607
0.000029
0.434636
0.000040
0.457152
0.000062
0.442738
0.000083
0.442376
0.000099
0.446800
0.000106
0.464428
0.000182
0.163890
0.000146
0.526608
0.000141
0.178948
0.000179
0.197411
0.000121
0.495159
0.000124
0.214274
0.000073
0.205231
0.000148
0.460022
0.000135
0.449507
0.000136
0.396777
0.000009
0.050923
0.000114
0.445485
0.000094
0.450641
0.000072
0.445367
0.000050
0.415510
0.000020
0.047919
0.000000
2.395960
0.000013
18.329095
0.000002
24.816910
0.000000
3.490163
