0.105708
0.020029
0.441054
0.019594
0.235289
0.009943
0.332614
0.012056
0.077953
0.033170
180.921992
0.000138
11.942083
0.000237
0.796690
0.000687
0.154530
0.000599
0.389189
0.000205
2.564535
0.000421
0.537802
0.000336
1.165977
0.000305
0.852973
0.000299
0.545762
0.000507
0.559411
0.000402
0.853329
0.000404
0.843864
0.000347
0.575205
0.000321
0.592480
0.000358
99.359194
0.000155
29.950292
0.000213
6.415104
0.000336
0.805193
0.000249
1.047749
0.000475
0.509479
0.000391
1.618090
0.000000
0.497874
0.000448
0.769471
0.000383
2.652557
0.000329
1.044493
0.000226
10.898155
0.000347
1.085799
0.000365
0.509181
0.000275
1.063263
0.000554
1.097228
0.000416
1.346893
0.000337
0.567066
0.000379
0.778218
0.000475
0.791124
0.000304
0.306369
0.000455
0.798204
0.000385
0.780688
0.000313
0.795417
0.000365
0.243290
