6.822436189922944649e-01
6.822436189922944649e-01
3.877713434070539367e-01
2.719583829407158371e-01
2.063128761973476166e-01
1.425905139021910739e-01
1.339532481999872737e-01
1.229034840531580408e-01
1.111487482506481328e-01
9.410793728327306040e-02
8.208170454693346219e-02
6.839606672621441341e-02
4.993188421211040146e-02
3.834143787920851060e-02
3.353046934982515520e-02
3.047371704284447883e-02
2.934993486537614341e-02
2.464786840236578638e-02
2.290929167172628053e-02
2.263616252131206430e-02
1.645774035288928919e-02
1.644589966742255119e-02
1.639292287459434561e-02
1.637522598384305583e-02
1.633748131646411278e-02
1.632412483522925270e-02
1.630551753068013032e-02
1.525429375183121224e-02
1.523224897927283675e-02
1.523120036847799841e-02
1.522795792148903989e-02
1.481684488231596944e-02
1.481658382371087504e-02
1.481653819330184391e-02
1.481623205476197309e-02
1.481295043860117108e-02
1.455299359238443335e-02
1.442988579713109197e-02
1.441499884098021607e-02
1.363398905937545161e-02
1.357966994784867883e-02
1.357216348447020868e-02
1.357159511026356097e-02
1.355884442438992817e-02
