0.000000
0.115865
0.047140
0.001752
0.127589
0.002383
0.203091
0.001068
0.021653
0.004907
0.200148
0.007313
0.118547
0.000231
0.025341
0.070679
0.138774
0.022837
0.160279
0.002911
0.024998
0.002393
0.038407
0.000035
0.033259
0.001174
0.136872
0.002051
0.036245
0.000537
0.120626
0.013576
0.096600
0.008256
0.000949
0.000328
0.000395
0.000006
0.007269
0.000136
0.003519
0.000001
0.000382
0.001235
0.006066
0.000001
0.148624
0.003816
0.087006
0.005174
0.124402
0.000591
0.036759
0.000988
0.170714
0.000455
0.020768
0.001739
0.041589
0.001749
0.076972
0.000372
0.049708
0.001597
0.037333
0.000758
0.028775
0.000000
0.104636
0.000136
0.000035
0.000135
0.101214
0.005256
0.047933
0.000633
0.030906
0.001009
0.104040
0.002315
0.091811
0.000419
0.111836
0.008539
0.059040
0.011315
0.182039
0.029816
0.031557
0.073829
0.010331
