0.000000
0.115754
0.047352
0.001561
0.127766
0.002392
0.203263
0.000589
0.021831
0.004330
0.200324
0.007314
0.118625
0.000000
0.025420
0.070526
0.138765
0.023049
0.160382
0.002456
0.025102
0.002410
0.038440
0.000516
0.033298
0.000814
0.136933
0.001956
0.036336
0.000362
0.120711
0.013602
0.096546
0.008102
0.000001
0.000350
0.001071
0.000402
0.000526
0.000014
0.007400
0.000005
0.004034
0.000992
0.154853
0.003872
0.087270
0.005504
0.124373
0.000612
0.036715
0.000777
0.170695
0.000328
0.020739
0.001962
0.041558
0.001553
0.076940
0.000319
0.049683
0.001720
0.037277
0.000781
0.133374
0.000009
0.000000
0.000008
0.101180
0.005244
0.047918
0.000643
0.030890
0.000992
0.104026
0.002214
0.091818
0.000383
0.111846
0.008590
0.059344
0.011345
0.181910
0.029743
0.031532
0.073647
0.010331
