0.000000
0.113268
0.216521
0.000584
0.364848
0.000732
0.023297
0.007510
0.146206
0.069590
0.132519
0.000029
0.003249
0.000012
0.002089
0.022938
0.182132
0.003378
0.043992
0.003802
0.097794
0.000241
0.074194
0.001371
0.036402
0.002215
0.116696
0.010460
0.100871
0.000000
0.003396
0.000000
0.000691
0.000000
0.004242
0.007304
0.013646
0.001138
0.142305
0.000000
0.022639
0.002140
0.073033
0.007612
0.123174
0.000661
0.101163
0.002101
0.116083
0.002475
0.000939
0.000176
0.051797
0.002836
0.107184
0.001639
0.092000
0.000512
0.025279
0.000032
0.158940
0.004107
0.036774
0.002207
0.176481
0.008252
0.059602
0.011221
0.134809
0.000039
0.046109
0.030843
0.030879
0.075473
0.009404
