0.118824
0.020197
0.429418
0.020802
0.258096
0.014198
0.379481
0.016591
0.038181
0.017518
0.494247
0.006747
0.400962
0.004280
0.404264
0.010807
0.093791
0.016510
0.097639
0.010651
0.415217
0.001735
0.724880
0.003881
0.140677
0.004562
0.150781
0.001222
0.548204
0.000271
0.462263
0.000432
0.437230
0.000490
0.428289
0.000348
0.463352
0.000306
0.156186
0.000257
0.979862
0.000076
0.407861
0.000079
0.401303
0.000016
0.245437
0.000032
0.396313
0.000030
0.654674
0.000000
0.680861
0.000023
1.097065
0.000012
121.629734
0.000002
0.874646
0.000001
0.488078
0.000001
0.213956
0.000001
0.456911
0.000000
0.696248
0.000001
0.927135
0.000002
1.110097
0.000000
27.320963
