0.118571
0.019949
0.429782
0.020814
0.257971
0.014159
0.378506
0.015791
0.038030
0.018180
0.496309
0.006643
0.401502
0.004176
0.405137
0.010815
0.094227
0.016528
0.097511
0.010626
0.414982
0.001769
0.723836
0.003975
0.140317
0.004668
0.150823
0.001234
0.548977
0.000291
0.460832
0.000456
0.437070
0.000522
0.427603
0.000368
0.464331
0.000299
0.157658
0.000253
0.979534
0.000093
0.403805
0.000098
0.399192
0.000028
0.243596
0.000033
0.395142
0.000037
0.654578
0.000031
0.333800
0.000012
0.347151
0.000029
0.364588
0.000015
0.324090
0.000020
0.056118
0.000000
0.352740
0.000015
121.629815
0.000004
0.874768
0.000001
0.487968
0.000003
3.404332
0.000000
27.320963
