0.000000
0.012337
0.039348
0.078467
0.233608
0.016147
0.030434
0.001109
0.004110
0.000362
0.039386
0.018221
0.030302
0.000716
0.283504
0.014781
0.060619
0.091304
0.183627
0.003992
0.043029
0.000060
0.094034
0.004573
0.243051
0.004772
0.023471
0.000164
0.000455
0.000181
0.000961
0.001073
0.000789
0.000613
0.002648
0.000227
0.000086
0.000628
0.001319
0.000845
0.003785
0.000236
0.023922
0.023981
0.028380
0.000000
0.008732
0.000232
0.004910
0.000010
0.036845
0.000947
0.043276
0.000616
0.004448
0.000330
0.007593
0.000122
0.000983
0.000358
0.000780
0.000186
0.002374
0.000753
0.036128
0.002070
0.037538
0.000000
0.023202
