0.000000
0.012380
0.039306
0.078399
0.233610
0.016138
0.030382
0.001193
0.002370
0.000064
0.001647
0.000448
0.039333
0.018225
0.030228
0.000792
0.283431
0.014710
0.060528
0.091362
0.183636
0.004007
0.043033
0.000018
0.094039
0.004479
0.243047
0.004854
0.023455
0.000268
0.000240
0.000000
0.000200
0.000284
0.000946
0.001202
0.000702
0.000066
0.000062
0.000717
0.002632
0.000330
0.000070
0.000731
0.001303
0.000948
0.003770
0.000338
0.023907
0.024080
0.021681
0.000011
0.006669
0.000089
0.008706
0.000313
0.004884
0.000085
0.036819
0.000978
0.043250
0.000687
0.004421
0.000408
0.006279
0.000031
0.000383
0.000075
0.000869
0.000209
0.000956
0.000445
0.000752
0.000273
0.002346
0.000840
0.036100
0.001949
0.037538
0.000000
0.023202
