0.136287
0.020909
0.436222
0.018312
0.251274
0.014421
0.444740
0.006083
0.238933
0.021359
0.720410
0.015508
0.105545
0.017859
0.360812
0.008503
0.103625
0.008729
0.429562
0.002248
0.420878
0.000410
0.550653
0.001281
0.144979
0.001254
0.622509
0.000082
0.361883
0.000058
0.439500
0.000189
0.150998
0.000299
0.401308
0.000228
0.347717
0.000122
0.378878
0.000187
0.405317
0.000069
0.518118
0.000083
0.400618
0.000109
0.351587
0.000062
0.356030
0.000102
0.389119
0.000061
0.575382
0.000000
0.371214
0.000053
0.383654
0.000046
0.326379
0.000023
0.366262
0.000030
0.682275
0.000021
0.392211
0.000006
32.450069
