0.136679
0.020043
0.436437
0.018595
0.250122
0.014432
0.443796
0.006050
0.240346
0.021406
0.720014
0.015549
0.105437
0.017713
0.360186
0.008129
0.104239
0.008428
0.431293
0.002200
0.419481
0.000380
0.551878
0.001250
0.143189
0.001183
0.602262
0.000175
0.393329
0.000130
0.415096
0.000108
0.156941
0.000190
0.396011
0.000255
0.362948
0.000165
0.363791
0.000194
0.376299
0.000105
0.581676
0.000079
0.368561
0.000129
0.365579
0.000137
0.360583
0.000110
0.359868
0.000078
0.621475
0.000071
0.357430
0.000081
0.360458
0.000096
0.369013
0.000068
0.341910
0.000028
0.286801
0.000017
0.342658
0.000058
0.370085
0.000064
0.356973
0.000050
0.365516
0.000040
0.622972
0.000029
0.353812
0.000032
0.365410
0.000038
0.369724
0.000020
0.971566
0.000016
0.380026
0.000000
0.696715
0.000008
28.180117
