0.129582
0.023347
0.422504
0.023583
0.259088
0.010985
0.425770
0.012621
0.249903
0.013659
0.721153
0.006891
0.126008
0.009705
0.389529
0.004528
0.100613
0.004085
0.417761
0.001267
0.410550
0.000758
0.571432
0.000639
0.144191
0.000812
0.650340
0.000095
0.317784
0.000126
0.443234
0.000132
0.186756
0.000156
0.385823
0.000137
0.353714
0.000168
0.381896
0.000164
0.376212
0.000068
0.566063
0.000058
0.380217
0.000097
0.362600
0.000066
0.343726
0.000079
0.381116
0.000056
0.947964
0.000044
0.380662
0.000046
1.365267
0.000000
0.375448
0.000012
32.450069
