0.002040
0.025692
0.142035
0.197572
0.045275
0.095438
0.054463
0.189204
0.042857
0.052904
0.087618
0.034504
0.155215
0.022051
0.086570
0.008168
0.223344
0.003727
0.167183
0.029743
0.295844
0.005494
0.089939
0.002014
0.232459
0.010453
0.152670
0.001895
0.124430
0.004740
0.156934
0.004161
0.155414
0.003772
0.272177
0.006166
0.192982
0.005649
0.069609
0.005641
0.185329
0.002963
0.187166
0.003455
0.068731
0.004425
0.186909
0.001398
0.371122
0.002275
0.058749
0.003636
0.195133
0.001489
0.198720
0.006929
0.060399
0.007972
0.195475
0.007848
0.061966
0.007440
0.195740
0.002272
0.197863
0.002825
0.131777
0.000000
0.054907
0.020479
0.039968
0.058555
0.018910
0.096833
0.004431
