0.000000
0.011744
0.069252
0.039899
0.178714
0.003215
0.195510
0.001094
0.041798
0.001042
0.370732
0.005118
0.205745
0.000003
0.169007
0.004774
0.312734
0.014323
0.266775
0.000291
0.005406
0.010576
0.065552
0.000000
0.173244
0.000239
0.203355
0.003185
0.005991
0.000041
0.003854
0.000088
0.009285
0.000455
0.045311
0.000323
0.099145
0.001503
0.026255
0.000046
0.165109
0.000879
0.051019
0.000815
0.093701
0.001917
0.198090
0.000844
0.177047
0.004054
0.085767
0.000730
0.064998
0.003661
0.131477
0.000927
0.031429
0.000931
0.050666
