0.000000
0.000848
0.030512
0.076008
0.089408
0.065839
0.064958
0.136729
0.093596
0.026128
0.210523
0.037289
0.126152
0.000009
0.001207
0.000006
0.000245
0.000003
0.000118
0.000001
0.000122
0.000000
0.006101
0.005767
0.143215
0.015677
0.232563
0.005955
0.122827
0.011468
0.189975
0.009759
0.179698
0.011163
0.133298
0.004061
0.145786
0.005372
0.098978
0.034275
0.033038
0.092623
0.029953
0.049079
0.171241
0.029988
0.046257
0.022391
0.189841
0.005599
0.174069
0.003439
0.166422
0.029242
0.035977
0.072950
0.031334
0.046127
0.169270
0.026966
0.047124
0.024985
0.148540
0.026645
0.028739
0.068617
0.009799
