0.000000
0.057535
0.149285
0.000000
0.000000
0.001357
0.000652
0.001214
0.002116
0.000979
0.000373
0.000184
0.011251
0.005470
0.103075
0.001702
0.001591
0.000009
0.000171
0.000010
0.000278
0.000011
0.000323
0.000011
0.000198
0.000759
0.133287
0.029637
0.145206
0.019942
0.049570
0.000731
0.002073
0.000655
0.106341
0.038229
0.044136
0.000165
0.001106
0.000136
0.003449
0.022539
0.083285
0.065210
0.000005
0.001119
0.000002
0.000025
0.000005
0.000022
0.000005
0.000020
0.000005
0.000017
0.000005
0.000009
0.000005
0.000005
0.000005
0.000005
0.000005
0.000006
0.000005
0.000006
0.000005
0.000005
0.023684
