0.107472
0.021412
0.440700
0.018481
0.232897
0.009979
0.332535
0.011270
0.081897
0.032070
167.445292
0.000153
2.827807
0.000278
0.529810
0.000289
0.513123
0.000316
0.539773
0.000363
0.520010
0.000440
0.798007
0.000319
0.512859
0.000357
0.539240
0.000000
0.518500
0.000420
0.787457
0.000294
0.526741
0.000533
0.795510
0.000524
0.533419
0.000523
0.550318
0.000451
0.517777
0.000512
0.533667
0.000302
0.291122
0.000356
0.513248
0.000460
0.560314
0.000502
0.543019
0.000388
0.812125
0.000405
0.534063
0.000225
0.809497
0.000240
2.155804
0.000107
13.273245
0.000225
0.829193
0.000323
0.563105
0.000381
0.836025
0.000371
0.564520
0.000436
0.837116
0.000354
270.259326
