0.000000
0.048078
0.118938
0.044820
0.379997
0.037029
0.074281
0.000000
0.000000
0.000000
0.000000
0.000001
0.000001
0.000005
0.000005
0.000058
0.000049
0.000049
0.000040
0.000040
0.000033
0.000033
0.000026
0.000026
0.000020
0.000020
0.000016
0.000016
0.000012
0.000012
0.000009
0.000009
0.000007
0.000007
0.000004
0.000004
0.000003
0.000003
0.000002
0.000002
0.000002
0.000002
0.000001
0.000001
0.000001
0.000001
0.000000
0.000000
0.000000
0.000000
0.000000
0.000000
0.000000
0.000000
0.000000
0.000000
0.000000
0.000000
0.000000
0.000000
0.000000
0.000000
0.136132
0.010236
0.000000
