0.000000
0.003628
0.048512
0.078605
0.076272
0.137845
0.027827
0.061834
0.110926
0.102709
0.087894
0.000197
0.004497
0.000137
0.111355
0.023785
0.145528
0.007640
0.121290
0.011494
0.138357
0.018648
0.190996
0.008833
0.148476
0.008685
0.168186
0.004024
0.100665
0.008418
0.130008
0.000000
0.125008
0.003831
0.099002
0.000021
0.102965
0.002576
0.081064
0.004343
0.310923
0.013128
0.060766
0.012784
0.186169
0.020014
0.054162
0.019097
0.052728
0.000384
0.139348
0.008028
0.188102
0.020620
0.052792
0.022105
0.172305
0.037931
0.027049
0.084219
0.007018
