0.090272
0.153833
0.103194
0.167933
0.107100
0.179590
0.100797
0.156128
0.096202
0.142244
0.078260
0.103401
0.061756
0.123349
0.080880
0.135403
0.075663
0.078636
0.054296
0.117985
0.172268
0.133607
0.187285
0.133521
0.000000
0.014513
0.006326
0.090138
0.075673
0.092450
0.057512
0.037783
0.147659
0.036380
0.027098
0.079445
0.052430
0.052633
0.065605
0.082116
0.058509
0.083000
0.063650
0.062058
0.041685
0.052383
0.123480
0.014612
0.323570
0.065801
0.042882
0.085522
0.043554
0.063622
0.090477
0.031416
0.683198
0.054426
0.032474
