0.081426
0.003028
0.005627
0.002600
0.006526
0.002310
0.121183
0.011914
0.024872
0.002677
0.015876
0.002711
0.012956
0.004329
0.007740
0.007761
0.004468
0.008139
0.004028
0.006485
0.004254
0.005206
0.004751
0.004290
0.005479
0.003587
0.006451
0.003022
0.276227
0.003518
0.002907
0.002945
0.003494
0.002402
0.004283
0.001944
0.005341
0.001570
0.006835
0.001263
0.009198
0.000984
0.013052
0.000690
0.016969
0.000453
0.011165
0.000460
0.009904
0.000634
0.006648
0.000847
0.006132
0.001402
0.006223
0.002111
0.004469
0.002597
0.003530
0.003125
0.339034
0.002571
0.003394
0.000000
0.003263
0.002806
0.398978
0.013565
0.251230
0.003722
0.005276
0.003407
0.005916
0.003162
0.006427
0.002973
0.006809
0.002813
0.007140
0.002567
0.007044
0.002313
0.007317
0.002219
0.008287
0.002154
0.008911
0.002152
0.085447
0.006084
0.002588
