0.000000
0.113489
0.062976
0.000148
0.138019
0.001667
0.030878
0.001022
0.371763
0.007718
0.145673
0.069827
0.136061
0.000000
0.002721
0.023847
0.189084
0.005316
0.029457
0.002209
0.033367
0.002560
0.188812
0.003682
0.102503
0.011020
0.106373
0.000003
0.005029
0.000004
0.001760
0.000005
0.002693
0.006342
0.000000
0.000006
0.162050
0.002425
0.086271
0.007059
0.126000
0.001094
0.095585
0.001537
0.111700
0.000162
0.002240
0.000143
0.012390
0.002321
0.039373
0.002865
0.171803
0.001210
0.044604
0.001206
0.033780
0.003181
0.151751
0.003025
0.038380
0.001861
0.179292
0.007904
0.036693
0.000143
0.021795
0.010560
0.177790
0.030369
0.030904
0.074718
0.009477
