0.000000
0.015608
0.036262
0.078622
0.194976
0.000359
0.142937
0.000040
0.030681
0.000249
0.186028
0.007169
0.027728
0.000141
0.011556
0.000641
0.247159
0.024325
0.239052
0.011588
0.032422
0.000134
0.345327
0.000162
0.037464
0.015021
0.258065
0.011450
0.068009
0.001001
0.307538
0.000000
0.012553
0.005509
0.077506
0.000449
0.043617
0.000018
0.028139
0.000155
0.209712
0.007118
0.072377
0.002213
0.063764
0.003987
0.155270
0.000034
0.047770
0.000908
0.181585
0.003841
0.038269
0.000238
0.005071
0.000471
0.045114
0.001962
0.033768
0.000899
0.010320
0.004726
0.055044
0.002772
0.027342
0.000258
0.010805
0.000083
0.039338
0.003055
0.038576
0.000000
0.017069
