0.000000
0.015633
0.036312
0.078489
0.195052
0.000373
0.143014
0.000081
0.030758
0.000153
0.186107
0.000000
0.000000
0.007066
0.027722
0.000212
0.011550
0.000674
0.247157
0.024209
0.239040
0.011651
0.006979
0.000026
0.025405
0.000159
0.338529
0.000034
0.006757
0.000226
0.037437
0.015008
0.258061
0.011466
0.067996
0.001004
0.307524
0.000050
0.012538
0.005550
0.077497
0.000481
0.043607
0.000091
0.028130
0.000169
0.209703
0.007106
0.072364
0.002204
0.056248
0.000007
0.007498
0.004064
0.155256
0.000092
0.047756
0.000809
0.181576
0.003873
0.038249
0.000309
0.005051
0.000541
0.045094
0.002031
0.033748
0.000974
0.006860
0.000061
0.003421
0.004798
0.055029
0.002785
0.027326
0.000306
0.010577
0.000017
0.000206
0.000150
0.039322
0.003044
0.038576
0.000000
0.017069
