0.000000
0.115204
0.054267
0.000015
0.000000
0.000000
0.001060
0.000052
0.001005
0.000076
0.000979
0.008124
0.009352
0.011024
0.068888
0.002295
0.090640
0.003713
0.051730
0.000226
0.001002
0.001709
0.155465
0.031147
0.091296
0.000427
0.007638
0.002770
0.012527
0.000542
0.092503
0.012511
0.018261
0.009701
0.000303
0.000610
0.112323
0.003700
0.012239
0.000169
0.000286
0.000220
0.000543
0.000051
0.026687
0.059241
0.000004
0.000775
0.000004
0.000004
0.000004
0.000060
0.000004
0.000058
0.000004
0.000004
0.000004
0.000004
0.000004
0.000004
0.021667
