0.000000
0.115134
0.054220
0.000053
0.001013
0.000074
0.000958
0.000094
0.000933
0.008138
0.009336
0.011003
0.068901
0.002302
0.090655
0.003558
0.051720
0.000351
0.000992
0.001833
0.155456
0.031053
0.087657
0.000000
0.003578
0.000586
0.007580
0.002875
0.012494
0.000514
0.092476
0.012550
0.018252
0.009688
0.000315
0.000597
0.112336
0.003734
0.012247
0.000214
0.000295
0.000265
0.000302
0.000021
0.000252
0.000096
0.026695
0.059243
0.000006
0.000778
0.000006
0.000006
0.000006
0.000063
0.000006
0.000060
0.000006
0.000006
0.000006
0.000006
0.000006
0.000006
0.021591
