0.087471
0.147955
0.094479
0.158423
0.114069
0.211434
0.097202
0.157785
0.096434
0.151181
0.091666
0.148169
0.080257
0.116664
0.055106
0.126036
0.077871
0.140214
0.065055
0.071623
0.044398
0.132536
0.072699
0.083374
0.046719
0.171780
0.063710
0.102965
0.026260
0.063396
0.098817
0.062163
0.041903
0.103469
0.066259
0.022589
0.062615
0.201321
0.049629
0.033424
0.052771
0.094510
0.036726
0.074038
0.154120
0.101001
0.054197
0.090514
0.044031
0.074928
0.226886
0.073399
0.046619
0.033226
0.092066
0.040302
0.279425
0.043990
0.187808
0.000000
0.496351
0.076356
0.034507
