0.069377
0.139128
0.017801
0.076574
0.041868
0.020945
0.351257
0.017764
0.311255
0.026330
0.039028
0.059616
313.081495
0.000931
1.023419
0.000887
1.466034
0.000946
1.449009
0.000000
2.070013
0.000909
12.017509
0.000956
23.733113
0.000418
2.397515
0.001014
1.557068
0.001315
1.847291
0.001101
0.348926
0.001539
0.442583
0.001304
1.115908
0.001819
0.429973
0.000985
0.413530
0.001774
0.427041
0.001495
0.890336
0.001297
0.453232
0.001225
0.402415
0.001735
0.419587
0.001723
0.330131
0.001161
0.819535
0.001716
1.067760
0.000988
0.511936
0.001924
0.622437
0.001443
0.445877
0.001683
1.123172
0.002602
0.415893
0.001507
0.404190
0.001483
0.759580
0.001787
0.373123
0.002097
0.451673
0.001547
0.327289
0.000540
0.395514
0.001130
0.399382
0.002679
1.120098
0.001693
0.441337
0.001934
0.389576
0.001155
0.492973
0.001096
0.248838
0.001192
0.394778
0.001203
0.458468
0.001268
1.122523
0.001806
1.134709
0.001042
12.533146
0.000854
27.953458
