0.000000
0.116502
0.068378
0.002557
0.002559
0.001401
0.000018
0.000177
0.000013
0.000180
0.000009
0.000187
0.016469
0.011825
0.051045
0.000215
0.001438
0.000316
0.000649
0.000777
0.003098
0.000000
0.002754
0.000215
0.000191
0.000224
0.144400
0.033644
0.039169
0.005523
0.190480
0.000663
0.003444
0.000453
0.003533
0.021014
0.004921
0.003027
0.002297
0.000654
0.138495
0.000288
0.029845
0.048041
0.027190
0.000773
0.002905
0.000924
0.109947
0.000010
0.000324
0.000002
0.002040
0.000009
0.003145
0.000008
0.002464
0.000007
0.003509
0.026374
0.087940
0.001031
0.002785
0.001908
0.001135
0.002588
0.015840
0.001864
0.017836
0.010862
0.113192
0.000684
0.001955
0.000835
0.016276
0.000542
0.000167
0.000535
0.025146
0.025634
0.041940
0.013593
0.000000
0.002221
0.000000
0.017172
0.037392
