0.000000
0.008884
0.150933
0.000528
0.007775
0.005743
0.139560
0.002356
0.000000
0.000000
0.025795
0.005480
0.159972
0.002467
0.166696
0.018209
0.113011
0.013680
0.082041
0.001452
0.078586
0.005800
0.159819
0.021477
0.133481
0.000252
0.072679
0.001853
0.061950
0.004916
0.005138
0.000563
0.040967
0.002288
0.158292
0.010946
0.159826
0.000125
0.103051
0.014359
0.035237
0.002529
0.000832
0.000305
0.029891
0.004394
0.245276
0.001070
0.058770
0.013361
0.054750
0.003782
0.040420
0.014142
0.076770
0.004943
0.028893
0.003835
0.023808
0.000000
0.084551
