0.000000
0.008514
0.152300
0.000118
0.009143
0.005412
0.140685
0.001816
0.026910
0.005737
0.160785
0.002236
0.167512
0.017759
0.113380
0.013580
0.082702
0.001425
0.079260
0.005152
0.000000
0.000000
0.160461
0.021354
0.133720
0.000041
0.072917
0.002095
0.062185
0.004516
0.005425
0.000145
0.041254
0.002068
0.158550
0.011414
0.159968
0.000101
0.103193
0.014486
0.035659
0.002198
0.031561
0.004266
0.245628
0.001176
0.059136
0.012846
0.055125
0.003404
0.040798
0.012989
0.000115
0.000621
0.076893
0.004728
0.029128
0.003782
0.023808
0.000000
0.084551
