0.000000
0.008745
0.151449
0.000374
0.008292
0.005618
0.139983
0.002154
0.026214
0.005574
0.160279
0.002377
0.167005
0.018038
0.113152
0.013641
0.082291
0.001446
0.078841
0.005554
0.160061
0.021426
0.133573
0.000165
0.072771
0.001947
0.062040
0.004764
0.005250
0.000404
0.041079
0.002207
0.158392
0.011123
0.159882
0.000116
0.103107
0.014414
0.035396
0.002410
0.000995
0.000184
0.030055
0.004342
0.245411
0.001115
0.058909
0.000000
0.000000
0.013166
0.054892
0.003634
0.040566
0.013154
0.000028
0.000784
0.076819
0.004855
0.028985
0.003818
0.023808
0.000000
0.084551
