0.000000
0.006857
0.048011
0.078481
0.075956
0.138160
0.028072
0.060974
0.110846
0.103974
0.092011
0.000302
0.001979
0.000009
0.001871
0.000011
0.001743
0.000000
0.000726
0.000627
0.104547
0.023705
0.144726
0.008161
0.122057
0.011338
0.138275
0.019054
0.190825
0.008672
0.148458
0.008722
0.168028
0.004025
0.101107
0.008260
0.129909
0.000103
0.124903
0.003919
0.098858
0.000065
0.102824
0.002601
0.080963
0.004403
0.085328
0.000003
0.225536
0.013159
0.060535
0.012871
0.185630
0.020785
0.053251
0.020661
0.052635
0.001226
0.002641
0.000432
0.069564
0.000221
0.066886
0.007837
0.188125
0.020074
0.053014
0.021298
0.020108
0.000412
0.083481
0.001145
0.066802
0.038816
0.026868
0.084618
0.006913
