0.086658
0.140798
0.088446
0.138982
0.087249
0.106143
0.045814
0.116494
0.086584
0.142216
0.090062
0.144753
0.096407
0.180405
0.112786
0.158273
0.088990
0.173913
0.158199
0.163245
0.003984
0.018224
0.000000
0.008152
0.000000
0.000000
0.000000
0.000000
0.000000
0.000000
0.000000
0.000000
0.000000
0.130447
0.064707
0.131833
0.163247
0.102308
0.051323
0.019534
0.058449
0.097655
0.045632
0.051555
0.115874
0.056440
0.040453
0.085037
0.115780
0.016972
0.025754
0.100048
0.187664
0.074019
0.072579
0.079864
0.059495
0.071883
0.209954
0.110580
0.077379
0.056286
0.045015
0.087749
0.244246
0.068598
0.182133
0.071921
0.467738
0.058057
0.179520
0.099539
0.047645
0.052336
0.353265
