0.085387
0.141714
0.091927
0.147235
0.086000
0.126044
0.046119
0.098455
0.077739
0.146969
0.088830
0.152844
0.094576
0.216357
0.095918
0.149775
0.076662
0.106740
0.020719
0.105453
0.079440
0.055086
0.027556
0.265330
0.080813
0.118287
0.040944
0.045633
0.073189
0.179266
0.061838
0.067889
0.048013
0.095407
0.029929
0.064344
0.174507
0.070090
0.113799
0.057541
0.229463
0.037404
0.115300
0.018959
0.115466
0.078465
0.177905
0.095344
0.108782
0.000000
0.353542
0.062310
0.181018
0.075421
0.478014
0.070929
0.178836
0.097979
0.046423
0.060540
0.353393
