0.047336
0.197076
0.014633
0.120538
0.090022
0.031087
0.064911
0.152615
0.195278
0.026130
0.149804
0.017366
0.087229
0.012035
0.165279
0.028826
0.190162
0.017970
0.166126
0.003491
0.240454
0.012351
0.175253
0.021925
0.052937
0.029125
0.187313
0.018632
0.062565
0.013227
0.323000
0.007972
0.191493
0.019038
0.053483
0.024212
0.185962
0.022798
0.055143
0.020026
0.192622
0.004594
0.210584
0.002076
0.185738
0.001733
0.336335
0.004965
0.062485
0.007610
0.193090
0.012647
0.060012
0.012392
0.194836
0.004590
0.198076
0.004475
0.194474
0.013261
0.058364
0.013968
0.194483
0.006678
0.191524
0.019391
0.054027
0.021914
0.138014
0.000000
0.037954
0.037051
0.027800
0.084611
0.007332
