0.026774
0.194048
0.042761
0.090002
0.080895
0.018444
0.090048
0.134144
0.205945
0.020130
0.126770
0.012329
0.143488
0.003038
0.129548
0.023881
0.189640
0.010511
0.154560
0.009736
0.272985
0.006836
0.136240
0.006740
0.076918
0.006175
0.185874
0.002619
0.152096
0.001856
0.282257
0.003054
0.154347
0.002480
0.080314
0.002437
0.204464
0.002538
0.074150
0.001552
0.209572
0.000873
0.260438
0.000935
0.206321
0.000397
0.217237
0.001651
0.066610
0.001668
0.217590
0.001929
0.066536
0.002690
0.069925
0.001639
0.205685
0.000728
0.075676
0.000511
0.325998
0.000332
0.199543
0.000219
0.052403
0.000000
0.138494
0.002219
0.061656
0.003423
0.183406
0.015645
0.042937
0.046568
0.024744
0.082040
0.009588
0.110324
0.001753
