0.026679
0.191798
0.043731
0.089515
0.080373
0.017782
0.091026
0.135505
0.205296
0.020284
0.126906
0.011884
0.144445
0.003367
0.128549
0.023497
0.189691
0.010421
0.154680
0.009862
0.273893
0.006927
0.133718
0.006386
0.078027
0.005639
0.185752
0.002510
0.153435
0.001953
0.283105
0.003058
0.152253
0.002209
0.082046
0.002154
0.205009
0.002485
0.074103
0.001567
0.209393
0.000909
0.259927
0.000891
0.207209
0.000348
0.113208
0.000000
0.108854
0.001765
0.068259
0.002002
0.213115
0.004410
0.064085
0.007348
0.064750
0.004550
0.200605
0.001894
0.069328
0.001229
0.330602
0.000551
0.194133
0.001522
0.064445
0.001979
0.192384
0.001771
0.186361
0.014622
0.043972
0.045195
0.025565
0.081010
0.009968
0.109608
0.001832
