0.032886
0.151690
0.056130
0.068894
0.091745
0.009242
0.095484
0.141143
0.197399
0.020863
0.140130
0.010900
0.137326
0.004809
0.127180
0.021068
0.189793
0.011863
0.157813
0.010270
0.277176
0.007315
0.111744
0.007622
0.074156
0.004838
0.195532
0.003078
0.168277
0.002533
0.284755
0.002663
0.124037
0.002641
0.073672
0.001460
0.223003
0.001643
0.071882
0.000827
0.114256
0.000000
0.109862
0.000835
0.264647
0.000860
0.223147
0.002154
0.073047
0.004397
0.074683
0.002770
0.097788
0.001102
0.224008
0.007227
0.060406
0.014134
0.060508
0.008914
0.196992
0.002240
0.200477
0.001603
0.200088
0.002326
0.194858
0.008742
0.060825
0.010868
0.192019
0.018992
0.055789
0.029577
0.063389
0.024148
0.062520
0.041689
0.033969
0.078279
0.013117
0.110633
0.002423
