3.511457466116728483e+02
1.234249082596411711e+02
4.428505917280713788e+02
8.009005347672268016e+00
3.103382287610409094e+02
3.739436723630007720e+01
2.494591102704061143e+02
2.585805365270066858e+01
5.019632826863033301e+02
1.813081190807576348e+01
2.263144276547359652e+02
1.547898504354965965e+01
2.948593121189703652e+02
2.752356475760148413e+01
4.229497725454751276e+02
2.438617265158248060e+01
3.237073139087860909e+02
3.482179258640886843e+01
1.839841527758745201e+02
8.154735072167341059e+00
3.551144770075237034e+02
1.017000648910611282e+01
2.601943271339505941e+02
9.791695067968886335e+00
2.381533718497413759e+02
1.000000000000000021e-03
6.778211352646485466e+02
9.285710503328671095e+00
7.487571630588131200e+01
2.052312186067202759e+01
3.257668785139732393e+01
