3.531231554729941422e+02
1.220994040308855233e+02
4.381083922449590204e+02
7.908768699135571012e+00
3.151477396636776689e+02
3.715419197624860459e+01
2.480913249480213381e+02
2.565431526324727685e+01
5.047598194763256174e+02
1.759649257560892721e+01
2.215273587081167364e+02
1.653078991805638154e+01
2.973441936953956315e+02
2.882048498505006862e+01
4.230672037220260790e+02
2.337629638339823401e+01
3.267003386307285382e+02
3.247078675585056828e+01
1.837523500325067118e+02
1.074676417911199344e+01
3.538192801847085320e+02
1.101587270775552874e+01
2.538377131518216174e+02
7.483397468200346125e+00
2.427681324302282633e+02
3.315987552551287632e+00
3.194686538101789210e+02
1.000000000000000021e-03
3.904616879902187065e+02
9.478145052168423845e+00
6.930124731321912179e+01
1.927765979416662390e+01
3.119794756986493312e+01
