1.171791750752496171e+02
3.267283494955072598e+01
2.257920102830402129e+02
8.796638399077050963e+01
7.764686633542316940e+02
4.719791328643756856e+01
7.234505901666818772e+02
2.515793983638520714e+01
2.522868960048711529e+02
2.578955028474512545e+01
2.804125492699025699e+02
4.795189568742856778e+01
3.611103633384373666e+02
1.218379720559290291e+01
3.748625151470951664e+02
2.349757879308481989e+01
2.085579939207024722e+02
1.000000000000000021e-03
3.402788321864092609e+02
6.505423819882614644e+00
2.729101857178491173e+02
1.121284571481709058e+01
8.915592638674173713e+02
1.094239647278759797e+01
5.323375712976480401e+01
