0.000000
0.055965
0.100123
0.045771
0.381526
0.042615
0.214071
0.006049
0.228852
0.000000
0.000000
0.000000
0.000000
0.000001
0.000001
0.000001
0.000001
0.000001
0.000001
0.000002
0.000002
0.000003
0.000003
0.000004
0.000004
0.000005
0.000005
0.000006
0.000006
0.000009
0.000009
0.000013
0.000013
0.000016
0.000014
0.000014
0.000011
0.000011
0.000010
0.000010
0.000008
0.000008
0.000007
0.000007
0.000005
0.000005
0.000004
0.000004
0.000003
0.000003
0.000002
0.000002
0.000002
0.000002
0.000001
0.000001
0.000000
0.000000
0.004593
0.000018
0.758605
0.014360
0.000000
