0.109520
0.040524
0.471411
0.002047
0.331436
0.003350
0.364897
0.004814
0.329225
0.013911
0.271009
0.009636
0.483456
0.002071
0.189462
0.003156
0.154243
0.001683
221.091815
0.000151
15.332268
0.000000
25.822768
0.000130
0.696328
0.000210
0.655893
0.000141
3.884957
0.000100
3.638902
0.000147
22.830213
0.000175
52.490180
0.000200
2.641374
0.000133
1.826120
0.000117
20.865284
0.000148
3.392905
0.000158
34.964299
0.000165
127.366577
0.000150
6.245610
0.000175
1.361058
0.000153
0.550877
0.000166
2.751880
0.000158
1.668688
0.000117
1.020300
0.000136
0.635362
0.000147
2.662025
0.000104
8.024386
0.000133
196.655863
0.000119
0.777922
0.000228
0.389413
0.000168
0.777956
0.000182
0.789691
0.000172
1.170337
0.000147
0.791658
0.000264
0.780060
0.000255
1.148168
0.000237
0.810687
0.000238
0.764148
0.000151
0.402977
0.000183
0.782206
0.000232
0.821052
0.000175
1.153573
0.000253
0.515301
0.000192
0.820805
0.000167
1.420425
0.000169
79.450280
