0.109506
0.040840
0.469431
0.002092
0.334116
0.003491
0.365028
0.004816
0.328095
0.013833
0.270533
0.009636
0.484005
0.001875
0.192967
0.003160
0.152923
0.001870
262.218727
0.000109
0.721209
0.000131
0.624381
0.000120
3.916778
0.000094
3.649541
0.000149
22.808898
0.000216
52.504528
0.000166
63.697467
0.000176
127.365948
0.000192
6.231393
0.000134
1.923849
0.000160
4.428935
0.000136
4.292201
0.000073
204.700016
0.000205
0.782265
0.000223
0.387931
0.000000
0.775863
0.000142
0.794757
0.000173
1.168608
0.000197
0.791622
0.000215
0.766786
0.000197
1.155910
0.000200
0.807013
0.000224
0.755895
0.000141
1.188312
0.000196
0.822311
0.000145
1.149874
0.000191
2.768801
0.000095
79.450280
