0.073902
0.098846
0.008396
0.143677
0.045822
0.019823
0.324842
0.011080
0.316587
0.027193
0.050007
0.047660
0.482823
0.011537
0.386709
0.003892
0.395328
0.001743
0.364135
0.001235
0.193391
0.000892
0.652007
0.000525
0.353278
0.000276
0.427536
0.000498
0.780859
0.000309
0.161904
0.000237
0.554811
0.000155
0.454995
0.000177
0.365870
0.000252
0.143745
0.000305
0.795193
0.000173
0.164835
0.000135
0.805596
0.000087
0.492534
0.000076
0.513395
0.000083
0.169798
0.000064
0.805623
0.000063
0.505394
0.000051
0.462731
0.000000
1.012225
0.000035
32.555514
