0.078865
0.111046
0.008970
0.134965
0.052639
0.017464
0.316178
0.012913
0.310529
0.023759
0.054574
0.047813
0.482416
0.010942
0.371253
0.005237
0.414178
0.002947
0.342616
0.002907
0.151980
0.002530
0.739450
0.001432
0.217779
0.000364
0.544779
0.001257
0.181969
0.000645
0.577993
0.000658
0.170428
0.000540
0.558229
0.000394
0.467198
0.000469
0.355420
0.000526
0.142065
0.000756
0.784405
0.000377
0.178201
0.000223
0.574615
0.000280
0.180749
0.000224
0.542957
0.000160
0.479660
0.000144
0.284815
0.000026
0.482667
0.000273
0.142038
0.000178
0.375045
0.000139
0.173407
0.000088
0.552942
0.000069
0.484840
0.000066
0.496258
0.000051
0.492153
0.000040
0.121825
0.000000
0.395930
0.000025
0.240003
0.000022
0.494159
0.000032
0.475838
0.000019
0.283392
0.000007
0.497958
0.000014
0.228197
0.000006
0.506539
0.000015
0.464761
0.000009
28.284430
