0.000000
0.065289
0.014897
0.099372
0.016031
0.068615
0.155557
0.005567
0.064277
0.001870
0.017439
0.000023
0.109571
0.000603
0.072622
0.004053
0.110611
0.007708
0.092088
0.015828
0.128908
0.004591
0.003545
0.072649
0.000308
0.001676
0.000088
0.000120
0.000122
0.000118
0.000008
0.000019
0.000010
0.000022
0.000012
0.000025
0.000020
0.000020
0.000180
0.000098
0.000000
0.000010
0.000014
0.000023
0.000017
0.000017
0.000023
0.000032
0.000026
0.000036
0.000030
0.000041
0.000036
0.000047
0.000043
0.000043
0.000053
0.000064
0.000067
0.000078
0.004662
