0.000000
0.064444
0.015039
0.098568
0.016267
0.068769
0.155668
0.005925
0.064072
0.002229
0.113294
0.000073
0.013559
0.000314
0.072546
0.003970
0.110717
0.007550
0.092715
0.015770
0.121201
0.000037
0.007494
0.004696
0.003522
0.072639
0.000298
0.001666
0.000078
0.000110
0.000111
0.000118
0.000000
0.000012
0.000002
0.000015
0.000009
0.000009
0.000169
0.000098
0.000004
0.000013
0.000007
0.000007
0.000012
0.000022
0.000016
0.000026
0.000020
0.000031
0.000026
0.000037
0.000033
0.000033
0.000043
0.000053
0.000057
0.000067
0.004701
