0.000000
0.002205
0.076180
0.080784
0.038571
0.000078
0.242100
0.004492
0.013730
0.000000
0.336396
0.000345
0.006606
0.004287
0.180533
0.017249
0.013624
0.015143
0.009130
0.000260
0.225620
0.000553
0.014225
0.006327
0.015146
0.001633
0.007297
0.000053
0.366015
0.003333
0.016095
0.012384
0.017462
0.000140
0.004241
0.000956
0.256232
0.011453
0.058620
0.000636
0.031892
0.004452
0.020936
0.001693
0.202413
0.000461
0.172605
0.002232
0.201332
0.000446
0.016529
0.001868
0.351983
0.002534
0.011669
0.000250
0.191802
0.003220
0.015042
0.000504
0.116837
0.012810
0.115148
0.009112
0.086576
