0.000000
0.011405
0.192525
0.000001
0.000001
0.000001
0.000001
0.000001
0.000001
0.000001
0.000001
0.000001
0.000001
0.000002
0.000002
0.000002
0.000002
0.000003
0.000003
0.000004
0.000004
0.000005
0.000005
0.000007
0.000007
0.000010
0.000010
0.000022
0.000019
0.000019
0.000017
0.000017
0.000015
0.000015
0.000013
0.000013
0.000011
0.000011
0.000008
0.000008
0.000006
0.000006
0.000006
0.000006
0.000004
0.000004
0.000003
0.000003
0.000003
0.000003
0.000002
0.000002
0.000002
0.000002
0.000001
0.000001
0.000001
0.000001
0.000001
0.000001
0.000001
0.000001
0.000000
0.000000
0.000000
0.000000
0.000000
0.000000
0.000000
0.000000
0.000000
0.000000
0.000000
0.000000
0.000000
0.000000
0.000000
0.000000
0.200225
0.016174
0.104607
0.013860
0.159835
0.013816
0.000000
