0.000000
0.011404
0.192525
0.000000
0.000000
0.000000
0.000000
0.000000
0.000000
0.000001
0.000001
0.000001
0.000001
0.000001
0.000001
0.000001
0.000001
0.000002
0.000002
0.000002
0.000002
0.000003
0.000003
0.000003
0.000003
0.000004
0.000004
0.000005
0.000005
0.000008
0.000008
0.000010
0.000010
0.000022
0.000019
0.000019
0.000017
0.000017
0.000015
0.000015
0.000013
0.000013
0.000011
0.000011
0.000009
0.000009
0.000007
0.000007
0.000006
0.000006
0.000005
0.000005
0.000004
0.000004
0.000003
0.000003
0.000002
0.000002
0.000002
0.000002
0.000002
0.000002
0.000001
0.000001
0.000001
0.000001
0.000001
0.000001
0.000001
0.000001
0.000001
0.000001
0.000001
0.000001
0.000000
0.000000
0.000000
0.000000
0.000000
0.000000
0.000000
0.000000
0.000000
0.000000
0.000000
0.000000
0.000000
0.000000
0.200225
0.016165
0.104646
0.013851
0.159827
0.013821
0.000000
