0.000000
0.013783
0.167766
0.007881
0.138982
0.000441
0.014671
0.000635
0.002241
0.000717
0.002163
0.011717
0.006664
0.001521
0.093435
0.000607
0.000360
0.000482
0.005987
0.001614
0.000008
0.001818
0.002163
0.002144
0.007661
0.002178
0.002285
0.002058
0.149298
0.000089
0.000000
0.000000
0.002968
0.000173
0.003008
0.000254
0.003047
0.000496
0.003059
0.000468
0.006465
0.000633
0.003143
0.000806
0.000435
0.000692
0.000052
0.000514
0.000273
0.000564
0.039924
0.009937
0.067820
0.000401
0.036998
0.000000
0.002017
