0.000000
0.121532
0.152791
0.017234
0.186596
0.005206
0.235819
0.047026
0.136926
0.049124
0.172015
0.003875
0.160839
0.007546
0.014153
0.005591
0.181277
0.017281
0.101152
0.000035
0.001102
0.000038
0.009939
0.004723
0.032195
0.005515
0.116179
0.009864
0.168074
0.004255
0.036406
0.008113
0.053538
0.012760
0.099664
0.000725
0.088210
0.003555
0.104840
0.000019
0.001816
0.000044
0.091363
0.002753
0.077747
0.002248
0.039946
0.000071
0.145380
0.004022
0.166368
0.002601
0.045960
0.007475
0.056931
0.005028
0.207499
0.002950
0.150102
0.000000
0.036610
0.001917
0.075007
0.002189
0.114480
0.001002
0.030455
0.000010
0.163679
0.016756
0.043491
0.050545
0.022714
0.088792
0.006642
