0.000000
0.155191
0.036329
0.002368
0.123387
0.035236
0.065327
0.031987
0.130310
0.016290
0.000530
0.000000
0.026518
0.007837
0.027919
0.015985
0.107307
0.000133
0.003819
0.000075
0.008857
0.000015
0.036324
0.032664
0.144894
0.019766
0.036530
0.004992
0.024922
0.000031
0.001174
0.000022
0.000361
0.000007
0.000789
0.000011
0.057488
0.004419
0.017100
0.000030
0.000339
0.000132
0.002314
0.000183
0.000201
0.000001
0.000044
0.000048
0.000433
0.000069
0.002506
0.000150
0.000022
0.000088
0.001559
0.000198
0.013403
0.047614
0.000435
0.000099
0.001535
0.000070
0.012191
