0.000000
0.002237
0.064311
0.072376
0.156400
0.012900
0.126007
0.094303
0.032507
0.068291
0.123172
0.087635
0.021547
0.057984
0.066668
0.013504
0.170217
0.013198
0.127403
0.039955
0.061059
0.037596
0.078423
0.039113
0.500528
0.004172
0.009711
0.002156
0.004172
0.000468
0.002069
0.000862
0.003233
0.000231
0.003103
0.001095
0.004083
0.000273
0.006928
0.001120
0.008280
0.001775
0.018034
0.000000
0.084159
0.006736
0.211668
0.006954
0.023914
0.003004
0.083831
0.029950
0.071890
0.036652
0.075751
0.019523
0.092713
0.005857
0.000415
