0.000000
0.002253
0.064070
0.072606
0.156190
0.012860
0.126223
0.094231
0.032588
0.068212
0.123235
0.087706
0.021698
0.057820
0.067019
0.013411
0.170254
0.013148
0.127615
0.039913
0.061081
0.037693
0.077889
0.039315
0.500816
0.004187
0.009979
0.002192
0.004238
0.000446
0.002116
0.000930
0.003286
0.000184
0.003154
0.001200
0.004166
0.000000
0.007016
0.001205
0.008362
0.001504
0.102543
0.006427
0.210808
0.007146
0.023929
0.003230
0.083027
0.030298
0.071634
0.036545
0.075975
0.019311
0.092747
0.005791
0.000415
