0.081406
0.003028
0.005630
0.002599
0.006529
0.002306
0.121226
0.011848
0.024352
0.002746
0.017015
0.002846
0.012993
0.004506
0.007404
0.007842
0.004382
0.007978
0.003990
0.006374
0.004228
0.005138
0.004727
0.004244
0.005449
0.003554
0.006409
0.002997
0.276084
0.003136
0.002524
0.002695
0.002959
0.002260
0.003538
0.001885
0.004310
0.001579
0.005411
0.001256
0.006238
0.000951
0.007224
0.000840
0.006028
0.000000
0.006269
0.000664
0.015617
0.000442
0.011886
0.000471
0.010984
0.000759
0.008717
0.001142
0.006614
0.001547
0.004953
0.001951
0.003867
0.002386
0.003180
0.002977
0.337993
0.001732
0.004421
0.001726
0.004214
0.001927
0.398010
0.013571
0.251831
0.004636
0.006878
0.004160
0.007829
0.003816
0.008497
0.003553
0.009040
0.003314
0.009727
0.002887
0.009374
0.002500
0.009982
0.002579
0.086641
0.006087
0.001732
