0.000000
0.002583
0.082553
0.081841
0.252061
0.009454
0.275377
0.002946
0.019364
0.000350
0.310725
0.008780
0.244800
0.000199
0.004608
0.005830
0.009110
0.015896
0.016905
0.006677
0.022303
0.002407
0.366874
0.004068
0.246039
0.047796
0.064019
0.027059
0.073538
0.000240
0.033278
0.007126
0.184020
0.013037
0.131442
0.004078
0.043522
0.003302
0.159978
0.001446
0.208568
0.000413
0.004905
0.000040
0.000762
0.000000
0.001667
0.000182
0.120023
0.000341
0.039112
0.001048
0.223803
0.000214
0.198908
0.009995
0.081963
0.000045
0.025604
0.010078
0.336075
0.014843
0.085377
0.016714
0.086124
0.007591
0.007651
