0.000000
0.002579
0.082564
0.081864
0.252045
0.009422
0.275302
0.003007
0.019361
0.000303
0.310717
0.008862
0.244942
0.000103
0.004750
0.005767
0.009196
0.016006
0.016912
0.006619
0.022374
0.002188
0.366933
0.003991
0.246116
0.047809
0.064169
0.026908
0.073710
0.000167
0.033451
0.007084
0.184107
0.012999
0.131509
0.003952
0.043625
0.003354
0.160017
0.001524
0.208610
0.000412
0.004951
0.000000
0.002476
0.000127
0.120071
0.000246
0.039161
0.001067
0.223837
0.000213
0.198943
0.010054
0.081912
0.000072
0.025553
0.010126
0.335959
0.014893
0.085311
0.016765
0.086070
0.007599
0.007651
