0.000000
0.152740
0.049600
0.014417
0.103064
0.015608
0.063015
0.007866
0.153948
0.001724
0.033010
0.002799
0.198193
0.006094
0.033745
0.002931
0.132620
0.001130
0.617906
0.001992
0.100854
0.001075
0.045799
0.006101
0.145538
0.004043
0.377253
0.002127
0.236828
0.005097
0.090331
0.002961
0.054304
0.013411
0.248464
0.000000
0.004969
0.000150
0.426865
0.030755
0.132799
0.054215
0.070472
0.000867
0.073278
0.034629
0.044537
0.026838
0.180656
0.002342
0.163857
0.005534
0.096947
0.005163
0.097832
0.025618
0.016886
