0.032795
0.016540
0.078938
0.053954
0.000000
0.000000
0.034213
0.043489
0.126822
0.024011
0.000000
0.000000
0.052390
0.059576
0.046295
0.042702
0.305858
0.030711
0.035627
0.088199
0.018664
0.044332
0.211629
0.001101
0.001068
0.000003
0.000634
0.000304
0.001642
0.000660
0.001994
0.000144
0.001918
0.000413
0.003591
0.000245
0.004045
0.000172
0.004927
0.000134
0.004385
0.000152
0.003794
0.000202
0.003371
0.000269
0.002987
0.000343
0.001394
0.000013
0.001450
0.000389
0.001713
0.000290
0.001646
0.000436
0.001548
0.000406
0.001578
0.000645
0.001097
0.000223
0.001141
0.000862
0.001008
0.000381
0.000963
0.014025
0.030480
