0.032795
0.016540
0.078938
0.053954
0.034213
0.043488
0.126823
0.024011
0.052391
0.059576
0.046295
0.042702
0.305858
0.030711
0.035626
0.088200
0.018663
0.044332
0.211717
0.001314
0.001720
0.000000
0.001654
0.000825
0.003926
0.000509
0.003570
0.000202
0.004017
0.000213
0.004896
0.000100
0.004354
0.000176
0.003765
0.000189
0.003348
0.000270
0.002972
0.000330
0.002839
0.000488
0.001693
0.000102
0.001628
0.000560
0.001517
0.000365
0.001565
0.000760
0.002350
0.001039
0.001012
0.000208
0.000975
0.014162
0.030480
