0.000000
0.017873
0.036512
0.072186
0.178101
0.000258
0.013962
0.000055
0.342270
0.001152
0.020815
0.004946
0.017918
0.002265
0.271144
0.025752
0.241364
0.010359
0.171062
0.000014
0.031819
0.001167
0.211799
0.013457
0.250879
0.010731
0.034293
0.000076
0.030480
0.000381
0.189406
0.003879
0.061549
0.003897
0.064188
0.009620
0.070929
0.000102
0.228667
0.000007
0.003852
0.000000
0.000717
0.000030
0.004647
0.000037
0.020225
0.011728
0.052642
0.003434
0.011782
0.000129
0.006564
0.000010
0.000406
0.000138
0.001241
0.000016
0.001638
0.000029
0.000878
0.000035
0.001151
0.000072
0.026736
0.010040
0.049322
0.000089
0.014134
0.000071
0.000694
0.000021
0.017127
0.000121
0.002528
0.000003
0.000695
0.000023
0.020276
0.002143
0.052429
0.000000
0.003104
