0.153960
0.006553
0.539619
0.011722
0.526470
0.009452
0.246070
0.016458
0.238611
0.005032
0.268432
0.009354
0.390912
0.003702
0.275412
0.007618
0.478311
0.002622
0.314942
0.003605
0.427163
0.001598
0.362198
0.001139
0.477251
0.000642
0.573724
0.004109
0.126081
0.003826
0.384150
0.003114
0.391450
0.004684
0.119876
0.004710
0.400196
0.000789
0.382638
0.000851
0.451833
0.000140
0.345309
0.000318
0.235332
0.000100
0.563578
0.000123
0.249667
0.000189
0.792458
0.000300
0.402383
0.000562
0.130352
0.000612
0.391833
0.000125
0.404194
0.000155
0.426503
0.000020
0.356520
0.000069
0.433164
0.000024
0.143622
0.000023
0.501595
0.000044
0.774162
0.000056
0.412142
0.000063
0.392524
0.000178
0.130048
0.000173
0.402912
0.000068
0.401682
0.000024
0.378698
0.000030
0.419580
0.000042
0.138050
0.000029
0.804068
0.000008
0.456038
0.000010
1.388075
0.000000
22.209192
