0.000000
0.002206
0.065160
0.071436
0.157438
0.013034
0.125133
0.094561
0.032110
0.068774
0.122693
0.087007
0.021161
0.058726
0.065197
0.014004
0.169721
0.013444
0.126353
0.040260
0.060704
0.037188
0.081149
0.038001
0.498084
0.003775
0.004905
0.001929
0.003663
0.000726
0.001390
0.000697
0.002573
0.000502
0.002213
0.000613
0.002359
0.000358
0.000776
0.000193
0.002146
0.000533
0.001560
0.000143
0.000413
0.000000
0.001694
0.000641
0.001983
0.000266
0.004078
0.000764
0.006059
0.000828
0.010025
0.001278
0.022317
0.001998
0.072685
0.008467
0.213696
0.006096
0.023853
0.001288
0.087459
0.027979
0.072980
0.037509
0.074058
0.020811
0.092149
0.006227
0.000220
