0.074306
0.111819
0.014701
0.099999
0.084310
0.125139
0.148922
0.108883
0.108506
0.134191
0.054473
0.079685
0.054960
0.000011
0.000360
0.000000
0.000036
0.000000
0.000000
0.000001
0.000040
0.000002
0.000045
0.000002
0.000049
0.000003
0.000055
0.000004
0.000004
0.000004
0.000061
0.000006
0.000006
0.000006
0.000069
0.000008
0.000008
0.000010
0.000009
0.000009
0.000008
0.000008
0.000007
0.000007
0.000005
0.000005
0.000005
0.000005
0.000004
0.000004
0.000003
0.000003
0.000003
0.000003
0.000003
0.000003
0.000002
0.000002
0.000002
0.000002
0.000002
0.000002
0.000001
0.000001
0.000001
0.000001
0.000001
0.000001
0.000001
0.000001
0.000001
0.000001
0.000419
0.000013
0.000013
0.000014
0.000014
0.000021
0.000021
0.000028
0.000028
0.000171
0.000033
0.000033
0.000024
0.000024
0.000018
0.000018
0.000016
0.000016
0.058294
0.102206
0.090852
0.100709
0.060960
0.001986
0.063319
0.051002
0.051592
0.087535
0.000000
