0.000000
0.008547
0.056755
0.075609
0.276039
0.002701
0.013353
0.000058
0.017601
0.000922
0.234476
0.004041
0.017707
0.000024
0.004858
0.000330
0.266275
0.003607
0.024164
0.021777
0.026422
0.000000
0.002249
0.000128
0.000525
0.000199
0.219786
0.012897
0.202972
0.000557
0.211237
0.012320
0.246993
0.012749
0.263448
0.002932
0.041757
0.000448
0.076704
0.007294
0.296082
0.000725
0.032172
0.011143
0.037721
0.000088
0.030983
0.001163
0.040802
0.010967
0.029905
0.000122
0.139730
0.002503
0.017813
0.000000
0.003767
