0.000000
0.008518
0.056797
0.075672
0.276033
0.002702
0.013352
0.000045
0.017599
0.000933
0.234472
0.004054
0.017715
0.000012
0.004866
0.000321
0.266283
0.003597
0.024172
0.021799
0.028678
0.000109
0.000533
0.000180
0.219793
0.012899
0.202979
0.000545
0.211244
0.012338
0.246988
0.012727
0.000000
0.000000
0.263452
0.002935
0.041762
0.000443
0.076709
0.007291
0.296085
0.000711
0.032175
0.011152
0.037724
0.000072
0.030986
0.001151
0.040804
0.010982
0.029912
0.000106
0.139736
0.002499
0.017813
0.000000
0.003767
