0.000000
0.003697
0.107617
0.025064
0.177582
0.000077
0.003385
0.000337
0.002946
0.001130
0.225489
0.025128
0.261579
0.000007
0.005224
0.009077
0.015927
0.000220
0.396282
0.018260
0.051261
0.000215
0.223260
0.007503
0.007514
0.000023
0.015045
0.000886
0.012203
0.000067
0.000453
0.000787
0.004550
0.000089
0.110637
0.000042
0.002186
0.000200
0.002226
0.000700
0.010919
0.000941
0.002512
0.000352
0.032591
0.002266
0.350836
0.000121
0.014247
0.000718
0.031432
0.001151
0.125260
0.000103
0.185060
0.000900
0.020574
0.000000
0.009405
0.000440
0.016286
0.000553
0.095359
0.000125
0.005923
0.000619
0.002853
0.000373
0.018582
0.002875
0.146197
0.001103
0.005084
0.000571
0.024130
0.000497
0.008345
