0.000000
0.005099
0.098803
0.025181
0.389114
0.002893
0.023755
0.026287
0.265177
0.006755
0.415049
0.018579
0.077530
0.000711
0.149888
0.000687
0.036364
0.006303
0.039722
0.001184
0.147643
0.000199
0.007707
0.000061
0.001669
0.000032
0.006274
0.001145
0.005230
0.000456
0.004689
0.000020
0.236458
0.001237
0.135444
0.001647
0.045677
0.000067
0.213327
0.000209
0.033623
0.002045
0.070896
0.000241
0.067164
0.001580
0.245665
0.002162
0.023619
0.000656
0.043478
0.004158
0.055224
0.003057
0.000000
0.000000
0.018590
0.004076
0.065984
0.005142
0.027659
0.000654
0.004181
0.001318
0.000940
0.001716
0.047968
0.000696
0.052558
0.002987
0.043358
