0.000000
0.005034
0.098890
0.024850
0.389260
0.001342
0.024066
0.026742
0.266587
0.006964
0.415777
0.018268
0.077821
0.000148
0.150146
0.000000
0.036621
0.007029
0.039977
0.000685
0.163969
0.000922
0.005488
0.000136
0.050560
0.000044
0.190901
0.002693
0.069394
0.000613
0.066732
0.003095
0.046068
0.000044
0.247716
0.002047
0.071282
0.000607
0.067549
0.002360
0.245956
0.000659
0.067606
0.003638
0.055596
0.000614
0.018972
0.002493
0.066278
0.005223
0.032443
0.000349
0.001267
0.000756
0.048293
0.001009
0.052880
0.002378
0.043358
