0.000000
0.010248
0.051512
0.073608
0.194908
0.000827
0.041808
0.000180
0.055109
0.009689
0.314819
0.000807
0.016621
0.000245
0.025696
0.001124
0.178583
0.010211
0.000000
0.017198
0.242663
0.000411
0.014925
0.011631
0.046988
0.000623
0.313106
0.003289
0.003195
0.001161
0.038395
0.019506
0.019713
0.000567
0.238877
0.006585
0.369433
0.000128
0.041174
0.004205
0.370117
0.003135
0.322591
0.000106
0.020113
0.001418
0.174117
0.001593
0.187390
0.001942
0.025393
0.000159
0.001503
0.000813
0.171628
0.001929
0.014455
0.000299
0.172309
0.000558
0.019862
0.006548
0.119698
0.018582
0.094690
0.019759
0.083428
0.000122
0.020178
0.007879
0.015082
