0.000000
0.055050
0.000000
0.000000
0.015904
0.007144
0.007144
0.080674
0.017956
0.070491
0.157406
0.007676
0.061804
0.003549
0.111212
0.000082
0.084389
0.004647
0.112831
0.005664
0.098149
0.017224
0.058233
0.002951
0.055045
0.002718
0.008586
0.001449
0.003400
0.063223
0.001349
0.002556
0.001020
0.001050
0.000671
0.000671
0.000475
0.000447
0.000274
0.000291
0.000355
0.000334
0.000147
0.000166
0.000178
0.000178
0.000218
0.000197
0.000043
0.000043
0.000064
0.000078
0.000074
0.000074
0.000098
0.000109
0.000123
0.000124
0.000007
0.000007
0.000027
0.000037
0.004703
