0.000000
0.057163
0.080759
0.001213
0.006007
0.000153
0.055301
0.032677
0.055834
0.001385
0.134525
0.002212
0.051768
0.042360
0.138704
0.001151
0.000393
0.001072
0.003010
0.000906
0.000345
0.000000
0.005515
0.000117
0.002192
0.000232
0.021528
0.017324
0.133643
0.001305
0.000184
0.001090
0.000699
0.000924
0.002797
0.000771
0.023297
0.008896
0.080791
0.001377
0.044138
0.066854
0.000011
0.001211
0.000000
0.000025
0.000003
0.000003
0.000003
0.000003
0.000005
0.000029
0.000007
0.000030
0.000008
0.000008
0.000009
0.000009
0.000010
0.000010
0.000011
0.000011
0.000011
0.000011
0.000011
0.000033
0.000011
0.000031
0.000011
0.000011
0.019943
