0.000000
0.007461
0.168832
0.001381
0.224840
0.010478
0.108152
0.006831
0.104094
0.003136
0.065353
0.003571
0.103046
0.001933
0.125967
0.008279
0.082603
0.000550
0.073314
0.002056
0.076019
0.001029
0.030536
0.010347
0.000000
0.000000
0.133290
0.003967
0.084461
0.018874
0.186504
0.000891
0.033688
0.000406
0.269957
0.031274
0.075071
0.023340
0.103439
0.009113
0.030887
0.000130
0.001198
0.000138
0.000380
0.000056
0.001251
0.000317
0.005592
0.000596
0.131546
0.001754
0.047792
0.000498
0.030583
0.000495
0.089258
0.021771
0.065431
0.038955
0.052606
0.034512
0.077040
0.015308
0.113441
0.004713
0.080393
