0.000000
0.007563
0.168323
0.001488
0.224347
0.010401
0.107916
0.006908
0.103770
0.003292
0.065016
0.003809
0.102716
0.002164
0.125642
0.008437
0.082226
0.000759
0.072937
0.002295
0.075646
0.001196
0.030160
0.010711
0.133015
0.000000
0.000000
0.004292
0.084196
0.018884
0.186259
0.001067
0.033437
0.000358
0.269713
0.031249
0.075082
0.023395
0.103293
0.009070
0.030680
0.000165
0.000990
0.000172
0.000173
0.000090
0.001044
0.000348
0.005386
0.000611
0.131342
0.001890
0.047574
0.000640
0.030368
0.000414
0.089046
0.021769
0.065539
0.038973
0.052571
0.034619
0.076906
0.015361
0.113484
0.004703
0.080393
