0.108393
0.020290
0.438819
0.019270
0.235979
0.009932
0.334212
0.012179
0.075613
0.034229
167.923979
0.000352
0.793179
0.000388
0.541372
0.000448
0.488388
0.000381
0.544494
0.000447
0.782566
0.000500
0.536900
0.000515
181.632638
0.000249
1.091972
0.000000
0.764381
0.000323
1.864588
0.000312
0.339460
0.000407
1.549347
0.000237
0.315882
0.000440
0.800185
0.000248
0.435160
0.000323
0.634185
0.000375
0.522014
0.000368
1.047684
0.000547
0.866289
0.000477
1.290614
0.000525
0.545145
0.000451
0.368035
0.000605
0.421987
0.000618
0.571811
0.000499
0.547988
0.000408
1.076771
0.000292
0.500098
0.000555
0.347897
0.000619
1.846177
0.000540
0.344237
0.000286
0.545250
0.000290
0.390611
0.000597
0.379104
0.000549
1.833290
0.000321
0.897873
0.000520
0.373576
0.000334
1.607040
0.000287
1.145786
0.000340
0.758869
