0.083612
0.000000
0.000000
0.083596
0.031718
0.060024
0.015320
0.000041
0.002877
0.000095
0.002004
0.000112
0.001925
0.000142
0.001655
0.000157
0.001587
0.000214
0.001952
0.000253
0.000979
0.000107
0.001018
0.000300
0.000885
0.000039
0.000851
0.000187
0.000000
0.000156
0.000847
0.000124
0.000814
0.000382
0.001276
0.000414
0.000568
0.000001
0.000591
0.000487
0.001030
0.000455
0.000999
0.036948
0.000720
0.000244
0.000700
0.000508
0.000759
0.000194
0.000728
0.000361
0.000873
0.000231
0.036864
0.062673
0.098668
