0.109719
0.018691
0.428472
0.021910
0.268408
0.013753
0.377813
0.032981
0.053190
0.013636
0.423922
0.006975
0.366639
0.010453
0.112772
0.007795
0.354960
0.001829
0.382364
0.001318
0.373859
0.004846
0.122680
0.004730
0.403767
0.001693
0.394077
0.002333
0.125453
0.002057
0.400069
0.000435
0.449704
0.000182
0.450734
0.000177
0.429415
0.000101
0.209004
0.000042
0.727688
0.000072
116.027148
0.000013
1.377268
0.000000
0.471171
0.000034
0.447233
0.000042
0.443387
0.000046
0.450864
0.000054
0.439595
0.000055
0.448174
0.000046
0.449905
0.000038
0.439019
0.000030
10.497721
0.000015
69.426043
0.000001
2.450421
0.000004
14.085381
