0.106439
0.020462
0.440854
0.019139
0.232848
0.010170
0.334105
0.011770
0.079397
0.033268
759.620897
0.000160
0.405410
0.000362
3.503783
0.000317
0.387959
0.000311
0.385483
0.000245
2.759292
0.000443
0.397930
0.000293
5.084208
0.000165
69.408264
0.000236
49.039484
0.000300
5.354121
0.000229
84.288024
0.000315
31.646328
0.000205
67.656664
0.000349
18.278795
0.000331
0.356732
0.000504
19.276691
0.000331
2.759601
0.000264
15.341898
0.000000
2.045586
0.000210
74.483567
0.000409
6.575633
0.000372
0.837530
0.000244
2.006937
0.000411
0.884608
0.000399
3.150206
0.000349
10.353074
0.000458
0.185431
0.000257
13.229828
