0.106368
0.020373
0.441178
0.019060
0.232552
0.010213
0.333893
0.011807
0.079426
0.033371
759.619204
0.000233
0.406144
0.000352
3.503714
0.000309
0.388062
0.000305
0.375050
0.000283
2.769363
0.000436
0.402185
0.000292
5.081596
0.000122
69.420810
0.000251
49.020866
0.000304
5.363921
0.000241
49.577741
0.000000
34.704418
0.000281
31.651423
0.000221
67.653650
0.000354
18.279580
0.000375
0.356318
0.000510
19.276243
0.000327
2.751415
0.000267
15.357802
0.000251
1.378988
0.000351
0.651410
0.000220
74.486573
0.000457
6.578077
0.000365
0.835657
0.000188
2.010847
0.000417
0.881864
0.000438
3.149928
0.000392
10.347296
0.000393
0.203506
0.000141
13.229828
