0.044126
0.003772
0.118849
0.009446
0.114901
0.027831
0.445618
0.020353
0.262631
0.025201
0.030563
0.105301
113.361204
0.000030
0.181547
0.000000
4.447904
0.000018
31.504435
0.000038
0.196503
0.000055
0.751032
0.000057
0.748499
0.000060
0.517373
0.000082
0.464506
0.000101
0.756916
0.000079
0.509691
0.000068
0.751538
0.000093
0.455563
0.000058
0.303175
0.000034
0.496039
0.000047
0.482078
0.000055
0.740139
0.000057
1.510578
0.000032
0.461898
0.000044
0.760346
0.000037
0.521556
0.000048
0.755747
0.000077
0.760275
0.000053
0.525270
0.000063
0.771976
0.000092
0.759729
0.000060
0.527819
0.000086
0.501700
0.000079
0.523068
0.000103
0.764875
0.000134
0.548028
0.000061
0.214672
0.000088
0.534236
0.000129
0.770647
0.000152
0.510097
0.000052
0.275524
0.000080
0.506650
0.000124
0.784397
0.000108
0.508024
0.000077
0.787400
0.000083
0.528625
0.000032
0.113178
