0.065579
0.123486
0.007384
0.122695
0.042880
0.023613
0.329274
0.013036
0.317131
0.025819
0.046985
0.045447
0.475470
0.010543
0.378840
0.003508
0.377609
0.001465
0.359597
0.001810
0.445267
0.000073
0.394555
0.000222
0.343983
0.000435
0.386838
0.000191
0.362403
0.000646
0.385603
0.000596
0.379745
0.001069
0.378733
0.004252
0.115699
0.005278
0.362734
0.008558
0.099130
0.013515
0.097691
0.008808
0.107383
0.002415
0.941948
0.000102
0.757512
0.000082
0.443775
0.000000
0.310642
0.000067
0.464294
0.000040
0.288994
0.000036
0.472411
0.000052
0.754144
0.000048
0.492740
0.000016
0.254129
0.000033
0.486923
0.000020
0.268122
0.000015
0.488312
0.000028
0.747621
0.000026
0.750661
0.000019
0.756273
0.000013
0.480539
0.000015
0.751302
0.000013
3.506076
0.000006
123.514074
