0.064359
0.127522
0.006598
0.116140
0.043222
0.023513
0.332478
0.012839
0.318401
0.026166
0.047053
0.045592
0.476885
0.010524
0.379232
0.003482
0.378386
0.001518
0.359825
0.001772
0.445570
0.000188
0.399594
0.000399
0.355275
0.000436
0.403070
0.000336
0.352093
0.000488
0.398291
0.000466
0.380238
0.000680
0.385578
0.002542
0.122146
0.002870
0.375205
0.003206
0.096472
0.001963
0.045436
0.002552
0.109587
0.001456
1.003248
0.000061
0.738335
0.000052
0.750148
0.000042
0.749123
0.000033
0.479577
0.000028
0.763871
0.000000
8.975485
0.000004
123.514074
