0.000000000000000000e+00
1.000000000000000021e-03
1.744327802514793575e+02
1.565158711171767436e+02
8.968305136086323159e+01
1.880345519593244674e+01
2.993755841279315746e+02
7.153974171759696965e+00
4.821106809300334817e+01
9.930244923509153662e-04
6.574235468760578627e+00
1.770743338368653162e-03
4.432638941757383577e+02
4.883416638754430039e+01
1.861818372839964297e+02
6.121743150955947415e-04
8.761468470902434547e+01
3.670395566788074770e+00
2.740994527006176327e+02
2.529682994991092571e+01
5.906116925723770237e+02
3.686706008210731511e+01
1.257384953327040051e+02
1.249284677312861760e+02
6.310784520041242018e+01
5.555801663968627935e+01
