4.482719924669532929e+01
1.292679573914328728e+02
1.154081731856275752e+02
8.693817988456292767e+01
4.173207470819031073e+01
2.294293712583002787e+02
6.736773248797268820e+01
7.038496292517075403e+01
9.066632925273593457e+01
1.750764382242736588e+02
4.195123692006979610e+01
1.140946357391006956e+02
4.892131820351166027e+01
1.214962429757216569e+02
8.693815020034720931e+01
1.000000000000000021e-03
1.545567114672839466e+02
3.226469532953046837e+02
1.260682009930414971e+01
3.567723035837870071e+01
