1.764756574141014482e+02
1.416342858537807103e+02
1.915767108930472062e+01
3.573834756561141135e-01
7.079344680883913554e+00
5.899993671650980431e-01
4.226032721005527293e+00
6.531924001610963648e-01
3.979533799891105339e+00
8.247260388217337868e-01
3.659186782599164633e+00
9.895961159606276869e-01
3.421125954767822108e+00
1.019468834816684932e+00
2.013126017982938443e+00
7.106100030228498232e-01
1.943991647302819814e+00
1.332270022237211249e+00
3.098088294153667377e+00
1.652801643542633370e+00
2.255882425546502645e+00
1.605897663327784164e+00
2.211838206629549219e+00
1.948144576680902240e+00
1.711389078301243316e+00
1.421671873169952693e+00
1.631046270536595788e+00
2.489607065310669221e+00
2.140360423923722166e+00
2.984820313051255614e+00
4.295617910099541632e+02
1.322071442860095480e+01
4.499377794560754182e+02
3.625595028022004840e+01
3.017682238092015723e+02
1.852219327573148178e+01
0.000000000000000000e+00
1.000000000000000021e-03
1.837897138975397695e+02
3.578639941639502808e+01
5.806126462914386366e+02
4.074860374533906793e+01
1.183186985830339921e+02
1.309652506009344393e+02
6.123140057218126486e+01
5.611812475682940260e+01
