1.764756598800569236e+02
1.416358681111667863e+02
1.947509233933090655e+01
2.572662492940954171e-01
4.040703167100936355e+00
3.196397596851626166e-01
3.464484341934452871e+00
4.808304270118149981e-01
4.359073071612495909e+00
7.120843777835618171e-01
3.989386138344777955e+00
8.654213259906652356e-01
3.605153758868547609e+00
8.467459784293442926e-01
1.843510775581630234e+00
5.038801223402755713e-01
1.715621168663576945e+00
8.694174431227996713e-01
2.301509245546867088e+00
9.909300333594097676e-01
2.165330798306725590e+00
1.304292615238582975e+00
2.537046833660665524e+00
1.563092345354369472e+00
2.124958530635067788e+00
1.630664711126037725e+00
1.988551801570032529e+00
1.785346577512304300e+00
1.699896535251521623e+00
1.759032591721239713e+00
1.635065982762795800e+00
2.191777642744621168e+00
1.735724297929128523e+00
2.498401494922773747e+00
4.294072197342176764e+02
1.322021621842685057e+01
4.499378545974194594e+02
3.625649811255571109e+01
3.017708623829174144e+02
1.852097976661346479e+01
0.000000000000000000e+00
1.000000000000000021e-03
1.837925544048689233e+02
3.578563178101064324e+01
5.806133595165102861e+02
4.074835334436662038e+01
1.183192916654894020e+02
1.309647335357574320e+02
6.123160687251170486e+01
5.611796262634761945e+01
