4.354134910153685922e+01
0.000000000000000000e+00
1.000000000000000021e-03
1.338041667215984205e+02
1.142276484156545706e+02
8.715169637580440565e+01
4.240792603946489692e+01
2.270753939517367428e+02
6.627250512589971265e+01
7.246901376283487650e+01
9.254208038818714499e+01
1.622117509498258130e+02
4.499165207118441856e+01
1.211660604865236053e+02
4.160232489897023100e+01
1.474282772811455970e+02
9.734717801862639419e+01
8.840670869300614854e+00
1.282724808335380828e+02
3.080622139664328074e+02
9.754826383158610170e+00
5.221695536535762017e+01
9.139490093020368633e+00
