4.354134932986121953e+01
0.000000000000000000e+00
1.000000000000000021e-03
1.338041648673112149e+02
1.142276502662603406e+02
8.715169426039159362e+01
4.240792676958132290e+01
2.270753915147423072e+02
6.627250511646357722e+01
7.246901323389363370e+01
9.254208116671976825e+01
1.622117488596240094e+02
4.499165067440780064e+01
1.211660608998696915e+02
4.160232481750735900e+01
1.474282807747834738e+02
9.734717246351554820e+01
8.840671080478308852e+00
1.282724862824660761e+02
3.080622405770691898e+02
9.754828333848113431e+00
5.221693616830737028e+01
9.139488075153940017e+00
