4.354134953198106928e+01
0.000000000000000000e+00
1.000000000000000021e-03
1.338041639696709240e+02
1.142276516153000472e+02
8.715169436820941939e+01
4.240792620575262362e+01
2.270753938232439566e+02
6.627250502811246236e+01
7.246901395721728534e+01
9.254208056442669772e+01
1.622117509651233433e+02
4.499165285074933252e+01
1.211660604720500203e+02
4.160232441055071462e+01
1.474282763703760963e+02
9.734717825018873327e+01
8.840670556803083002e+00
1.282724806683598047e+02
3.080622122523239454e+02
9.754826363244985643e+00
5.221695473478153104e+01
9.139487737112348853e+00
