1.743794106816766316e+02
1.557317485033684079e+02
8.654561230562308083e+01
1.950849732117748303e+01
2.962379539076487731e+02
6.054810867550377118e+00
5.014484700788313489e+02
4.914843805161888213e+01
2.850976037631609188e+02
1.000000000000000021e-03
2.850976037631609188e+02
2.531239798182461342e+01
2.548852637007333044e+02
1.458142842430295794e+00
3.240133133942688346e+02
3.620336162227581411e+01
1.273521381183415002e+02
1.244768778161157172e+02
6.293712677553997281e+01
5.557494914524223617e+01
