0.000000
0.018394
0.034927
0.081841
0.063481
0.032290
0.082029
0.036247
0.060176
0.180187
0.021977
0.040355
0.066145
0.036857
0.034918
0.054305
0.000024
0.000013
0.000013
0.000009
0.000009
0.000007
0.000007
0.000005
0.000005
0.000004
0.000004
0.000003
0.000003
0.000003
0.000003
0.000002
0.000002
0.000002
0.000002
0.000002
0.000002
0.000002
0.000002
0.000001
0.000001
0.000001
0.000001
0.000001
0.000001
0.000001
0.000001
0.000001
0.000001
0.000001
0.000001
0.000000
0.000000
0.000000
0.000000
0.000000
0.000000
0.000000
0.000000
0.000000
0.000000
0.000000
0.000000
0.000000
0.000000
0.091444
0.003928
