0.000000
0.018395
0.034928
0.081836
0.063484
0.032289
0.082026
0.036250
0.060170
0.180186
0.021969
0.040363
0.066130
0.036862
0.034913
0.054305
0.000024
0.000013
0.000013
0.000009
0.000009
0.000007
0.000007
0.000005
0.000005
0.000004
0.000004
0.000004
0.000004
0.000003
0.000003
0.000003
0.000003
0.000002
0.000002
0.000002
0.000002
0.000002
0.000002
0.000001
0.000001
0.000001
0.000001
0.000001
0.000001
0.000001
0.000001
0.000001
0.000001
0.000001
0.000001
0.000001
0.000001
0.000001
0.000001
0.000000
0.000000
0.000000
0.000000
0.000000
0.000000
0.000000
0.000000
0.000000
0.000000
0.000000
0.000000
0.000000
0.000000
0.091444
0.003928
