0.000000
0.155202
0.036331
0.002362
0.123390
0.035232
0.065307
0.031997
0.130298
0.016314
0.002117
0.000011
0.024920
0.007847
0.021892
0.000000
0.006020
0.016001
0.107304
0.000140
0.004779
0.000079
0.006059
0.000031
0.038148
0.032680
0.144870
0.019755
0.036532
0.004986
0.024921
0.000040
0.001174
0.000032
0.000676
0.000012
0.000473
0.000016
0.002254
0.000000
0.055232
0.004433
0.015114
0.000213
0.000363
0.000018
0.002734
0.000018
0.000491
0.000146
0.001612
0.000064
0.000168
0.000176
0.000758
0.000084
0.000389
0.000053
0.000607
0.000119
0.011203
0.000146
0.004440
0.047616
0.000993
0.000107
0.000928
0.000078
0.012203
