0.075192
0.000610
0.002606
0.000167
0.000449
0.000388
0.008081
0.081108
0.071459
0.045079
0.190991
0.001015
0.003774
0.000090
0.194759
0.048757
0.079347
0.042991
0.000202
0.000202
0.000245
0.000241
0.000241
0.000217
0.000217
0.052284
0.069864
0.026988
0.180788
0.000987
0.030903
0.000623
0.019687
0.000979
0.164510
0.000597
0.003943
0.000354
0.110339
0.011606
0.197275
0.015360
0.000000
0.000000
0.147227
0.000849
0.034946
0.000277
0.004940
0.000968
0.110621
0.025532
0.108025
0.035826
0.080557
0.027230
0.075183
0.000001
0.000914
0.000001
0.013597
0.000134
0.000188
0.000120
0.001291
0.000134
0.002331
0.000093
0.002225
0.000017
0.020648
0.008180
0.079478
0.000000
0.001839
