0.000000
0.034142
0.067736
0.070244
0.047786
0.176460
0.027906
0.066015
0.108177
0.093227
0.205733
0.035375
0.148776
0.006810
0.104799
0.021849
0.143236
0.024772
0.192195
0.009879
0.161041
0.004086
0.253873
0.007974
0.149298
0.006556
0.034783
0.014331
0.041907
0.029710
0.049833
0.013941
0.214348
0.002451
0.308934
0.005350
0.056967
0.003438
0.196729
0.004048
0.184565
0.005861
0.060978
0.005600
0.173779
0.003554
0.183667
0.017072
0.051344
0.030634
0.050509
0.017165
0.195025
0.003027
0.191639
0.002568
0.103304
0.000009
0.099330
0.002195
0.099341
0.000011
0.095519
0.009100
0.058674
0.010987
0.119071
0.000208
0.059447
0.026668
0.033757
0.065502
0.013983
0.043344
0.000000
0.052767
0.002805
