0.000000
0.034140
0.067735
0.070247
0.047784
0.176459
0.027907
0.066011
0.108178
0.093230
0.205731
0.035375
0.148778
0.006811
0.104795
0.021849
0.143237
0.024773
0.192195
0.009880
0.161042
0.004087
0.253871
0.007974
0.149298
0.006556
0.034782
0.014330
0.041908
0.029709
0.049834
0.013939
0.214352
0.002451
0.308932
0.005349
0.056965
0.003437
0.196730
0.004047
0.184561
0.005860
0.060978
0.005600
0.173789
0.003554
0.183676
0.017067
0.051350
0.030623
0.050515
0.017157
0.195034
0.003025
0.191647
0.002565
0.103292
0.000013
0.099318
0.002193
0.099326
0.000016
0.095505
0.009081
0.058699
0.010953
0.119028
0.000260
0.059404
0.026728
0.033731
0.065534
0.013968
0.043337
0.000000
0.052758
0.002802
