0.106416
0.021099
0.441724
0.018786
0.233476
0.010060
0.331305
0.011311
0.081980
0.031692
171.568999
0.000289
0.536953
0.000369
0.532605
0.000493
0.535904
0.000148
0.247367
0.000378
0.538450
0.000337
0.776060
0.000484
0.788558
0.000368
0.537923
0.000612
0.791890
0.000554
0.539212
0.000539
0.795635
0.000611
0.538817
0.000495
0.539264
0.000530
0.534752
0.000486
0.546337
0.000479
0.539480
0.000389
0.810399
0.000315
16.203050
0.000192
0.835413
0.000248
0.556157
0.000360
0.581085
0.000412
0.565973
0.000418
0.840202
0.000512
0.553308
0.000284
0.300448
0.000359
0.554988
0.000397
0.586978
0.000421
0.230163
0.000140
0.610258
0.000326
1.189201
0.000322
0.840338
0.000000
1.200483
0.000359
0.831967
0.000331
19.099858
0.000149
14.109524
