0.000000
0.006689
0.021296
0.148067
0.074093
0.089893
0.062070
0.019290
0.099612
0.136221
0.091792
0.001180
0.121056
0.018232
0.100727
0.011131
0.165283
0.010622
0.122313
0.016043
0.160396
0.000136
0.034310
0.004403
0.148800
0.011337
0.056667
0.000096
0.005773
0.000075
0.144250
0.000435
0.001817
0.000066
0.000904
0.000000
0.001401
0.000014
0.001743
0.000084
0.071926
0.017699
0.065590
0.009052
0.099674
0.000255
0.019049
0.000087
0.069437
0.004964
0.099011
0.023696
0.044395
0.071967
0.032180
0.056520
0.160493
0.063125
0.023932
0.091812
0.033294
0.027911
0.118656
0.034189
0.029186
0.081275
0.007958
