0.063467
0.131810
0.005975
0.109037
0.043944
0.023364
0.336172
0.012343
0.319899
0.026054
0.048347
0.044889
0.478850
0.010840
0.378650
0.003790
0.379032
0.002119
0.372000
0.003350
0.139368
0.002022
0.385854
0.000771
0.362871
0.000533
0.387319
0.000213
0.373765
0.000307
152.042181
0.000019
0.498837
0.000000
12.221498
0.000016
7.552690
0.000004
119.995677
0.000030
0.193077
0.000036
0.797352
0.000033
0.189873
0.000032
0.780917
0.000044
0.439232
0.000028
0.547109
0.000028
0.453111
0.000026
0.544006
0.000017
0.446875
0.000030
0.369947
