0.000000
0.006066
0.100710
0.024058
0.415343
0.026685
0.255614
0.008102
0.424661
0.015702
0.261951
0.010381
0.396938
0.000000
0.063149
0.002086
0.417027
0.002772
0.430145
0.003345
0.118295
0.001305
0.298179
0.000021
0.055458
0.000995
0.197906
0.000121
0.205853
0.000830
0.400027
0.000221
0.062970
0.000048
0.231746
0.000077
0.063469
0.000419
0.330349
0.000019
0.070784
0.001480
0.128760
0.001641
0.194366
0.000026
0.186893
0.001943
0.125759
0.002320
0.125871
0.000826
0.067147
0.000019
0.295357
0.000041
0.090881
0.000034
0.405767
0.000016
0.204455
0.000054
0.167912
0.000023
0.221320
0.000079
0.158430
0.000066
0.147501
0.000058
0.045405
0.000099
0.116880
0.000103
0.006716
