0.000000
0.008544
0.000000
0.000000
0.056758
0.075614
0.276033
0.002700
0.013353
0.000057
0.017600
0.000923
0.234481
0.004043
0.017708
0.000024
0.004859
0.000329
0.266276
0.003606
0.024165
0.021779
0.028671
0.000126
0.000525
0.000197
0.219786
0.012897
0.202972
0.000556
0.211237
0.012321
0.246992
0.000011
0.000005
0.012738
0.263449
0.002932
0.041757
0.000447
0.076705
0.007293
0.296082
0.000724
0.032173
0.011143
0.037721
0.000087
0.030984
0.001162
0.040802
0.010968
0.029906
0.000121
0.139731
0.002503
0.017813
0.000000
0.009673
