0.000000
0.008658
0.000000
0.000000
0.056587
0.075364
0.276054
0.002699
0.013356
0.000109
0.017603
0.000875
0.234493
0.003990
0.017675
0.000066
0.004826
0.000359
0.266246
0.003641
0.024133
0.021681
0.026395
0.000061
0.000475
0.000012
0.001742
0.000187
0.000498
0.000258
0.219759
0.012885
0.202950
0.000606
0.211217
0.012244
0.247018
0.000055
0.000030
0.012782
0.263433
0.002909
0.041734
0.000467
0.076682
0.007297
0.296067
0.000774
0.032157
0.011106
0.036968
0.000024
0.000732
0.000145
0.030970
0.001202
0.040789
0.010901
0.027531
0.000038
0.002323
0.000174
0.139701
0.002522
0.017813
0.000000
0.009673
