0.032795
0.016540
0.078938
0.053954
0.034213
0.043489
0.126820
0.024011
0.052390
0.059576
0.046295
0.042702
0.305858
0.030711
0.035627
0.088198
0.018665
0.044333
0.211830
0.001224
0.001249
0.000000
0.000344
0.000169
0.001416
0.000653
0.003025
0.000460
0.003444
0.000292
0.003882
0.000203
0.004835
0.000141
0.005027
0.000162
0.004155
0.000191
0.003419
0.000258
0.001728
0.000068
0.001661
0.000353
0.002990
0.000470
0.002787
0.000560
0.001287
0.000145
0.001338
0.000652
0.001284
0.000308
0.001327
0.000822
0.001248
0.000586
0.001249
0.014094
0.024110
