0.085486
0.006640
0.190395
0.000016
0.000000
0.000000
0.025378
0.016679
0.025319
0.000002
0.000505
0.000005
0.001611
0.000034
0.000389
0.000029
0.000135
0.000032
0.027978
0.019439
0.034305
0.000035
0.003033
0.000003
0.003154
0.000004
0.309462
0.002596
0.044499
0.000023
0.028707
0.000001
0.341693
0.002052
0.028487
0.000002
0.019940
0.000014
0.004111
0.000007
0.394201
0.005662
0.209584
0.035021
0.015120
0.071036
0.024492
0.000001
0.018580
0.031295
0.092871
0.007695
0.136734
0.000001
0.002735
0.000003
0.001120
0.000003
0.009769
0.000271
0.114051
0.000000
0.003323
