0.085445
0.006575
0.186607
0.000002
0.001463
0.000000
0.002268
0.000105
0.025322
0.016582
0.025274
0.000061
0.000140
0.000058
0.000277
0.000064
0.001567
0.000092
0.000345
0.000088
0.000091
0.000090
0.027934
0.019321
0.034282
0.000101
0.003010
0.000068
0.003132
0.000066
0.309439
0.002557
0.044473
0.000058
0.370371
0.002019
0.028452
0.000059
0.019906
0.000003
0.398245
0.005676
0.209588
0.035002
0.015143
0.071078
0.024483
0.000086
0.000720
0.000080
0.017842
0.031348
0.092869
0.000055
0.000006
0.007761
0.104561
0.000002
0.015140
0.000002
0.007013
0.000001
0.010019
0.000014
0.002735
0.000012
0.001120
0.000010
0.009770
0.000288
0.114051
0.000000
0.003323
