3.119982648106092427e+01
1.948908489385887037e+02
3.102310969498716631e+01
3.442563011255104470e+02
5.049672274768411739e+01
4.324911564071587122e+02
1.136692364973033875e+02
4.719783554220573052e+01
4.185848740170781213e+01
4.738783901914563899e+02
2.361659192858616052e+01
1.411557769634692363e+02
3.595664142009810860e+01
6.834406873324160188e+02
2.433853100147892690e+01
4.603756091205023608e+02
8.588564027808530454e+00
3.150420439885043038e+02
1.000000000000000021e-03
3.698319646821572064e+02
1.881354212361305756e+01
5.072952375273953862e+02
1.180849012363974637e+01
1.604184063522156748e+03
5.739817317328456348e+00
3.751054939492656217e+02
