0.050215
0.004034
0.113391
0.009864
0.113131
0.028056
0.445326
0.020305
0.262562
0.025163
0.030658
0.105537
117.991545
0.000029
37.919122
0.000000
0.758382
0.000047
1.510030
0.000048
0.485662
0.000055
0.754170
0.000054
0.528321
0.000070
0.742649
0.000084
0.757016
0.000070
0.532417
0.000077
0.755108
0.000090
0.763778
0.000067
0.522772
0.000085
0.493407
0.000073
0.533028
0.000064
0.762663
0.000094
0.771809
0.000071
0.539736
0.000081
0.764892
0.000079
0.787856
0.000059
0.507628
0.000053
0.801151
0.000046
1.924020
