0.000000
0.002650
0.081580
0.082146
0.252892
0.009480
0.277437
0.003004
0.025408
0.000334
0.301050
0.008439
0.248794
0.002748
0.007342
0.017122
0.018351
0.007304
0.014900
0.004139
0.374550
0.003636
0.245166
0.052133
0.057462
0.029640
0.067596
0.000510
0.035986
0.007691
0.180523
0.013020
0.168343
0.004243
0.154612
0.001038
0.013032
0.001242
0.035061
0.007289
0.104204
0.007960
0.377949
0.004963
0.034619
0.000519
0.030778
0.000888
0.093970
0.000073
0.205519
0.000010
0.003034
0.000020
0.001202
0.000011
0.001029
0.000000
0.002469
0.000114
0.018371
0.001338
0.326941
0.010276
0.090543
0.012779
0.092973
0.007192
0.045584
