0.000000
0.033905
0.124680
0.066429
0.165498
0.000031
0.000647
0.000000
0.000065
0.000002
0.000073
0.000003
0.000081
0.000005
0.000091
0.000008
0.000088
0.000010
0.000172
0.000016
0.000116
0.000019
0.000188
0.000027
0.001911
0.000042
0.000042
0.000118
0.000118
0.000186
0.000073
0.000073
0.000056
0.000056
0.000186
0.000287
0.003658
0.002003
0.165633
0.045435
0.071110
0.002813
0.002813
0.002881
0.000424
0.000424
0.000097
0.000031
0.000019
0.000019
0.000206
0.000047
0.000069
0.000059
0.000083
0.000074
0.000098
0.000092
0.000117
0.000142
0.000165
0.000389
0.000115
0.000115
0.000103
0.000103
0.000222
0.000158
0.000235
0.000176
0.000176
0.000217
0.000264
0.000241
0.000252
0.000356
0.000324
0.000324
0.000267
0.000267
0.000956
0.000956
0.000904
0.000904
0.001620
0.001568
0.002830
0.002945
0.004308
0.003006
0.094577
0.009415
0.000000
