0.000000
0.033772
0.124424
0.066930
0.168752
0.000063
0.000063
0.000131
0.000017
0.000017
0.000000
0.000000
0.000131
0.000232
0.003602
0.001947
0.165577
0.046301
0.071044
0.002747
0.002747
0.002815
0.000357
0.000357
0.000251
0.000008
0.000032
0.000026
0.000051
0.000076
0.000098
0.000323
0.000048
0.000048
0.000037
0.000037
0.000156
0.000092
0.000169
0.000110
0.000110
0.000151
0.000198
0.000175
0.000185
0.000290
0.000258
0.000258
0.000201
0.000201
0.000890
0.000890
0.000837
0.000837
0.001554
0.001502
0.002763
0.002878
0.004242
0.002940
0.094510
0.009340
0.000000
