0.000000
0.033891
0.124648
0.066482
0.165495
0.000028
0.000779
0.000000
0.000078
0.000002
0.000088
0.000004
0.000084
0.000007
0.000168
0.000012
0.000112
0.000016
0.000185
0.000023
0.001908
0.000039
0.000039
0.000115
0.000115
0.000183
0.000069
0.000069
0.000052
0.000052
0.000183
0.000284
0.003654
0.001999
0.165630
0.045522
0.071104
0.002808
0.002808
0.002876
0.000418
0.000418
0.000091
0.000026
0.000013
0.000013
0.000200
0.000041
0.000064
0.000054
0.000077
0.000069
0.000093
0.000087
0.000112
0.000137
0.000159
0.000384
0.000109
0.000109
0.000097
0.000097
0.000217
0.000153
0.000229
0.000170
0.000170
0.000212
0.000258
0.000235
0.000246
0.000350
0.000319
0.000319
0.000261
0.000261
0.000951
0.000951
0.000898
0.000898
0.001614
0.001563
0.002824
0.002939
0.004302
0.003000
0.094571
0.009405
0.000000
