0.109875
0.017036
0.438059
0.021635
0.240295
0.010811
0.334256
0.012905
0.067498
0.035964
0.481189
0.001998
0.342663
0.002703
0.402403
0.001672
0.379752
0.003280
0.127360
0.002546
0.370366
0.001079
0.390172
0.001276
0.137513
0.000900
121.472934
0.000106
0.439709
0.000104
0.450051
0.000150
0.435517
0.000204
0.443386
0.000194
0.450860
0.000243
0.438586
0.000263
0.451076
0.000248
0.447920
0.000299
0.443896
0.000293
0.449943
0.000300
0.447359
0.000301
0.450250
0.000281
0.233751
0.000042
0.207756
0.000263
0.480662
0.000229
0.182654
0.000228
0.247595
0.000075
0.220089
0.000174
0.461447
0.000253
0.187670
0.000000
0.247383
0.000219
0.464853
0.000170
0.446768
0.000185
0.435688
0.000104
0.470759
0.000078
0.424383
0.000058
3.901715
0.000022
5.838704
