0.000000
0.011977
0.067769
0.040096
0.192785
0.002131
0.200445
0.002689
0.059956
0.000697
0.292946
0.000454
0.045885
0.005617
0.190016
0.000333
0.015221
0.000000
0.002421
0.000026
0.000378
0.000090
0.000066
0.000066
0.002198
0.000034
0.000319
0.000017
0.000083
0.000009
0.000070
0.000002
0.000674
0.000049
0.161584
0.005499
0.308446
0.013715
0.265129
0.010671
0.082532
0.000885
0.164701
0.000556
0.035966
0.000466
0.166625
0.004300
0.150990
0.002212
0.062772
0.000461
0.154830
0.001378
0.137583
0.002885
0.072768
0.000470
0.075685
0.003251
0.158597
0.001481
0.269515
0.000762
0.001400
0.000852
0.111325
0.000142
0.012226
0.000462
0.015856
0.002218
0.141525
0.000954
0.000000
