0.000000
0.060484
0.145847
0.000123
0.001302
0.000120
0.001473
0.001220
0.000524
0.000017
0.000046
0.000010
0.000056
0.000019
0.000121
0.000005
0.000009
0.000019
0.000094
0.000002
0.000150
0.000000
0.000015
0.000021
0.000280
0.000023
0.007405
0.009858
0.223985
0.000154
0.000721
0.000084
0.000813
0.000145
0.002869
0.000347
0.009284
0.000616
0.004650
0.000830
0.004679
0.026980
0.109576
0.013929
0.001423
0.023305
0.028464
0.033061
0.010036
0.021115
0.116588
0.017448
0.046753
0.049276
0.000391
0.001369
0.034779
