1.688514212356335520e+02
6.903944294059363074e+01
3.899373166918889666e+01
5.458253492544427843e+01
1.000714137842264932e+02
1.000000000000000021e-03
2.573264925880110354e+02
1.772203688351187623e+01
3.927644536932144206e+02
6.091575793893826329e+01
5.225403194943734064e+01
1.392226003840036128e+02
5.513039194237600071e+01
2.040215783457620446e+01
4.647087415128495422e+02
1.406504295536610982e+01
2.710972570902898724e+02
5.421450111328525168e+00
1.712860024305006164e+02
1.491866695713682134e+02
