1.687158644964765983e+02
6.933996018537033024e+01
3.872984190562721096e+01
5.478273364581222893e+01
1.179596148946848189e+02
9.492979126824071774e-04
2.394937983072602208e+02
1.777749390444879651e+01
1.611751579483853334e+02
1.844498455767330097e-02
3.247239786801192452e+01
9.455817501995391261e-04
1.994734399597555239e+02
6.085941744795054120e+01
5.405954550564038641e+01
5.338865636322486452e+00
5.693650914520143394e-03
1.282878472798709026e+02
5.315557642208821676e+01
2.135383965146066387e+01
4.702785094552268106e+02
1.370627324046753159e+01
1.811179862260639197e+02
9.890800978029112064e-04
2.948430253055229500e+01
1.664064826889932389e-02
6.290159007620851384e+01
5.771207146677938660e+00
1.688813173796757496e+02
3.641346166632497017e+01
9.980740502741904628e-04
1.803327570322112994e+00
9.991299221026239338e-04
5.132555472545724307e+00
3.639496384334011542e-02
1.021923275206491288e+00
3.420035284305373430e-02
1.880910356237950554e+00
1.000000000000000021e-03
4.388790831221884403e+00
1.637873077867075741e-02
9.782918390958147370e+01
1.006328468979728876e-03
9.782819244012679327e-01
1.008928407307874576e-03
9.774571933576281513e-03
1.005748930848353361e-03
9.146402149383395176e-05
9.999933341685971096e-04
3.883067962313869932e-07
1.001480507214627625e-03
