1.687158654406042331e+02
6.933999529056345068e+01
3.872987478743995382e+01
5.478274194811750419e+01
1.179596364628563379e+02
9.782166060743357518e-04
2.394938198750920719e+02
1.777651406039388959e+01
1.611751784627759321e+02
1.847924561353153639e-02
3.247241837962128841e+01
9.857565818212471725e-04
1.994734604711754855e+02
6.085943956715168923e+01
5.405955765855559747e+01
5.338888228671362590e+00
5.705999518307407203e-03
1.282878698719981116e+02
5.315560127585396799e+01
2.135387649292168533e+01
4.702785260803302094e+02
1.370631203361662820e+01
1.811180029614255886e+02
9.938313259496278900e-04
2.948431926589758589e+01
1.665031072997010669e-02
6.290160680623633027e+01
5.771249258268430715e+00
1.688813312259204906e+02
3.641347171703848318e+01
9.971045410419637940e-04
6.935897303778735257e+00
3.639425471126226524e-02
1.021933319236057791e+00
3.419985971954370846e-02
6.269711223431555958e+00
1.638066420560679165e-02
9.782919393667378927e+01
1.000000000000000021e-03
9.881736761280137671e-01
