0.000000
0.111311
0.071906
0.000084
0.000111
0.000081
0.001154
0.000130
0.001372
0.000805
0.150226
0.010033
0.155214
0.011092
0.148361
0.003340
0.039762
0.008034
0.169102
0.061110
0.032172
0.000227
0.104547
0.000067
0.000440
0.027916
0.164501
0.005334
0.098060
0.000081
0.020950
0.000289
0.048962
0.001463
0.109537
0.000000
0.000000
0.007832
0.105529
0.010816
0.097732
0.000055
0.001958
0.000483
0.008570
0.002730
0.006734
0.000942
0.017333
0.000215
0.012804
0.001424
0.115548
0.003725
0.030140
0.000686
0.072719
0.003607
0.092051
0.029763
0.030680
0.069253
0.012707
