1.000000000000000000e+00
1.256410256410256387e+00
1.512820512820512775e+00
1.769230769230769162e+00
2.025641025641025550e+00
2.282051282051281937e+00
2.538461538461538325e+00
2.794871794871794712e+00
3.051282051282051100e+00
3.307692307692307487e+00
3.564102564102563875e+00
3.820512820512820262e+00
4.076923076923076650e+00
4.333333333333333037e+00
4.589743589743589425e+00
4.846153846153845812e+00
5.102564102564102200e+00
5.358974358974358587e+00
5.615384615384614975e+00
5.871794871794871362e+00
6.128205128205127750e+00
6.384615384615384137e+00
6.641025641025640525e+00
6.897435897435896912e+00
7.153846153846153300e+00
7.410256410256409687e+00
7.666666666666666075e+00
7.923076923076922462e+00
8.179487179487178850e+00
8.435897435897434349e+00
8.692307692307691624e+00
8.948717948717948900e+00
9.205128205128204399e+00
9.461538461538459899e+00
9.717948717948717174e+00
9.974358974358974450e+00
1.023076923076922995e+01
1.048717948717948545e+01
1.074358974358974272e+01
1.100000000000000000e+01
