2.918149090345442892e+04
2.918149090345442892e+04
2.933274342892046843e+04
2.930490995262594151e+04
2.928075710681091732e+04
2.934334075279358876e+04
2.940720986051165528e+04
2.941193148787586688e+04
2.940684376477008118e+04
2.935767381254903376e+04
2.931165148965709159e+04
2.928726227444966207e+04
2.927117836471518967e+04
2.925309828155960349e+04
2.924685719668237289e+04
2.925968470356375838e+04
2.931576665430624416e+04
2.929631769441204597e+04
2.931524451251310893e+04
2.931073718006682611e+04
2.935419251670818630e+04
2.935392580817338603e+04
2.935477266975328530e+04
2.934793309965121807e+04
2.936755732476387129e+04
2.936625583858013852e+04
2.936102579945320758e+04
2.938096068402772653e+04
2.940493799666877021e+04
2.940247022027018102e+04
2.940338051478972557e+04
2.939765932810227969e+04
2.938175799951187219e+04
2.937630673128926719e+04
2.938775897118169087e+04
2.938910348777766922e+04
2.938714785746428970e+04
2.939276556208491820e+04
2.938468167688765243e+04
2.938734625403596146e+04
2.938790666457121188e+04
2.938760696810983427e+04
2.938909569683131849e+04
2.938597668977912690e+04
2.938466925489766436e+04
2.937662414211069699e+04
2.937013795355886759e+04
2.937514370701256485e+04
2.938110092198115308e+04
2.941494941827732691e+04
2.940987392698809344e+04
2.940688503990498066e+04
2.940197550493742892e+04
2.937103815847272199e+04
2.936908715952343846e+04
2.935203871465689735e+04
2.934521190065369956e+04
2.928098821144921385e+04
2.928341230135135993e+04
2.929983730148963514e+04
2.930268218775392234e+04
2.933241183995822939e+04
2.936032627112277987e+04
2.923041689388953819e+04
2.923692236482680164e+04
2.923533451534690539e+04
2.923263279885421071e+04
2.922777665864627124e+04
2.920978829248522743e+04
2.919835645569303597e+04
2.935183850147885823e+04
