5.909010430897259081e-01
5.909010430897259081e-01
3.352923776859276783e-01
2.274201439717938034e-01
1.113375348842207818e-01
8.011906417166587968e-02
6.269319724037118735e-02
4.426112197671901172e-02
2.909819930344510405e-02
2.561744724011824278e-02
2.160714443753334810e-02
1.679772424736362610e-02
1.502528468751965218e-02
1.181811505660721254e-02
9.920944359021386522e-03
7.535720150114277004e-03
5.988876431517294735e-03
4.140634230357843719e-03
3.638398430285548664e-03
2.904651461991081957e-03
2.387233678587021533e-03
2.263557070764565891e-03
2.037855939735736584e-03
1.976558146853059882e-03
1.905380073040829816e-03
1.624205713064301709e-03
1.345480773184115067e-03
1.307056392999789412e-03
1.272170786058948603e-03
1.248302847361360728e-03
1.233794277815465591e-03
1.230981638932436822e-03
1.226725217495262159e-03
1.147225764206805240e-03
1.146118278639260543e-03
1.121271457923493685e-03
1.117424362515819988e-03
1.116775251640097404e-03
1.114378174779985043e-03
1.105913392256167253e-03
1.103751971213098480e-03
9.707482009683900516e-04
9.695979155486394996e-04
9.638109610091021061e-04
9.521641304444624417e-04
8.991387891726681418e-04
8.018992023942149005e-04
6.955538348571901203e-04
6.745375098364068261e-04
6.527780571566562696e-04
3.932351040105168589e-04
3.418432753600225303e-04
2.789254212573616387e-04
2.706996011384045758e-04
1.710571986815730508e-04
1.214524870318704151e-04
1.177419199382430241e-04
1.089470992931205860e-04
9.156680659332632052e-05
8.786053613242773505e-05
4.733630981130020581e-05
4.505459252134166940e-05
4.063079157137882010e-05
3.912746066911120836e-05
3.119559322292628234e-05
2.873704868453499648e-05
2.863233390854678776e-05
2.814878004787075400e-05
2.096399600499926325e-05
1.892618598358229601e-05
9.514841436778622233e-06
5.066280248687284671e-06
4.468039418601100198e-06
4.358451069663540333e-06
4.289186539564987844e-06
3.258724926004371777e-06
