5.909010430897259081e-01
5.909010430897259081e-01
4.039070317173303892e-01
1.949687489821196329e-01
1.654930869189341347e-01
1.225421174662648799e-01
6.473540440511083016e-02
5.736047331772612529e-02
4.289708164594643880e-02
3.286584976221176152e-02
2.899000294811747425e-02
2.386025883895630251e-02
2.163947920279177609e-02
1.751056829176709725e-02
1.420329766358389111e-02
1.202490653287238177e-02
9.513724329436911223e-03
8.182361616300740451e-03
6.712672375946631721e-03
5.854662787250650147e-03
5.158882882235871215e-03
4.482495019318838599e-03
3.725026496184849923e-03
3.345888112079318469e-03
3.065502225478709819e-03
2.867525568837960351e-03
2.280258658573183252e-03
2.201029274163990735e-03
1.895705342015374488e-03
1.794016254590317201e-03
1.745236677879336050e-03
1.735014487262448056e-03
1.603413955029669427e-03
1.583100965489477475e-03
1.080654678568291087e-03
3.119114157715815539e-04
2.336970325039344624e-04
2.094418524964578553e-04
1.483686464088507218e-04
1.456691776854140887e-04
1.091358139308505929e-04
9.842028802809875008e-05
9.776488595280160784e-05
9.772465086634932988e-05
9.700115491484907120e-05
8.787825802981592599e-05
8.290031661386064032e-05
7.502259068869569769e-05
7.268186150509956271e-05
5.780964951843248217e-05
4.457829441625984411e-05
4.132883217316483124e-05
3.841652818386346029e-05
3.398398169488733742e-05
3.274126158083408457e-05
2.806286282384742067e-05
2.752870933315973626e-05
2.669188379228215160e-05
2.580302656419706679e-05
2.550418462810785466e-05
2.519204699015037624e-05
2.459935154283251235e-05
2.291317446664111477e-05
2.274352968433353332e-05
2.260404120694657255e-05
2.216220444296022703e-05
1.800125477535232746e-05
1.712867869495415891e-05
1.549730564793350452e-05
1.535161811517624667e-05
1.500763044154423719e-05
