5.909010430897259081e-01
5.909010430897259081e-01
4.289388101545430487e-01
1.624358971658470541e-01
1.228945387608621903e-01
1.046243572853860632e-01
8.809051836845259442e-02
7.467800844513386438e-02
6.760892513755176192e-02
3.344135857863581723e-02
2.648936892243524896e-02
1.986436533685985092e-02
1.696287635761043258e-02
1.421091601454635076e-02
1.055716660240014169e-02
9.362701630337276482e-03
8.074787780580194169e-03
5.490318122379662935e-03
5.120533282114952088e-03
4.086657459949319567e-03
3.604297371687028607e-03
3.067506384948644801e-03
2.374406028377588820e-03
2.129602072919733590e-03
1.682021700484097717e-03
1.363666479744870489e-03
1.152573882620246907e-03
8.918842399049580014e-04
7.772827976372308038e-04
6.972363183362777521e-04
6.495488475545735168e-04
5.378641533309032980e-04
4.995634092207345157e-04
4.571112862802927741e-04
3.722066038506404773e-04
3.328210342617243887e-04
3.068678993826162889e-04
2.593044977654121908e-04
2.154551282623762547e-04
1.980038869681722570e-04
1.624171375994299109e-04
1.401261873652347026e-04
1.234471480642620762e-04
1.116400653274984920e-04
1.038444873797162739e-04
1.002122197162783426e-04
9.558413792106775332e-05
9.290411852213929084e-05
7.945257666797469510e-05
7.493702712407045012e-05
6.928405925648021180e-05
6.207624908542017030e-05
6.052791245718810661e-05
6.038109333561506487e-05
3.275974619777196435e-05
2.710084593540644206e-05
2.409820087467876004e-05
2.366687978102124165e-05
2.165547078385783602e-05
2.105358790567533086e-05
2.033046997690619135e-05
1.122128575693202088e-05
7.897802574608843286e-06
7.633332360621376494e-06
6.764638139161658741e-06
6.604422981076249974e-06
6.311347866421845939e-06
6.010404532079569437e-06
4.646869791524944151e-06
4.210710091558855030e-06
3.553889346479874312e-06
2.840644051923182250e-06
2.424917966218176647e-06
2.303429856214561208e-06
2.065390554824791125e-06
1.541583994046265098e-06
