0.107475
0.020123
0.439653
0.019269
0.235149
0.010210
0.335466
0.012695
0.073663
0.035160
356.190631
0.000337
0.764796
0.000232
0.329706
0.000267
0.483747
0.000266
0.573547
0.000000
0.509820
0.000479
1.087446
0.000407
0.505317
0.000321
0.592673
0.000336
0.481453
0.000484
1.094840
0.000528
0.516059
0.000188
0.586605
0.000460
0.475633
0.000449
0.351809
0.000271
0.758022
0.000432
1.102982
0.000482
0.467929
0.000230
0.354983
0.000396
0.781446
0.000369
1.088909
0.000406
0.805549
0.000336
0.817869
0.000321
1.086896
0.000268
0.342867
0.000209
0.419931
0.000285
0.386673
0.000295
0.467059
0.000231
1.107248
0.000205
0.724757
0.000341
0.402912
0.000573
0.407503
0.000349
0.726776
0.000250
0.421722
0.000386
0.403127
0.000577
0.369036
0.001776
0.124941
0.001991
0.396547
0.000653
1.160955
0.000259
0.414242
0.000333
0.369051
0.000231
0.377492
0.000230
0.398940
0.000353
137.740305
