0.100477
0.159218
0.146771
0.074250
0.055218
0.001687
0.010738
0.055039
0.153756
0.004399
0.009751
0.004875
0.148009
0.059582
0.050062
0.022074
0.097837
0.048128
0.073269
0.040095
0.082276
0.036499
0.081615
0.048443
0.078233
0.021363
0.006479
0.004265
0.008210
0.003333
0.102291
0.001231
0.012911
0.001185
0.012872
0.001124
0.014049
0.001007
0.015486
0.000823
0.019195
0.000730
0.017716
0.000000
0.018424
0.001294
0.015179
0.078812
0.028280
0.002144
0.010149
0.023947
0.229870
0.000258
0.068423
0.028289
0.030278
0.041984
0.007814
0.005486
0.006748
0.005455
0.006688
0.004962
0.007375
0.004284
0.008577
0.003645
0.009457
0.003338
0.009021
0.003535
0.007567
0.004593
0.027274
