0.100475
0.159216
0.146771
0.074266
0.056398
0.001823
0.009556
0.054878
0.147767
0.000000
0.006031
0.004397
0.009746
0.004871
0.148017
0.059580
0.050071
0.022072
0.097838
0.048119
0.073282
0.040092
0.082274
0.036499
0.081625
0.048431
0.078242
0.021378
0.006482
0.004260
0.008217
0.003330
0.101692
0.001160
0.012122
0.001117
0.011975
0.001059
0.012718
0.000990
0.014626
0.000898
0.019305
0.000642
0.021846
0.000521
0.021493
0.001130
0.012292
0.078701
0.028343
0.002146
0.010106
0.023931
0.229834
0.000259
0.068424
0.028257
0.030267
0.041751
0.007073
0.004871
0.006117
0.004933
0.005919
0.004607
0.006292
0.004100
0.007124
0.003545
0.008102
0.003115
0.008468
0.002984
0.007846
0.003237
0.006599
0.004192
0.027274
