0.100477
0.159219
0.146749
0.074284
0.056749
0.001861
0.009176
0.054863
0.151940
0.002885
0.006745
0.003118
0.006290
0.003307
0.146458
0.059603
0.050096
0.022062
0.097826
0.048114
0.073289
0.040093
0.082271
0.036496
0.081635
0.048428
0.078241
0.021413
0.006468
0.004244
0.008193
0.003324
0.100215
0.000916
0.009689
0.000896
0.009422
0.000864
0.009609
0.000832
0.010322
0.000787
0.011462
0.000726
0.013946
0.000551
0.013236
0.000368
0.015965
0.000301
0.013166
0.000465
0.011354
0.000949
0.009655
0.078566
0.013903
0.000000
0.014459
0.002148
0.010098
0.023925
0.229772
0.000251
0.068461
0.028218
0.030269
0.041405
0.005943
0.003959
0.005189
0.004099
0.004890
0.003970
0.004950
0.003687
0.005306
0.003326
0.005906
0.002948
0.006587
0.002635
0.006985
0.002474
0.006814
0.002511
0.006163
0.002793
0.005234
0.003578
0.027274
