0.100477
0.159219
0.146751
0.074279
0.056571
0.001850
0.009348
0.054891
0.151890
0.002886
0.006749
0.003120
0.006298
0.003311
0.146455
0.059602
0.050085
0.022066
0.097826
0.048121
0.073277
0.040095
0.082273
0.036497
0.081624
0.048437
0.078237
0.021397
0.006472
0.004251
0.008199
0.003323
0.101652
0.001140
0.011937
0.001099
0.011769
0.001042
0.012418
0.000977
0.014207
0.000899
0.008843
0.000000
0.009948
0.000677
0.023209
0.000552
0.022295
0.001154
0.011820
0.078666
0.028347
0.002151
0.010101
0.023931
0.229808
0.000254
0.068457
0.028257
0.030275
0.041751
0.007071
0.004867
0.006117
0.004929
0.005920
0.004604
0.006292
0.004098
0.007123
0.003543
0.008099
0.003115
0.008469
0.002985
0.007847
0.003238
0.006599
0.004193
0.027274
