0.085509
0.144882
0.099929
0.186969
0.094335
0.157037
0.099436
0.182667
0.093934
0.150894
0.084456
0.120621
0.056601
0.106033
0.076498
0.135106
0.078203
0.120398
0.051126
0.074135
0.101838
0.153357
0.000000
0.083649
0.069818
0.091702
0.044385
0.080438
0.096461
0.059223
0.039456
0.092805
0.058644
0.005904
0.055062
0.092391
0.040492
0.064126
0.160648
0.085023
0.056890
0.011493
0.232319
0.037694
0.077481
0.089855
0.045054
0.054511
0.093446
0.040661
0.279849
0.058168
0.447017
0.042776
0.479454
0.031207
0.294164
0.056639
0.033502
