0.000000
0.111603
0.056997
0.000645
0.000584
0.000603
0.013757
0.001790
0.130485
0.001178
0.035518
0.006130
0.149261
0.004738
0.027910
0.002115
0.329794
0.065796
0.137288
0.000008
0.002634
0.000000
0.000108
0.027629
0.151343
0.000675
0.027517
0.004301
0.245090
0.005977
0.125105
0.009424
0.096276
0.000015
0.001696
0.000017
0.017395
0.003746
0.135680
0.001002
0.021605
0.000335
0.003338
0.000421
0.085558
0.003344
0.116360
0.004597
0.198085
0.001528
0.030441
0.000148
0.108610
0.000513
0.049800
0.027901
0.032361
0.070719
0.011255
