0.000000
0.014770
0.039510
0.075899
0.194284
0.000184
0.066443
0.002121
0.040192
0.000329
0.030484
0.003546
0.201635
0.004418
0.297791
0.029901
0.215161
0.000177
0.034114
0.008405
0.415918
0.016037
0.248137
0.009668
0.339592
0.000454
0.028258
0.000481
0.001317
0.000064
0.033091
0.003562
0.158903
0.000046
0.054338
0.001126
0.128839
0.004640
0.283722
0.002258
0.008162
0.000687
0.061849
0.007457
0.052822
0.000126
0.002136
0.000397
0.003379
0.001018
0.002242
0.002987
0.054034
0.004860
0.065217
0.000000
0.001304
0.001150
0.027683
0.000295
0.071583
