0.000000
0.071767
0.173625
0.040072
0.093752
0.100423
0.052588
0.180307
0.014427
0.171214
0.040213
0.043446
0.147363
0.040756
0.110530
0.000000
0.020564
0.000304
0.126059
0.003458
0.044622
0.000204
0.183135
0.027919
0.139659
0.008201
0.146253
0.008111
0.139734
0.000323
0.097524
0.000055
0.086691
0.007092
0.147248
0.009314
0.101353
0.000094
0.038347
0.003321
0.149382
0.007361
0.109986
0.000096
0.138026
0.000161
0.047207
0.014235
0.060273
0.010683
0.139041
0.000098
0.047577
0.032988
0.030741
0.080932
0.010167
