0.000000
0.002590
0.082547
0.081787
0.252093
0.009508
0.275523
0.002847
0.019384
0.000427
0.310723
0.008651
0.244660
0.000452
0.004250
0.005870
0.009035
0.015722
0.016886
0.006752
0.022177
0.002739
0.366671
0.004200
0.245992
0.047759
0.063777
0.027305
0.071177
0.000381
0.035065
0.007201
0.183890
0.013027
0.131415
0.004190
0.043420
0.003267
0.160002
0.001355
0.205069
0.000081
0.006439
0.000327
0.001589
0.000103
0.000467
0.000237
0.002281
0.000000
0.114048
0.000404
0.044748
0.001096
0.223675
0.000234
0.198790
0.009925
0.082057
0.000017
0.025693
0.010017
0.336269
0.014782
0.085470
0.016651
0.086197
0.007580
0.003995
