8.016551871791793360e+01
1.009550415487364603e+02
8.155780690131986432e+01
1.538648283071096579e+01
3.531755688640704420e+02
7.882471677064215143e+00
2.931953358717536844e+02
7.205917305185737476e+00
2.947944666503034483e+01
5.690024036042761857e+00
1.344851594965226660e+01
1.000000000000000021e-03
2.106934165445521785e+02
3.243326655767902622e+01
2.948872115305591990e+01
1.512487879895346055e+02
4.765008509521715041e+01
4.612815875522738196e+01
7.251965282611006103e+01
4.808337230637935988e+01
3.469624154748522926e+01
7.578426752810372591e+01
5.959863481553547615e+01
2.413589307990966759e+01
9.261152247037718155e+01
3.269741432352611099e+01
4.095470353089105231e+01
1.437779702956328833e+02
1.140016373848743214e+01
2.851078930944308354e+01
5.335101087238048478e+01
1.493491723834591589e+01
1.022424000000203534e+02
