0.000000
0.001821
0.030308
0.076000
0.089314
0.065906
0.064983
0.136659
0.093485
0.026264
0.210573
0.037439
0.126120
0.000005
0.001176
0.000010
0.000213
0.000008
0.000087
0.000007
0.000019
0.000004
0.000050
0.000006
0.000101
0.000003
0.000041
0.000002
0.000051
0.000003
0.000097
0.000001
0.000005
0.000002
0.000000
0.000000
0.005719
0.005690
0.143353
0.015629
0.232700
0.006000
0.122776
0.011506
0.189989
0.009775
0.179629
0.011154
0.133252
0.004053
0.145763
0.005398
0.098966
0.034302
0.033053
0.092621
0.029959
0.049090
0.171202
0.029996
0.046260
0.022400
0.189903
0.005601
0.174016
0.003430
0.166434
0.029241
0.035981
0.072930
0.031344
0.046107
0.169285
0.026949
0.047137
0.024948
0.148483
0.026640
0.028759
0.068636
0.009801
