0.100478
0.159202
0.146884
0.074134
0.049871
0.001271
0.016158
0.055479
0.153797
0.004399
0.009899
0.004877
0.147823
0.059610
0.050121
0.022052
0.097810
0.048151
0.073236
0.040105
0.082298
0.036488
0.081603
0.048466
0.078457
0.022977
0.011682
0.005873
0.106340
0.001476
0.015661
0.001402
0.016004
0.001308
0.018947
0.001109
0.024690
0.000747
0.031625
0.001150
0.017864
0.078940
0.027111
0.002033
0.011303
0.024094
0.230192
0.000283
0.068114
0.028366
0.030256
0.042654
0.009923
0.007304
0.008676
0.006812
0.009404
0.005687
0.011401
0.004622
0.006573
0.000000
0.005843
0.004419
0.010611
0.005695
0.024974
