0.105986
0.020231
0.442169
0.018854
0.231430
0.010162
0.334584
0.011693
0.080003
0.033135
526.992810
0.000195
32.071688
0.000185
116.523928
0.000255
34.466148
0.000000
6.412307
0.000303
9.936190
0.000240
6.541735
0.000386
1.887872
0.000252
11.920887
0.000390
20.307582
0.000311
83.282249
0.000222
2.342005
0.000271
40.990958
0.000256
40.798202
0.000301
676.237895
0.000382
0.771808
0.000176
7.212846
0.000585
0.581861
0.000330
0.778869
0.000219
2.924600
0.000333
0.561415
0.000159
4.842355
0.000201
9.140904
0.000524
0.581173
0.000325
4.322347
0.000380
3.394674
0.000268
25.527086
0.000255
7.727138
0.000321
8.075978
0.000180
4.665381
0.000378
28.715758
0.000327
0.561258
0.000275
140.771196
0.000325
50.047466
0.000290
194.353486
