0.106236
0.019969
0.441534
0.019155
0.232470
0.010015
0.334024
0.011687
0.079457
0.033318
526.982004
0.000206
32.085306
0.000164
116.513640
0.000268
19.082564
0.000000
7.951068
0.000269
7.438678
0.000390
0.501752
0.000460
4.056877
0.000268
1.848882
0.000278
9.946896
0.000258
6.535428
0.000388
1.897249
0.000320
2.697382
0.000290
3.829114
0.000302
5.379007
0.000470
20.311498
0.000374
83.284979
0.000280
2.343866
0.000237
40.995973
0.000231
40.796052
0.000282
676.230284
0.000302
0.783026
0.000187
7.196768
0.000526
0.595200
0.000285
0.771106
0.000167
2.928429
0.000305
0.556337
0.000210
4.839718
0.000223
9.146689
0.000541
0.568021
0.000399
4.328972
0.000302
3.388891
0.000312
1.491055
0.000317
24.041969
0.000255
7.721552
0.000344
8.095496
0.000277
4.646361
0.000426
28.718558
0.000417
0.566441
0.000319
140.761489
0.000335
21.624112
0.000464
1.681232
0.000346
25.680579
0.000337
1.070384
0.000305
194.353486
