0.000000
0.010630
0.055411
0.083896
0.084899
0.039129
0.045411
0.000091
0.002795
0.000156
0.008900
0.000132
0.000603
0.000014
0.000490
0.000628
0.184758
0.006354
0.120650
0.068572
0.029666
0.003515
0.028739
0.071140
0.154839
0.008112
0.205044
0.007892
0.259210
0.003742
0.039899
0.006376
0.027409
0.004636
0.123029
0.000003
0.000296
0.037587
0.000000
0.000000
0.068823
0.034467
0.085551
0.042929
0.105996
0.029068
0.077356
0.017394
0.008135
0.010771
0.052788
0.000217
0.000217
0.002825
0.001825
0.001410
0.054654
0.008491
0.008128
