0.089230
0.151992
0.096948
0.178622
0.101266
0.161958
0.107392
0.160795
0.091754
0.138965
0.080518
0.098774
0.058060
0.124973
0.080868
0.136934
0.071571
0.083220
0.051963
0.118409
0.155585
0.165225
0.169894
0.142313
0.000000
0.005809
0.002722
0.005630
0.008063
0.092949
0.070095
0.110444
0.051737
0.061861
0.108302
0.077482
0.027023
0.072806
0.084976
0.059216
0.044915
0.091672
0.048149
0.053822
0.065047
0.087896
0.024030
0.077100
0.223679
0.055104
0.200838
0.043069
0.053204
0.064167
0.201900
0.008246
0.667110
0.031723
0.035292
