0.018628
0.002547
0.396517
0.006870
0.311068
0.002585
0.499296
0.014875
0.276495
0.012177
0.173564
0.012438
0.291986
0.026766
0.095005
0.012424
0.481507
0.001070
0.283612
0.001898
0.533198
0.001121
0.407402
0.000527
0.269031
0.000448
146.164260
0.000027
0.501106
0.000032
0.205436
0.000057
0.512866
0.000061
0.471752
0.000058
0.509396
0.000043
0.199348
0.000044
0.525908
0.000063
0.738369
0.000054
0.499981
0.000048
0.739020
0.000071
0.501102
0.000065
0.493769
0.000066
78.902848
0.000041
70.196880
0.000022
40.172397
0.000029
1.101003
0.000037
0.770704
0.000029
2.878292
0.000039
1.587632
0.000037
0.786873
0.000028
13.461397
0.000028
1.139057
0.000044
1.906118
0.000000
0.408454
0.000032
0.349120
0.000039
0.404930
0.000036
0.417360
0.000035
0.739541
0.000039
58.782489
