0.019841
0.002463
0.395711
0.006871
0.311096
0.002564
0.499340
0.014849
0.276447
0.012190
0.173634
0.012422
0.291994
0.026755
0.095086
0.012401
0.482065
0.001074
0.283301
0.001892
0.533290
0.001132
0.406727
0.000536
0.270251
0.000444
146.158406
0.000025
0.507612
0.000037
0.203586
0.000054
0.510880
0.000059
0.473554
0.000062
0.510057
0.000045
0.196569
0.000044
0.527937
0.000062
0.742583
0.000050
0.496643
0.000046
0.739391
0.000074
0.500537
0.000064
0.491239
0.000064
78.907685
0.000037
70.194834
0.000020
40.173200
0.000031
1.102543
0.000037
0.769050
0.000028
2.880539
0.000039
1.584757
0.000037
0.787280
0.000028
14.597230
0.000037
2.665278
0.000000
0.424021
0.000035
0.400307
0.000037
0.737379
0.000036
58.782489
