0.018719
0.002591
0.396174
0.006836
0.311701
0.002566
0.499021
0.014824
0.276380
0.012177
0.173817
0.012370
0.291926
0.026752
0.095080
0.012336
0.481553
0.001049
0.283170
0.001884
0.533250
0.001114
0.407909
0.000536
0.271055
0.000451
146.148577
0.000027
0.515782
0.000033
0.211263
0.000048
0.501915
0.000052
0.474155
0.000066
0.500928
0.000049
0.209673
0.000034
0.526266
0.000061
0.745590
0.000046
0.494234
0.000049
0.739228
0.000070
0.499194
0.000057
0.483484
0.000049
78.912890
0.000033
70.201358
0.000024
40.183772
0.000031
4.744050
0.000030
1.580209
0.000000
0.790104
0.000032
17.685371
0.000037
0.392508
0.000032
0.739845
0.000039
58.782489
