0.000000
0.099800
0.072324
0.004811
0.001543
0.000518
0.004756
0.003973
0.044760
0.013123
0.133195
0.000663
0.024476
0.011460
0.164881
0.004454
0.028245
0.002114
0.150713
0.009579
0.121431
0.031035
0.134437
0.000024
0.002680
0.036082
0.233133
0.001706
0.029184
0.001258
0.120461
0.002348
0.000845
0.002167
0.039247
0.004750
0.002104
0.004508
0.142245
0.007849
0.097877
0.009852
0.000004
0.000890
0.111009
0.002045
0.027639
0.000015
0.003168
0.000007
0.001522
0.000000
0.076103
0.002236
0.155808
0.002796
0.252990
0.001626
0.047103
0.003075
0.102738
0.005253
0.109531
0.001963
0.090903
0.000289
0.102324
0.004071
0.086427
0.005322
0.120884
0.001715
0.099788
0.001742
0.137364
0.020231
0.043134
0.068492
0.016307
