0.000000
0.002723
0.141813
0.000535
0.004632
0.015355
0.096259
0.088602
0.034362
0.022144
0.047129
0.000022
0.353453
0.003670
0.044516
0.000138
0.220571
0.000107
0.018763
0.003223
0.422706
0.012423
0.020598
0.000258
0.000703
0.000749
0.245019
0.000158
0.009895
0.016623
0.065182
0.000785
0.304267
0.000765
0.044557
0.000667
0.005373
0.000426
0.003370
0.000027
0.001399
0.000073
0.036073
0.001823
0.051814
0.000000
0.046057
0.000410
0.195858
0.000239
0.158615
0.002150
0.030906
0.000535
0.144811
0.003258
0.154361
0.000274
0.006780
0.000515
0.007437
0.000052
0.014885
0.000789
0.004110
