0.000000
0.046958
0.135831
0.035974
0.169149
0.002493
0.025928
0.001397
0.163442
0.064642
0.096290
0.001362
0.019096
0.003857
0.015696
0.000127
0.219175
0.026378
0.000051
0.000110
0.000000
0.000000
0.000002
0.000013
0.000004
0.000016
0.000006
0.000019
0.000008
0.000008
0.000011
0.000011
0.000013
0.000026
0.000016
0.000016
0.000019
0.000019
0.000022
0.000036
0.000026
0.000040
0.000030
0.000045
0.000034
0.000051
0.000039
0.000057
0.000044
0.000383
0.000058
0.000058
0.000111
0.000092
0.000092
0.000078
0.000078
0.000067
0.000067
0.000647
0.000136
0.000136
0.000174
0.017765
0.001589
0.072816
0.014054
0.035509
0.021126
