0.076987
0.138555
0.120008
0.134709
0.081474
0.204302
0.080600
0.120866
0.064398
0.084339
0.058726
0.113987
0.111044
0.110548
0.044238
0.069602
0.081027
0.134290
0.000000
0.001317
0.000000
0.000000
0.000000
0.000000
0.000000
0.000000
0.000000
0.000000
0.000000
0.000000
0.000000
0.000000
0.000000
0.000000
0.000000
0.000000
0.000000
0.000000
0.000000
0.000000
0.000000
0.000000
0.000000
0.000000
0.000000
0.001370
0.000005
0.068491
0.169111
0.077744
0.033852
0.057534
0.069245
0.104687
0.013608
0.074579
0.048256
0.042508
0.058609
0.191098
0.177839
0.091590
0.018244
0.055447
0.394753
0.050162
0.049856
0.011294
0.199374
0.025706
2.084175
0.009569
0.191696
0.036287
0.024332
