0.000000
0.156415
0.119523
0.008161
0.021932
0.000423
0.006928
0.000180
0.006520
0.000211
0.104460
0.007319
0.016828
0.006092
0.106623
0.002229
0.102486
0.026549
0.052207
0.006594
0.113658
0.000000
0.007104
0.000223
0.004675
0.000291
0.001862
0.008131
0.175586
0.044373
0.043446
0.018683
0.108542
0.014892
0.043870
0.000007
0.000873
0.000144
0.001568
0.000493
0.000514
0.000036
0.029251
0.003543
0.104758
0.000756
0.014830
0.000432
0.012151
0.000540
0.003121
0.000075
0.006893
0.000340
0.047845
0.042548
0.017573
