0.000000
0.008058
0.081656
0.017933
0.423234
0.025532
0.254224
0.005490
0.436712
0.015434
0.224342
0.009505
0.059397
0.007093
0.323982
0.008486
0.048522
0.010617
0.063424
0.018850
0.071154
0.006202
0.033996
0.004492
0.148514
0.001408
0.131291
0.000005
0.004700
0.000002
0.000114
0.000002
0.000103
0.000001
0.000086
0.000001
0.000078
0.000001
0.000001
0.000001
0.000071
0.000001
0.000064
0.000001
0.000000
0.000000
0.000058
0.000000
0.000053
0.000000
0.000000
0.000000
0.000048
0.000000
0.000044
0.000000
0.000000
0.000000
0.000040
0.000000
0.000036
0.000000
0.000033
0.000000
0.000328
0.000003
0.043822
0.002315
0.113760
0.001328
0.000000
