0.107658
0.020997
0.441046
0.018474
0.230695
0.009760
0.332745
0.011712
0.081666
0.033006
169.010805
0.000031
4.681746
0.000000
0.508885
0.000394
0.541664
0.000495
0.524954
0.000462
0.519948
0.000481
0.532317
0.000492
0.548288
0.000578
0.797521
0.000590
0.539134
0.000771
0.792824
0.000792
0.536465
0.000780
0.803146
0.000680
0.538760
0.000540
0.808363
0.000664
0.532421
0.000501
0.805990
0.000464
0.804652
0.000101
6.448942
0.000264
0.800072
0.000392
0.564324
0.000364
0.572703
0.000258
92.893181
0.000298
47.459052
0.000348
0.506267
0.000333
0.794535
0.000395
0.506557
0.000418
0.775399
0.000328
12.019603
0.000125
50.976246
