0.001857
0.063397
0.048578
0.117094
0.046212
0.071779
0.093097
0.022006
0.105999
0.047913
0.000000
0.042589
0.213735
0.035650
0.238454
0.026474
0.023424
0.026410
0.118478
0.016282
0.230509
0.003904
0.086938
0.005141
0.176962
0.007349
0.243502
0.005692
0.149752
0.000049
0.094935
0.001436
0.175037
0.002446
0.206824
0.002572
0.075893
0.003613
0.269487
0.002335
0.061745
0.000970
0.177210
0.001590
0.053644
0.002076
0.204084
0.001129
0.201145
0.002571
0.184923
0.017062
0.042137
0.052673
0.021458
0.092052
0.005958
