0.000000
0.055749
0.055828
0.000005
0.000005
0.000005
0.000005
0.000005
0.000005
0.000005
0.000005
0.000005
0.000005
0.000005
0.000005
0.000005
0.000005
0.000005
0.000005
0.000005
0.000005
0.000005
0.000005
0.000005
0.000005
0.000005
0.000005
0.000005
0.000005
0.000005
0.000005
0.000005
0.000005
0.000005
0.000005
0.000005
0.000005
0.000000
0.000000
0.000596
0.000596
0.000812
0.000812
0.000714
0.000714
0.000962
0.000962
0.000894
0.000894
0.001065
0.001065
0.001626
0.001626
0.001744
0.001744
0.001710
0.001710
0.002509
0.002509
0.024457
0.019068
