0.104268
0.020529
0.442936
0.020414
0.234924
0.010273
0.328502
0.011616
0.082026
0.030920
101.558358
0.000175
80.154257
0.000120
11.140051
0.000313
0.824210
0.000366
0.550419
0.000431
0.833381
0.000364
0.558121
0.000446
0.575516
0.000431
0.558125
0.000498
0.567133
0.000389
0.563376
0.000519
0.558390
0.000454
0.840644
0.000557
0.575893
0.000549
0.578802
0.000577
0.838202
0.000571
0.568032
0.000541
0.303057
0.000262
0.545650
0.000515
0.586727
0.000651
0.585496
0.000542
0.837575
0.000612
0.588203
0.000619
0.595871
0.000397
0.837226
0.000507
0.594669
0.000496
0.849837
0.000379
0.582930
0.000527
0.624765
0.000000
0.823554
0.000356
0.607737
0.000371
1.455155
0.000376
23.119141
