0.106391
0.020606
0.440861
0.019103
0.233154
0.010146
0.333219
0.011479
0.080374
0.032805
969.143968
0.000332
32.300420
0.000306
8.262695
0.000254
15.119165
0.000362
2.873901
0.000335
0.248612
0.000143
17.326282
0.000403
2.951800
0.000283
1.127517
0.000276
1.787110
0.000324
12.773954
0.000000
0.798372
0.000258
15.250070
0.000342
4.018818
0.000353
1.617715
0.000339
5.357922
0.000333
4.902329
0.000270
38.173567
0.000121
2.749417
0.000276
0.561356
0.000316
0.649033
0.000298
2.679572
0.000344
2.425064
0.000281
3.442658
0.000250
36.844685
0.000248
35.686858
0.000394
2.821493
0.000434
4.030307
0.000429
6.626409
0.000335
0.520406
0.000391
2.531514
