0.037408
0.062379
0.049149
0.096297
0.033871
0.048772
0.052865
0.113222
0.000000
0.001608
0.000000
0.000032
0.000000
0.000000
0.000000
0.000000
0.000000
0.000000
0.000000
0.000619
0.000000
0.000000
0.001966
0.000305
0.000305
0.111120
0.092128
0.201036
0.120664
0.129826
0.136533
0.129395
0.133815
0.119870
0.130798
0.181643
0.090279
0.203881
0.123800
0.118606
0.056784
0.050604
0.046833
0.117547
0.068885
0.087384
0.042882
0.084526
0.059283
0.102434
0.083926
0.089887
0.036348
0.080099
0.063158
0.156037
0.081309
0.094342
0.033894
0.085080
0.059504
0.137351
0.071501
0.125143
0.085858
0.125059
0.078036
0.133250
0.076238
0.123170
0.080939
0.132775
0.080048
0.123445
0.077183
