0.037398
0.062391
0.049143
0.096283
0.033853
0.048815
0.052857
0.113224
0.000000
0.001642
0.000000
0.000621
0.000000
0.000000
0.001969
0.000307
0.000307
0.111122
0.092121
0.201080
0.120729
0.129442
0.136615
0.129508
0.133787
0.119972
0.130775
0.181634
0.090215
0.203878
0.123787
0.118743
0.056810
0.050563
0.046828
0.117547
0.068883
0.087375
0.042881
0.084545
0.059282
0.102395
0.083945
0.089867
0.036360
0.080096
0.063151
0.156017
0.081320
0.094340
0.033898
0.085075
0.059508
0.137337
0.071506
0.125125
0.085861
0.125055
0.078033
0.133258
0.076238
0.123167
0.080941
0.132785
0.080047
0.123442
0.077178
