0.000000
0.010462
0.074553
0.036698
0.170379
0.005650
0.171394
0.000628
0.188332
0.000575
0.020419
0.002208
0.182345
0.002053
0.039184
0.001080
0.316661
0.000474
0.050553
0.002909
0.303356
0.000000
0.025818
0.015032
0.279601
0.012669
0.189386
0.000123
0.000845
0.000007
0.000689
0.000111
0.000007
0.001009
0.014391
0.000157
0.201876
0.004056
0.154626
0.002969
0.065603
0.000165
0.094168
0.006205
0.123124
0.004801
0.035024
0.000736
0.001545
0.001128
0.177347
0.002073
0.131153
0.000407
0.021737
0.000978
0.020870
0.004610
0.119377
0.003504
0.001821
