0.000000
0.009206
0.073080
0.042252
0.193492
0.000018
0.201233
0.001937
0.060981
0.002214
0.340532
0.005665
0.329119
0.000000
0.043883
0.005934
0.177992
0.000008
0.135028
0.013798
0.264213
0.010016
0.082185
0.000017
0.164369
0.000537
0.035636
0.000010
0.166298
0.002775
0.150874
0.001105
0.062602
0.000018
0.154664
0.000008
0.137479
0.002114
0.072620
0.000034
0.075524
0.003366
0.158559
0.001854
0.208658
0.000035
0.060424
0.000015
0.001208
0.000019
0.111181
0.000012
0.012084
0.000013
0.015735
0.000884
0.121162
0.000000
0.020392
