0.074200
0.111879
0.014619
0.100077
0.084094
0.125530
0.148598
0.109021
0.108448
0.133966
0.054404
0.079744
0.054954
0.000005
0.000693
0.000000
0.000000
0.000003
0.000003
0.000004
0.000002
0.000002
0.000002
0.000002
0.000001
0.000001
0.000413
0.000006
0.000006
0.000007
0.000007
0.000011
0.000011
0.000013
0.000013
0.000015
0.000015
0.000028
0.000028
0.000166
0.000022
0.000022
0.000019
0.000019
0.000009
0.000009
0.058289
0.102410
0.091006
0.099107
0.061209
0.002235
0.063568
0.050088
0.051935
0.087524
0.000000
