0.000000
0.057258
0.080760
0.001159
0.006008
0.000104
0.055303
0.032794
0.055846
0.001317
0.134542
0.002126
0.051792
0.042359
0.138711
0.001103
0.000402
0.001025
0.003017
0.000864
0.006192
0.000078
0.001887
0.000196
0.021536
0.017341
0.133647
0.001291
0.000191
0.001076
0.000707
0.000909
0.002807
0.000756
0.023308
0.008934
0.080780
0.001371
0.044134
0.066920
0.000008
0.001086
0.000000
0.000022
0.000003
0.000024
0.000004
0.000025
0.000005
0.000005
0.000006
0.000027
0.000008
0.000029
0.000008
0.000030
0.000008
0.000031
0.000008
0.000030
0.000008
0.000008
0.000008
0.000025
0.000008
0.000020
0.019899
