0.000000
0.001956
0.077799
0.081060
0.048759
0.000085
0.225619
0.004146
0.013979
0.000182
0.348668
0.003652
0.191327
0.013916
0.000000
0.010557
0.012757
0.006129
0.232557
0.000245
0.009343
0.006144
0.015762
0.002655
0.007266
0.000377
0.367161
0.002474
0.015215
0.011952
0.022364
0.002745
0.255321
0.010378
0.003413
0.000082
0.056264
0.000245
0.030646
0.003788
0.022620
0.001549
0.213434
0.000831
0.161926
0.001727
0.225705
0.002429
0.352398
0.002926
0.202421
0.003431
0.015331
0.000251
0.116133
0.012693
0.115461
0.009019
0.130023
