0.000000
0.002291
0.076331
0.080697
0.048800
0.000123
0.225666
0.003790
0.013339
0.000669
0.348027
0.003920
0.190981
0.013619
0.000000
0.010332
0.012809
0.006766
0.232529
0.000236
0.009307
0.005859
0.015722
0.002696
0.007225
0.000610
0.367116
0.002839
0.015206
0.011559
0.022348
0.003034
0.255383
0.010403
0.003234
0.000136
0.056084
0.000599
0.030465
0.003538
0.022393
0.001832
0.213251
0.000763
0.161749
0.001874
0.225423
0.002357
0.352364
0.002770
0.202242
0.003314
0.015067
0.000560
0.115878
0.012920
0.114990
0.009088
0.130023
