0.106074
0.020431
0.440850
0.019447
0.235763
0.009866
0.331818
0.011287
0.080704
0.032007
180.118926
0.000252
0.551999
0.000377
0.517278
0.000328
17.562081
0.000403
0.554617
0.000514
0.566250
0.000578
0.573291
0.000479
0.834067
0.000445
0.837626
0.000401
0.617965
0.000515
0.557215
0.000486
0.852044
0.000626
125.549326
0.000340
1.068433
0.000360
0.773528
0.000330
1.305603
0.000325
5.958726
0.000354
9.437860
0.000447
0.505275
0.000277
0.779159
0.000327
15.040218
0.000289
2.685663
0.000326
1.940982
0.000319
2.689505
0.000348
0.813207
0.000299
106.544997
0.000266
5.886561
0.000380
5.613343
0.000230
21.528728
0.000000
10.764364
0.000260
1.315421
0.000304
1.832641
0.000273
1.874273
0.000270
1.038153
0.000408
18.869956
