0.105700
0.019681
0.441047
0.019658
0.236236
0.009771
0.331818
0.011510
0.079668
0.032187
180.121388
0.000396
0.543496
0.000496
0.500308
0.000360
17.586872
0.000308
0.561882
0.000528
0.554915
0.000689
0.577512
0.000412
0.832799
0.000379
0.843614
0.000334
0.605397
0.000547
0.566373
0.000426
0.842559
0.000712
125.554066
0.000214
1.050817
0.000451
0.767454
0.000348
0.523051
0.000336
0.811322
0.000334
5.942704
0.000375
3.949591
0.000258
0.744627
0.000294
2.359627
0.000335
2.396391
0.000419
0.490604
0.000357
0.792251
0.000336
15.036686
0.000378
2.680696
0.000415
1.935488
0.000254
0.774475
0.000300
1.922434
0.000370
0.825234
0.000348
106.530697
0.000339
3.360879
0.000400
1.255381
0.000335
1.281713
0.000509
5.606651
0.000249
11.382022
0.000345
1.248071
0.000000
5.117092
0.000235
3.780749
0.000364
10.771193
0.000232
1.297045
0.000337
0.791775
0.000274
1.053270
0.000365
1.868704
0.000259
1.038836
0.000532
18.869956
