0.000000
0.011118
0.105003
0.035153
0.104658
0.059858
0.139938
0.002113
0.032453
0.003112
0.058588
0.014533
0.098204
0.000000
0.000000
0.043220
0.125265
0.041645
0.459858
0.031400
0.093156
0.032102
0.125317
0.002361
0.008314
0.000104
0.135115
0.000574
0.003428
0.000091
0.018830
0.008453
0.173271
0.000202
0.000329
0.000056
0.003093
0.001001
0.000576
0.000481
0.002670
0.001754
0.023778
0.016163
0.285965
0.002347
0.020485
0.000033
0.194540
0.002848
0.003302
0.000324
0.000789
0.000058
0.013405
0.004982
0.182814
0.003525
0.165152
0.016609
0.015187
0.000206
0.082088
0.023975
0.110110
0.010857
0.024789
