0.000000
0.005852
0.132002
0.009968
0.128682
0.025432
0.459203
0.025916
0.301531
0.026766
0.041310
0.060440
119.302542
0.000108
0.447528
0.000090
0.428489
0.000091
6.165554
0.000100
0.647616
0.000000
0.673521
0.000168
0.467044
0.000186
0.461795
0.000203
0.210988
0.000026
0.227144
0.000238
0.455220
0.000245
0.446449
0.000298
0.464592
0.000260
0.441053
0.000308
0.460377
0.000273
0.449491
0.000227
0.463206
0.000253
0.719018
0.000143
0.199412
0.000194
0.501119
0.000124
0.189590
0.000184
0.714611
0.000164
0.942001
0.000153
22.729708
0.000113
0.454595
