0.000000
0.057760
0.149321
0.000000
0.000000
0.001228
0.000372
0.001091
0.002508
0.000857
0.003257
0.000287
0.000136
0.000342
0.007987
0.005399
0.103072
0.001582
0.002573
0.000640
0.002588
0.000304
0.130674
0.029664
0.145165
0.020024
0.049580
0.000592
0.000068
0.000433
0.001955
0.000522
0.106348
0.038279
0.043194
0.000132
0.002271
0.000106
0.001841
0.000076
0.001382
0.022469
0.083300
0.066283
0.000006
0.000155
0.000000
0.000016
0.000002
0.000002
0.000002
0.000002
0.000002
0.000002
0.000002
0.000002
0.023679
