0.107647
0.020539
0.439497
0.019181
0.235941
0.010247
0.333868
0.012228
0.075741
0.034192
204.154535
0.000463
144.878940
0.000466
1.545081
0.000330
0.343724
0.000358
0.767490
0.000478
3.714696
0.000314
0.796349
0.000374
1.345561
0.000265
0.526060
0.000387
0.798585
0.000436
1.106890
0.000298
0.777660
0.000279
3.812676
0.000306
0.738871
0.000256
1.946085
0.000355
0.770170
0.000305
1.930082
0.000445
1.942293
0.000397
0.803085
0.000282
1.120184
0.000249
0.768824
0.000263
1.903513
0.000000
0.354142
0.000963
0.130011
0.001018
0.383996
0.000299
0.347163
0.000339
1.987956
0.000353
16.500169
0.000221
2.240685
0.000267
1.959647
0.000366
303.755009
