0.107221
0.020297
0.439050
0.019331
0.236132
0.010184
0.336159
0.012876
0.072757
0.034890
204.148449
0.000401
144.877336
0.000485
0.762438
0.000321
0.763572
0.000205
0.344112
0.000430
0.775614
0.000439
0.765465
0.000285
0.328708
0.000194
0.777919
0.000330
0.767251
0.000422
1.092253
0.000319
0.787329
0.000393
0.776182
0.000284
0.567083
0.000177
0.528912
0.000466
0.789146
0.000402
1.119366
0.000343
0.767793
0.000249
0.774959
0.000272
1.113835
0.000303
1.950599
0.000248
0.715841
0.000291
1.956246
0.000301
0.764924
0.000133
1.931270
0.000357
1.938619
0.000248
0.812156
0.000227
1.102851
0.000325
0.756907
0.000245
0.351214
0.000252
1.147989
0.000316
0.416855
0.000614
0.372442
0.001768
0.125700
0.001807
0.382215
0.000637
0.373639
0.000259
0.397388
0.000000
0.382103
0.000283
0.413748
0.000396
0.365743
0.000423
0.392091
0.000312
16.497528
0.000102
2.250189
0.000165
1.954709
0.000284
303.755009
