0.000000
0.012316
0.039347
0.078558
0.233349
0.016014
0.030496
0.001110
0.003245
0.000384
0.040326
0.018150
0.030327
0.000733
0.283732
0.014833
0.060730
0.091116
0.183688
0.003864
0.043107
0.000121
0.094089
0.004487
0.243182
0.004625
0.023785
0.001132
0.000151
0.000012
0.000961
0.000235
0.001364
0.000887
0.001435
0.000264
0.001495
0.000695
0.000478
0.000473
0.002687
0.000272
0.025030
0.023897
0.034061
0.000164
0.003779
0.000019
0.009078
0.000348
0.032849
0.000856
0.043702
0.000456
0.012051
0.000243
0.000000
0.000000
0.001258
0.000903
0.000271
0.000131
0.000500
0.000148
0.002188
0.000568
0.036832
0.001886
0.038002
0.000000
0.023485
