0.000000
0.012346
0.039315
0.078512
0.233352
0.016008
0.030458
0.001173
0.001752
0.000030
0.001436
0.000448
0.040288
0.018153
0.030276
0.000785
0.283683
0.014784
0.060665
0.091161
0.183694
0.003880
0.043110
0.000095
0.094092
0.004420
0.243179
0.004687
0.022375
0.000062
0.001390
0.001208
0.000140
0.000088
0.000172
0.000012
0.000777
0.000310
0.001353
0.000962
0.001425
0.000338
0.001484
0.000769
0.000468
0.000547
0.002676
0.000345
0.025020
0.023964
0.034042
0.000225
0.003761
0.000077
0.009060
0.000400
0.032831
0.000880
0.043684
0.000508
0.011561
0.000000
0.000472
0.000329
0.000434
0.000022
0.000800
0.000968
0.000252
0.000196
0.000481
0.000213
0.002170
0.000633
0.036814
0.001794
0.038002
0.000000
0.023485
