0.000000
0.012228
0.039440
0.078695
0.233320
0.016030
0.030614
0.000898
0.003364
0.000168
0.040445
0.018154
0.030471
0.000579
0.283874
0.014972
0.060928
0.090959
0.183666
0.003805
0.043095
0.000195
0.094076
0.004646
0.243192
0.004413
0.023821
0.000880
0.002547
0.000637
0.001470
0.000016
0.001529
0.000449
0.000511
0.000228
0.002719
0.000031
0.025062
0.023695
0.047013
0.000164
0.032898
0.000754
0.043750
0.000292
0.012100
0.000039
0.001308
0.000000
0.000000
0.000666
0.003082
0.000356
0.036883
0.002023
0.038002
0.000000
0.023485
