0.000000
0.115288
0.055239
0.000124
0.000094
0.000098
0.000663
0.000138
0.000900
0.000772
0.000011
0.007289
0.009298
0.010984
0.068922
0.002073
0.090651
0.003488
0.033131
0.000530
0.019572
0.001561
0.018264
0.000236
0.137265
0.031209
0.087396
0.000335
0.011556
0.002838
0.012529
0.000527
0.092510
0.012561
0.018250
0.009650
0.000324
0.000810
0.112344
0.003888
0.011678
0.000042
0.000007
0.000089
0.000549
0.000000
0.027455
0.059088
0.000003
0.001057
0.000003
0.000003
0.000003
0.000005
0.000003
0.000003
0.000003
0.000003
0.000003
0.000003
0.021685
