0.020107
0.180665
0.030361
0.151051
0.066838
0.029219
0.085916
0.152427
0.173765
0.020438
0.136912
0.035847
0.151354
0.018657
0.120675
0.014222
0.188400
0.010375
0.144061
0.012801
0.157803
0.007570
0.129454
0.003047
0.230136
0.007877
0.187539
0.004122
0.222340
0.004405
0.179697
0.027167
0.047560
0.028187
0.178600
0.032232
0.048384
0.029178
0.189162
0.009184
0.190457
0.018695
0.055169
0.017037
0.192729
0.007898
0.129740
0.000000
0.059310
0.020252
0.053640
0.023602
0.079056
0.004895
0.080624
0.036263
0.028527
0.081712
0.007870
