0.000000
0.010002
0.084430
0.015551
0.233721
0.000094
0.224720
0.015640
0.162884
0.002112
0.192404
0.000048
0.200083
0.004613
0.038826
0.000106
0.000809
0.000132
0.296809
0.005798
0.027215
0.000146
0.251147
0.005419
0.236550
0.015515
0.047310
0.000181
0.013000
0.000183
0.131976
0.000168
0.200020
0.002802
0.032282
0.000032
0.046119
0.000183
0.069252
0.000021
0.026201
0.000172
0.211735
0.001197
0.083481
0.000132
0.060764
0.000117
0.033133
0.000196
0.199651
0.000779
0.173126
0.000426
0.000000
0.000000
0.002283
0.000087
0.114825
0.000132
0.009947
0.000351
0.002126
0.000055
0.005116
0.000091
0.045659
0.001458
0.076980
0.000009
0.021741
0.000097
0.000423
0.000133
0.031686
0.000678
0.024904
0.000000
0.000498
