0.000000
0.009926
0.084486
0.015607
0.233974
0.000018
0.224973
0.015709
0.162806
0.002176
0.192338
0.000100
0.200017
0.004703
0.038799
0.000026
0.000781
0.000054
0.296781
0.005949
0.027299
0.000014
0.251230
0.005477
0.236554
0.015444
0.047322
0.000040
0.013012
0.000053
0.131988
0.000130
0.200032
0.002696
0.078427
0.000066
0.095478
0.000069
0.211756
0.001099
0.083506
0.000056
0.060788
0.000000
0.033157
0.000120
0.199676
0.000826
0.173150
0.000229
0.127115
0.000199
0.052949
0.001469
0.076995
0.000005
0.022191
0.000008
0.031702
0.000797
0.024904
0.000000
0.000498
