0.000000
0.027864
0.073677
0.025140
0.088803
0.043238
0.039110
0.078388
0.000000
0.000000
0.000000
0.000000
0.000000
0.000000
0.000000
0.000000
0.000001
0.000001
0.000001
0.000001
0.000001
0.000001
0.000001
0.000001
0.000002
0.000002
0.000014
0.000090
0.000002
0.000021
0.000002
0.000013
0.000002
0.000014
0.000002
0.000015
0.000002
0.000017
0.000003
0.000018
0.000003
0.000003
0.000003
0.000020
0.000003
0.000022
0.000003
0.000003
0.000004
0.000024
0.000004
0.000054
0.000004
0.000002
0.000002
0.000001
0.000001
0.000001
0.000001
0.000001
0.000001
0.000001
0.000001
0.000001
0.000001
0.000001
0.000001
0.000000
0.000000
0.000000
0.000000
0.000000
0.000000
0.000163
0.000009
0.001150
0.000022
0.000022
0.000032
0.000032
0.000067
0.000067
0.000402
0.000046
0.000046
0.000175
0.000175
0.000102
0.000102
0.051727
0.083738
0.032831
0.036155
0.093572
0.005211
0.040753
0.057690
