0.126509
0.024507
0.417723
0.024848
0.256288
0.011347
0.337103
0.010876
0.064549
0.030539
0.484617
0.006609
0.386847
0.003636
0.450491
0.002300
0.468227
0.001193
0.424842
0.000279
0.197447
0.000515
0.331494
0.000312
0.413235
0.000653
0.136471
0.000330
0.445820
0.000131
0.357248
0.000255
0.386590
0.000266
0.361802
0.000215
0.364492
0.000149
0.622251
0.000096
0.355431
0.000114
0.354912
0.000097
0.334120
0.000065
0.337058
0.000088
0.355648
0.000098
0.360110
0.000077
0.366280
0.000040
0.239955
0.000000
0.371931
0.000049
0.357872
0.000061
0.357258
0.000048
7.274617
