0.000000
0.010366
0.051196
0.073732
0.194479
0.000969
0.096574
0.009816
0.312923
0.000259
0.034008
0.001674
0.189564
0.027622
0.237474
0.000000
0.020211
0.011896
0.046874
0.000447
0.306123
0.003403
0.048326
0.020712
0.260662
0.006709
0.370177
0.000200
0.040462
0.004256
0.326822
0.000124
0.043542
0.003253
0.119886
0.000239
0.219608
0.001442
0.172613
0.001687
0.194408
0.002367
0.199685
0.001956
0.179418
0.000678
0.028275
0.005941
0.119715
0.018483
0.093457
0.020994
0.076721
0.000684
0.012639
0.000189
0.013148
0.008929
0.128746
0.000819
0.002572
