0.000000
0.010348
0.051661
0.073171
0.194405
0.000880
0.039718
0.000122
0.056739
0.009771
0.312981
0.000536
0.034050
0.001766
0.189685
0.027061
0.237166
0.000453
0.019899
0.011875
0.046717
0.000807
0.305980
0.003999
0.016988
0.000000
0.031144
0.020983
0.260121
0.006573
0.152371
0.000075
0.217685
0.000220
0.040365
0.004189
0.326811
0.000115
0.043526
0.003394
0.119963
0.000366
0.219684
0.001280
0.172645
0.001662
0.194415
0.002113
0.023428
0.000195
0.176053
0.002353
0.014034
0.000046
0.165132
0.001288
0.028036
0.005220
0.119886
0.018638
0.092404
0.022141
0.076430
0.000870
0.012313
0.000749
0.012815
0.009377
0.128800
0.001226
0.002572
