0.000000
0.010363
0.051506
0.073334
0.194388
0.000918
0.039711
0.000066
0.056732
0.009788
0.312978
0.000436
0.034053
0.001762
0.189660
0.027254
0.237270
0.000299
0.020005
0.011885
0.046770
0.000681
0.306028
0.003799
0.048192
0.020895
0.260296
0.006585
0.370119
0.000200
0.040400
0.004239
0.326820
0.000127
0.043536
0.003404
0.119946
0.000381
0.219666
0.001320
0.172637
0.001693
0.194414
0.002262
0.023468
0.000045
0.176093
0.002240
0.179248
0.001109
0.028101
0.005415
0.119838
0.018582
0.092692
0.000000
0.000000
0.021818
0.076518
0.000831
0.012411
0.000600
0.012917
0.009251
0.128803
0.001123
0.002572
