2.344971612583481024e-01
1.360597110196436477e-01
1.159625360262524496e-01
9.346566013302570752e-02
7.471627993079284213e-02
5.953858085993407601e-02
3.279531568447694584e-02
1.771368082340233838e-02
1.164652892393483463e-02
1.065980248108720600e-02
1.061994221416280582e-02
1.061601249892413223e-02
1.060811475478086116e-02
1.060523781713196625e-02
1.060341287432124864e-02
1.060166242224371003e-02
1.060104932179229374e-02
1.060059191672221152e-02
1.059996800327923580e-02
1.059967312470732476e-02
1.059935670810905478e-02
1.059883748003629701e-02
1.059867980567637431e-02
1.059844623599539432e-02
9.857615359681616216e-03
9.735181282975787637e-03
8.916303627947944066e-03
8.721062359103854203e-03
8.523415120608375181e-03
8.416931134218609209e-03
8.273358946862390331e-03
8.271834486384209428e-03
8.271571419705294956e-03
8.270395030569551928e-03
8.269752079807859979e-03
8.269396439583714953e-03
8.269254497260765738e-03
8.269103294387684239e-03
8.269001075642663789e-03
8.268867819073667455e-03
8.268675173418253352e-03
8.268624343035383545e-03
8.268561806023875041e-03
8.268493808058852493e-03
8.268459747805774473e-03
8.268436133612364763e-03
8.268408761586531347e-03
8.268389844850275797e-03
8.268369193561704231e-03
8.268337312807424663e-03
