2.344971612583481024e-01
1.360700617682927549e-01
1.140216617098861740e-01
9.346565997966108097e-02
7.471627993079285601e-02
7.179973010745230311e-02
6.875331462083852929e-02
6.099542540427730503e-02
5.774528434306312047e-02
5.661078259553954661e-02
5.605623748177378241e-02
5.605258943199508542e-02
5.605258812616398939e-02
5.605258812616806946e-02
5.605258812619137720e-02
5.605258812616743108e-02
5.605258812616441960e-02
5.605258812616488451e-02
5.605258812617094216e-02
5.605258812616371877e-02
5.605258812616398245e-02
5.605258812617069930e-02
5.605258812616362163e-02
5.605258812616323999e-02
5.605258812616429470e-02
5.605258812616372571e-02
5.605258812616458614e-02
5.605258812616530084e-02
5.605258812616519676e-02
5.605258812616355224e-02
5.605258812616344816e-02
5.605258812616333713e-02
5.605258812616879111e-02
5.605258812616370490e-02
5.605258812616990827e-02
5.605258812616328162e-02
5.605258812616600861e-02
5.605258812616410735e-02
5.605258812616640413e-02
5.605258812618950370e-02
5.605258812616667474e-02
5.605258812619003800e-02
5.605258812616335795e-02
5.605258812616897846e-02
5.605258812616529390e-02
5.605258812617269076e-02
5.605258812616456532e-02
5.605258812616856212e-02
5.605258812616344122e-02
5.605258812616478042e-02
