0.119257
0.016783
0.002322
0.001742
0.002865
0.001410
0.003488
0.001182
0.004298
0.001003
0.005489
0.000848
0.007505
0.000690
0.005083
0.000000
0.005286
0.000556
0.010105
0.000591
0.008183
0.000715
0.006419
0.000815
0.005257
0.000893
0.004546
0.101302
0.001636
0.002654
0.001717
0.002475
0.001827
0.002283
0.001967
0.002091
0.002135
0.001905
0.002333
0.001731
0.002559
0.001572
0.002814
0.001428
0.003094
0.001300
0.003395
0.001188
0.003706
0.001094
0.299832
0.000881
0.003117
0.000859
0.003213
0.000837
0.003304
0.000816
0.003398
0.000801
0.343114
0.000111
0.304543
0.002284
0.224394
0.002223
0.187056
0.045808
0.026897
0.049368
0.067031
0.036963
0.071850
0.038263
0.071419
0.023708
0.098169
0.006745
0.017170
