0.119257
0.016813
0.002393
0.001776
0.002969
0.001433
0.003639
0.001201
0.004536
0.001023
0.005949
0.000851
0.008085
0.000651
0.010030
0.000494
0.008476
0.000506
0.007438
0.000683
0.007086
0.000855
0.005541
0.000924
0.004701
0.101450
0.001796
0.002890
0.001896
0.002672
0.002035
0.002441
0.002213
0.002212
0.002428
0.001994
0.002682
0.001794
0.002973
0.001614
0.003300
0.001455
0.003655
0.001318
0.001974
0.000000
0.002053
0.001203
0.300394
0.001097
0.003923
0.001062
0.004073
0.001030
0.004223
0.001002
0.343475
0.000111
0.304609
0.002284
0.224395
0.002223
0.187057
0.045808
0.026897
0.049368
0.067031
0.036963
0.071851
0.038264
0.071418
0.023708
0.098168
0.006745
0.017170
