0.000000
0.001010
0.094167
0.073703
0.042789
0.098359
0.079660
0.033489
0.104415
0.074806
0.222401
0.032340
0.094012
0.011760
0.159984
0.029261
0.134822
0.011802
0.107513
0.000012
0.103379
0.004834
0.113918
0.005634
0.167757
0.005832
0.244309
0.010320
0.069716
0.004218
0.186789
0.003312
0.172421
0.002640
0.169564
0.000000
0.036335
0.000630
0.204513
0.009386
0.063936
0.007230
0.193487
0.004407
0.172414
0.005921
0.047206
0.006905
0.164955
0.035612
0.032880
0.087391
0.029346
0.050263
0.173539
0.031454
0.050587
0.031197
0.080406
0.014642
0.060636
0.048695
0.024009
0.088462
0.005575
