0.000000
0.115235
0.054297
0.000000
0.001086
0.000041
0.001035
0.000063
0.001009
0.008130
0.009366
0.011035
0.068877
0.002288
0.090632
0.003776
0.043456
0.000084
0.009303
0.001681
0.155468
0.031220
0.089384
0.000352
0.009618
0.002709
0.012547
0.000553
0.092519
0.012478
0.018271
0.009700
0.000297
0.000609
0.112316
0.003694
0.012465
0.000175
0.000035
0.000149
0.000540
0.000056
0.026677
0.059225
0.000003
0.000782
0.000003
0.000065
0.000003
0.000066
0.000003
0.000003
0.000003
0.000003
0.000003
0.000003
0.000003
0.000003
0.021694
