0.051537
0.003929
0.113612
0.009670
0.112448
0.028145
0.444774
0.020513
0.262848
0.025202
0.030440
0.105408
135.736002
0.000054
25.243365
0.000043
0.452169
0.000043
1.315959
0.000087
1.325564
0.000050
0.449920
0.000050
1.314021
0.000090
0.761579
0.000056
0.537346
0.000054
0.772877
0.000077
1.307659
0.000079
15.345265
0.000054
200.086546
0.000073
0.564843
0.000035
0.543010
0.000068
0.864419
0.000052
0.524533
0.000051
0.859689
0.000053
1.373409
0.000049
1.375847
0.000060
0.885827
0.000063
0.497415
0.000052
0.348106
0.000052
1.664755
0.000065
1.118205
0.000055
0.859956
0.000054
0.836740
0.000069
197.447534
0.000025
13.937289
0.000000
2.217296
0.000042
4.441621
0.000033
19.800422
0.000047
2.521960
0.000055
1.759178
0.000077
1.753381
0.000035
4.201568
