0.039506
0.020626
0.044875
0.038282
0.529558
0.010124
0.144319
0.017709
0.325258
0.027050
0.050414
0.050810
2549.752176
0.001116
4.425861
0.000394
2.419645
0.003485
0.148766
0.002704
44.033072
0.001380
1495.435692
0.001443
1682.391978
0.001568
0.762158
0.001354
0.808425
0.000979
0.574235
0.001304
13.197792
0.001029
0.823730
0.000850
1.214454
0.001262
24.231081
0.001630
10.174288
0.000904
1.697208
0.001332
0.451741
0.001115
2.372638
0.000602
0.440401
0.001228
17.566537
0.000912
4.528680
0.000940
1.729207
0.001264
2.515836
0.000000
0.468062
0.001119
7.310572
0.000906
1.021099
0.001798
0.555152
0.001584
47.118934
0.000936
49.014051
0.002129
58.438787
0.001049
10.873096
0.001282
0.557351
0.001423
2.170576
0.001729
31.949567
0.001177
21.735630
0.001025
31.087448
0.001372
2.614418
0.001698
6.051509
0.001616
12.827736
0.001376
33.862616
0.001666
801.616261
