0.000000
0.111413
0.071893
0.000135
0.000106
0.000138
0.001034
0.000198
0.001310
0.000805
0.150205
0.010061
0.155182
0.011106
0.148326
0.003425
0.039744
0.007994
0.152444
0.000027
0.016559
0.061250
0.034948
0.000383
0.102122
0.027909
0.003108
0.000017
0.161242
0.005424
0.095746
0.000021
0.023347
0.000254
0.048978
0.001409
0.109535
0.007952
0.105474
0.010773
0.095773
0.000067
0.003908
0.000523
0.008568
0.002733
0.006743
0.000923
0.017344
0.000217
0.012814
0.001507
0.115547
0.003681
0.030110
0.000730
0.072691
0.003668
0.092019
0.029687
0.030742
0.061035
0.000000
0.008138
0.012758
