0.000000
0.002623
0.082456
0.081741
0.251935
0.009610
0.275394
0.002451
0.013397
0.000616
0.011886
0.000172
0.304046
0.007363
0.013594
0.001106
0.234290
0.006317
0.001223
0.000000
0.007684
0.015108
0.017151
0.007192
0.010821
0.001098
0.011238
0.003025
0.367281
0.004358
0.004752
0.000048
0.240268
0.048225
0.061863
0.028530
0.068058
0.000958
0.034840
0.007668
0.184000
0.012461
0.134601
0.003873
0.040084
0.003189
0.160117
0.001224
0.218585
0.000499
0.009086
0.000201
0.106771
0.000207
0.040335
0.001118
0.232282
0.000460
0.190761
0.009766
0.082270
0.000058
0.026305
0.009792
0.336943
0.014722
0.085510
0.016653
0.086468
0.007622
0.007889
