0.000000
0.002589
0.082522
0.081900
0.251883
0.009425
0.275141
0.003057
0.025689
0.000281
0.304231
0.008372
0.014248
0.000465
0.234953
0.005919
0.009299
0.015565
0.017088
0.007132
0.010966
0.000194
0.011405
0.002221
0.367396
0.004011
0.245305
0.048278
0.062639
0.027806
0.068876
0.000654
0.035677
0.007461
0.184370
0.012227
0.134974
0.003146
0.040571
0.003635
0.160267
0.001724
0.205578
0.000151
0.013265
0.000208
0.156611
0.001159
0.232390
0.000322
0.190873
0.010082
0.081867
0.000223
0.025903
0.010029
0.164714
0.000000
0.171302
0.015001
0.085065
0.016950
0.086136
0.007687
0.007889
