0.106049
0.020237
0.441857
0.018942
0.233064
0.009667
0.331440
0.011432
0.082023
0.032260
177.695193
0.000472
0.524863
0.000608
0.796792
0.000620
0.528262
0.000623
0.820506
0.000573
0.546892
0.000630
0.801238
0.000687
0.525425
0.000648
0.806344
0.000447
1.360566
0.000300
15.476184
0.000534
0.555397
0.000394
0.844137
0.000389
0.837060
0.000321
0.592182
0.000431
0.564433
0.000442
0.846712
0.000548
49.233087
0.000000
31.763282
0.000302
1.733346
0.000314
42.826430
0.000358
1.039220
0.000321
2.078067
0.000254
0.509560
0.000212
0.322298
0.000307
0.467315
0.000465
1.287618
0.000325
3.154554
0.000361
1.304231
0.000376
0.779311
0.000409
0.511006
0.000383
2.343675
0.000370
6.606771
0.000057
132.245766
0.000256
1.238870
0.000311
1.556205
0.000262
1.542376
0.000226
5.607676
0.000311
2.826660
0.000257
8.262719
0.000207
1722.926902
0.000486
107.681227
