0.000000
0.005485
0.400136
0.006466
0.313121
0.002830
0.499814
0.014824
0.275563
0.011246
0.180781
0.012219
0.291127
0.024373
0.100755
0.010713
0.424413
0.000882
0.072393
0.001612
0.276260
0.001080
0.205877
0.000721
0.233669
0.000330
0.090228
0.001142
0.345463
0.000292
0.074878
0.000925
0.360063
0.000076
0.121418
0.000461
0.330472
0.000041
0.180291
0.000103
0.055461
0.000049
0.409238
0.000044
0.068366
0.000016
0.429706
0.000073
0.528172
0.000017
0.199858
0.000036
0.754474
0.000011
0.412740
0.000000
0.756690
0.000008
101.068808
0.000001
6.574630
