0.000000
0.005438
0.400079
0.006517
0.313429
0.002779
0.499848
0.014788
0.275473
0.011277
0.180777
0.012213
0.291043
0.024406
0.100783
0.010732
0.424460
0.000854
0.072454
0.001596
0.276272
0.001105
0.205832
0.000703
0.233662
0.000327
0.090247
0.001152
0.345369
0.000296
0.074801
0.000922
0.359951
0.000071
0.121290
0.000461
0.330478
0.000040
0.180295
0.000113
0.055458
0.000047
0.409239
0.000046
0.068369
0.000023
0.429706
0.000071
0.331402
0.000008
0.196771
0.000013
0.199861
0.000032
0.429018
0.000007
0.325462
0.000014
0.072841
0.000005
0.339908
0.000006
0.356093
0.000009
0.400604
0.000007
0.077716
0.000008
0.292083
0.000003
0.417261
0.000007
0.099672
0.000000
0.626508
0.000003
0.404199
0.000002
0.064304
0.000004
99.087067
0.000000
6.574630
