0.000000
0.010458
0.088431
0.016263
0.181654
0.003520
0.263222
0.011430
0.229570
0.000031
0.030598
0.002210
0.286797
0.001915
0.035425
0.000035
0.024796
0.001173
0.237245
0.000024
0.044137
0.006690
0.275321
0.001231
0.016372
0.000085
0.027573
0.005103
0.201784
0.016619
0.068032
0.000184
0.010669
0.000038
0.125406
0.000359
0.011784
0.000021
0.034452
0.000077
0.135185
0.002843
0.214167
0.000069
0.028548
0.000211
0.083027
0.000296
0.059582
0.001363
0.217662
0.000047
0.004350
0.000143
0.013868
0.000284
0.089249
0.001492
0.015421
0.000000
0.002056
0.000082
0.002397
0.000017
0.009833
0.000125
0.020798
0.000173
0.008026
0.001347
0.056226
0.001594
0.030184
0.000014
0.001230
0.000094
0.001493
0.000065
0.036747
0.000980
0.037909
0.000000
0.040958
