0.108551
0.015396
0.440537
0.022843
0.244867
0.008544
0.433161
0.013508
0.260682
0.013279
0.374733
0.009842
0.118698
0.008458
0.378368
0.001513
0.394342
0.000841
0.320892
0.000540
0.412241
0.000458
0.414599
0.000621
0.410130
0.000486
0.377090
0.000351
0.375056
0.000372
0.385914
0.000550
0.115564
0.000444
0.382598
0.000300
0.414567
0.000328
0.412551
0.000213
0.683828
0.000085
0.463080
0.000000
0.481603
0.000082
0.429161
0.000071
0.217580
0.000066
0.431724
0.000103
0.429188
0.000043
0.217703
0.000036
0.704009
0.000034
0.684366
0.000041
0.426666
0.000020
0.227019
0.000028
0.426766
0.000029
0.204453
0.000011
33.194321
