0.000000
0.068365
0.014268
0.103298
0.015021
0.068007
0.155902
0.004383
0.064912
0.000686
0.017433
0.000367
0.108352
0.000917
0.074404
0.003823
0.110303
0.008564
0.089075
0.016226
0.129826
0.003990
0.003609
0.072629
0.000394
0.001838
0.000210
0.000210
0.000285
0.000186
0.000060
0.000073
0.000067
0.000080
0.000070
0.000084
0.000075
0.000075
0.000082
0.000096
0.000091
0.000106
0.000105
0.000120
0.000125
0.000140
0.000159
0.000107
0.000000
0.000011
0.000004
0.000004
0.000009
0.000009
0.000015
0.000025
0.000022
0.000032
0.000030
0.000041
0.000043
0.000043
0.000054
0.000063
0.004518
