0.000000
0.067786
0.014387
0.102543
0.015201
0.068173
0.155895
0.004632
0.064806
0.000948
0.017376
0.000309
0.108282
0.000813
0.074422
0.003839
0.110276
0.008398
0.089673
0.016132
0.129630
0.004151
0.003615
0.072620
0.000385
0.001830
0.000201
0.000201
0.000276
0.000177
0.000051
0.000064
0.000058
0.000071
0.000061
0.000076
0.000066
0.000066
0.000073
0.000087
0.000082
0.000097
0.000096
0.000111
0.000117
0.000131
0.000150
0.000109
0.000000
0.000000
0.000006
0.000016
0.000013
0.000023
0.000021
0.000032
0.000034
0.000034
0.000045
0.000054
0.004542
