0.000000
0.000394
0.016125
0.054479
0.116217
0.048818
0.247033
0.020636
0.159607
0.034044
0.136030
0.108130
0.013993
0.088900
0.034179
0.040015
0.100338
0.020518
0.057073
0.039378
0.158393
0.003999
0.183555
0.008574
0.155681
0.007147
0.274074
0.006466
0.046911
0.000027
0.017731
0.000051
0.118597
0.007823
0.064975
0.008295
0.040739
0.000151
0.075543
0.000167
0.072636
0.013359
0.059198
0.012638
0.102618
0.003448
0.064796
0.030864
0.031131
0.066161
0.012609
0.081645
0.000000
0.001633
0.000001
0.000001
0.000002
0.001667
0.000003
0.000003
0.000004
0.001702
0.000005
0.001737
0.000006
0.001773
0.000008
0.000008
0.000009
0.000009
0.000012
0.000012
0.002705
