0.118288
0.019486
0.427135
0.022033
0.262961
0.014123
0.387052
0.024955
0.043916
0.009212
0.472587
0.005991
0.376949
0.004638
0.124083
0.002824
0.351999
0.001359
0.452227
0.001355
0.720120
0.001890
0.148464
0.002500
0.434588
0.001775
0.135443
0.000888
0.589399
0.000446
0.162079
0.000450
0.460828
0.000276
0.688241
0.000277
0.410117
0.000200
0.941748
0.000131
0.392933
0.000089
0.299946
0.000063
0.377418
0.000092
0.338503
0.000048
0.358766
0.000066
0.634326
0.000042
0.349817
0.000042
0.360704
0.000054
0.363009
0.000039
0.346956
0.000025
0.993956
0.000000
0.340038
0.000019
22.386279
