0.073386
0.000744
0.003815
0.000236
0.001485
0.000512
0.007340
0.081130
0.071552
0.044877
0.190813
0.001263
0.198475
0.048690
0.079218
0.041389
0.000015
0.000000
0.000000
0.001704
0.000347
0.000311
0.000311
0.000289
0.000289
0.052367
0.070163
0.026851
0.180647
0.000966
0.031725
0.000829
0.018455
0.001102
0.164372
0.000717
0.003767
0.000451
0.004152
0.000086
0.105855
0.011704
0.196812
0.015516
0.146817
0.001005
0.032900
0.000440
0.006085
0.000998
0.110218
0.025702
0.108261
0.035840
0.080585
0.027418
0.074956
0.000000
0.000833
0.000000
0.013490
0.000083
0.001222
0.000110
0.000679
0.000082
0.002732
0.000098
0.000742
0.000062
0.020960
0.008409
0.079141
0.000000
0.001828
