0.081442
0.003024
0.005618
0.002597
0.006513
0.002309
0.121078
0.011353
0.019338
0.002524
0.016776
0.002261
0.012320
0.002904
0.009664
0.005184
0.005534
0.007960
0.003909
0.007249
0.003812
0.005768
0.004068
0.004703
0.004537
0.003927
0.005202
0.003321
0.006075
0.002832
0.276134
0.003153
0.002525
0.002696
0.002960
0.002261
0.003539
0.001883
0.004304
0.001569
0.005355
0.001311
0.006927
0.001099
0.004751
0.000000
0.004941
0.000714
0.008087
0.000420
0.008573
0.000396
0.014687
0.000488
0.013603
0.000762
0.010306
0.001163
0.007101
0.001550
0.005222
0.001985
0.004078
0.002488
0.003330
0.003015
0.337841
0.001684
0.004617
0.001802
0.004316
0.001901
0.397884
0.013571
0.251065
0.003555
0.005050
0.003282
0.005654
0.003056
0.006140
0.002880
0.006495
0.002728
0.006782
0.002586
0.007121
0.002338
0.006929
0.002110
0.007330
0.001721
0.005619
0.001409
0.006108
0.001792
0.085489
0.006089
0.001748
