0.082663
0.004333
0.009075
0.003524
0.123817
0.012138
0.028936
0.003480
0.010592
0.000000
0.010185
0.004669
0.011109
0.009306
0.005443
0.009368
0.004871
0.007169
0.005359
0.005635
0.006274
0.004484
0.007454
0.003572
0.277077
0.004232
0.003802
0.003470
0.004892
0.002669
0.006438
0.002055
0.008931
0.001552
0.013127
0.001032
0.018062
0.000587
0.015397
0.000602
0.014282
0.001234
0.012041
0.002240
0.007258
0.003099
0.005162
0.004124
0.339598
0.002564
0.006689
0.002812
0.398963
0.013568
0.252261
0.005179
0.007815
0.004576
0.008933
0.004159
0.009697
0.003828
0.010384
0.003483
0.011186
0.003168
0.012430
0.003047
0.087177
0.006079
0.001748
