0.081408
0.003018
0.005623
0.002595
0.006515
0.002306
0.121482
0.011979
0.015920
0.000000
0.010271
0.002977
0.018050
0.003344
0.012827
0.006011
0.006490
0.009289
0.004505
0.007895
0.004535
0.006153
0.005035
0.004943
0.005844
0.004052
0.006972
0.003355
0.276581
0.003421
0.002811
0.002886
0.003360
0.002376
0.004112
0.001952
0.005170
0.001571
0.006393
0.001217
0.007802
0.000970
0.011151
0.000702
0.013508
0.000426
0.010887
0.000349
0.010472
0.000500
0.009624
0.000848
0.008528
0.001458
0.007348
0.002175
0.005044
0.002733
0.003890
0.003368
0.339138
0.002570
0.006674
0.002807
0.398945
0.013571
0.252234
0.005162
0.007797
0.004556
0.008897
0.004142
0.009640
0.003814
0.010299
0.003494
0.011216
0.003206
0.012566
0.003065
0.087197
0.006082
0.001748
