0.000000
0.027731
0.074171
0.024829
0.089492
0.043014
0.039105
0.078387
0.000000
0.000000
0.000000
0.000000
0.000001
0.000001
0.000001
0.000001
0.000031
0.000100
0.000001
0.000011
0.000001
0.000012
0.000001
0.000013
0.000001
0.000015
0.000002
0.000016
0.000002
0.000002
0.000002
0.000018
0.000002
0.000020
0.000003
0.000022
0.000003
0.000024
0.000003
0.000001
0.000001
0.000000
0.000000
0.000000
0.000000
0.000000
0.000000
0.000195
0.000008
0.000164
0.000013
0.000226
0.000021
0.000825
0.000045
0.000045
0.000401
0.000066
0.000066
0.000174
0.000174
0.000101
0.000101
0.051726
0.084163
0.032664
0.036298
0.093691
0.005153
0.040703
0.007978
