0.000000
0.012649
0.171973
0.006715
0.164371
0.007389
0.176186
0.000000
0.000000
0.000001
0.000001
0.000001
0.000001
0.000001
0.000001
0.000002
0.000002
0.000002
0.000002
0.000002
0.000002
0.000002
0.000002
0.000004
0.000004
0.000005
0.000005
0.000006
0.000006
0.000007
0.000007
0.000008
0.000008
0.000009
0.000009
0.000011
0.000011
0.000023
0.000023
0.000049
0.000042
0.000042
0.000035
0.000035
0.000029
0.000029
0.000019
0.000019
0.000016
0.000016
0.000013
0.000013
0.000005
0.000005
0.000004
0.000004
0.000003
0.000003
0.000003
0.000003
0.000001
0.000001
0.000000
0.000000
0.000000
0.000000
0.183231
0.018053
0.105213
0.002599
0.000000
