0.083612
0.083596
0.000000
0.000000
0.031718
0.060024
0.000000
0.000000
0.015644
0.000036
0.001502
0.000033
0.001444
0.000091
0.002117
0.000123
0.001882
0.000150
0.001690
0.000169
0.001619
0.000187
0.000941
0.000097
0.000978
0.000203
0.001002
0.000143
0.000964
0.000263
0.000827
0.000068
0.000796
0.000318
0.000805
0.000147
0.000835
0.000348
0.001050
0.000350
0.000521
0.000026
0.000542
0.000442
0.000986
0.000443
0.000467
0.000071
0.000571
0.036894
0.000710
0.000272
0.000693
0.000464
0.000726
0.000200
0.000697
0.000351
0.000889
0.000261
0.036929
0.062673
0.073044
