0.048035
0.004282
0.113859
0.010131
0.112797
0.028243
0.445364
0.020350
0.262749
0.025092
0.030750
0.105524
333.820618
0.000029
49.182738
0.000045
0.521734
0.000048
0.854473
0.000045
1.112799
0.000036
0.533856
0.000042
0.588652
0.000040
0.529354
0.000056
0.853050
0.000065
1.126251
0.000056
0.844387
0.000029
1.650254
0.000042
26.397832
0.000036
47.237595
0.000034
15.268903
0.000000
1.299481
0.000068
1.298648
0.000048
0.485277
0.000057
1.295144
0.000058
0.704946
0.000061
1.298445
0.000056
0.486242
0.000048
1.295397
0.000077
1.549253
0.000043
5.652727
0.000031
5.125080
