0.046204
0.004262
0.115193
0.010091
0.113045
0.028239
0.445514
0.020382
0.262965
0.025074
0.030750
0.105343
333.822087
0.000024
49.180160
0.000051
0.519066
0.000049
0.856159
0.000053
1.115676
0.000015
0.528291
0.000039
0.591210
0.000038
0.528236
0.000052
0.852908
0.000073
0.528507
0.000045
0.596030
0.000059
0.849170
0.000027
0.552129
0.000000
1.104257
0.000047
26.390131
0.000042
40.749013
0.000057
1.261924
0.000050
0.477094
0.000038
1.982933
0.000041
1.498327
0.000044
1.273059
0.000037
11.977587
0.000038
3.295762
0.000060
1.302223
0.000095
0.434074
0.000050
0.863164
0.000056
0.469382
0.000090
0.435622
0.000042
0.873335
0.000079
0.694834
0.000079
1.297720
0.000074
0.478184
0.000061
1.299778
0.000091
1.549717
0.000053
5.652886
0.000034
5.125080
