0.106225
0.020200
0.441388
0.019144
0.232429
0.010192
0.333999
0.011856
0.079200
0.033422
759.618100
0.000195
0.407435
0.000373
3.505076
0.000338
0.384673
0.000295
0.375360
0.000270
2.770479
0.000435
0.401199
0.000271
5.083235
0.000093
69.420271
0.000268
49.019312
0.000282
5.359804
0.000233
49.573421
0.000273
34.710809
0.000288
31.653988
0.000205
67.651383
0.000397
13.982713
0.000000
4.302373
0.000379
0.352979
0.000507
19.280858
0.000329
2.749873
0.000300
15.359288
0.000272
1.375355
0.000362
0.652085
0.000192
74.485830
0.000448
6.578715
0.000388
0.835484
0.000189
2.013037
0.000431
0.878047
0.000426
3.151591
0.000429
10.347758
0.000344
0.211762
0.000187
7.789194
0.000280
5.447576
