0.106432
0.020434
0.440593
0.019255
0.233333
0.010084
0.334217
0.011695
0.079356
0.033174
759.625626
0.000214
0.399786
0.000325
3.507448
0.000313
0.385396
0.000297
0.386728
0.000226
2.760377
0.000402
0.393176
0.000290
5.087147
0.000161
69.410921
0.000231
49.056324
0.000000
5.332209
0.000230
84.292600
0.000313
31.644914
0.000229
67.662931
0.000323
18.269350
0.000303
0.358059
0.000465
19.280611
0.000347
20.150707
0.000210
74.477296
0.000394
6.586276
0.000301
2.832112
0.000390
0.886844
0.000355
3.147766
0.000350
10.355098
0.000429
0.189517
0.000192
13.229828
