0.041994
0.004443
0.116808
0.010256
0.114202
0.028145
0.446091
0.020203
0.262562
0.025128
0.030945
0.105334
134.331477
0.000046
54.873505
0.000000
1.097470
0.000058
87.019552
0.000019
33.855145
0.000093
0.482434
0.000063
0.540947
0.000080
0.754299
0.000078
0.735959
0.000055
1.028390
0.000053
0.718300
0.000065
1.762434
0.000043
15.584900
0.000039
45.509842
0.000047
87.215487
0.000021
8.001212
0.000044
2.411322
0.000044
1.292793
0.000060
1.535014
0.000076
1.299245
0.000055
0.483082
0.000072
1.291058
0.000075
1.543512
0.000065
1.327702
0.000045
2.429833
0.000057
1.560754
0.000059
9.752004
0.000051
1.310219
0.000079
3.109332
0.000070
1.567168
0.000052
1.001957
0.000034
18.434345
