0.000000
0.140865
0.045457
0.021894
0.136555
0.000445
0.029210
0.053071
0.132426
0.003039
0.084528
0.000399
0.142446
0.006093
0.064228
0.053474
0.154646
0.038858
0.133149
0.000000
0.004746
0.000001
0.036085
0.023609
0.044445
0.000002
0.000888
0.000005
0.031733
0.006142
0.076651
0.000152
0.098741
0.000117
0.010791
0.001538
0.101833
0.024584
0.061563
0.041618
0.177147
0.020410
0.142837
0.000083
0.000747
0.000087
0.043007
0.030195
0.040458
0.038739
0.070533
0.000013
0.018232
0.000142
0.074743
0.000000
0.000000
0.052150
0.017999
