0.072224
0.139141
0.022976
0.074747
0.048610
0.019477
0.349547
0.017570
0.322536
0.022267
0.048655
0.044786
138.950000
0.001458
32.352663
0.001508
0.530348
0.001335
0.776359
0.001052
0.839136
0.000828
3.949732
0.001173
8.884571
0.001383
2.152388
0.001755
2.152435
0.000972
0.385450
0.000865
62.402448
0.000935
73.330208
0.001553
30.548188
0.001958
377.779683
0.001936
0.434318
0.001199
0.400541
0.002173
0.462981
0.001725
1.109791
0.000899
2.691248
0.001040
0.889559
0.001312
0.193545
0.001805
5.772320
0.000970
0.477254
0.000949
1.115232
0.001445
0.851505
0.000983
2.712419
0.001304
3.353219
0.001135
1.592945
0.001686
0.917760
0.001288
2.203355
0.001198
0.478902
0.001784
2.722199
0.001031
0.412221
0.001175
0.430661
0.000864
1.123415
0.001650
2.761696
0.001488
1.106145
0.001086
0.828509
0.001194
2.744198
0.001292
2.778173
0.000000
1.944721
0.001546
9.015309
0.001403
0.766784
