0.072449
0.139128
0.022782
0.075086
0.048458
0.019465
0.349147
0.017577
0.322329
0.022197
0.048702
0.044858
138.949093
0.001414
32.354246
0.001522
0.529762
0.001307
0.776696
0.001112
0.837704
0.000867
3.952455
0.001197
8.884920
0.001382
2.149537
0.001765
2.154061
0.000997
0.383247
0.000830
3.670813
0.000000
58.733012
0.000923
73.328657
0.001539
30.551659
0.002015
377.778141
0.001916
0.435487
0.001175
0.399806
0.002179
0.461985
0.001761
1.112137
0.000934
2.690258
0.001058
0.885091
0.001230
0.199602
0.001699
5.772703
0.000984
0.477084
0.000931
1.114196
0.001419
0.849784
0.001029
2.714173
0.001262
3.351014
0.001079
1.593311
0.001599
0.917600
0.001242
2.204315
0.001167
0.479572
0.001773
2.721226
0.001031
0.411163
0.001170
0.429501
0.000857
1.126149
0.001620
2.761194
0.001419
1.102329
0.001153
0.829661
0.001167
2.744810
0.001348
2.773064
0.000873
1.951414
0.001558
9.013940
0.001406
0.766784
