0.000000
0.002405
0.394246
0.004345
0.314856
0.005803
0.525095
0.008740
0.250657
0.017240
0.204854
0.004681
0.293007
0.017257
0.376332
0.004474
0.544290
0.002250
0.162879
0.001666
0.362936
0.002029
0.402260
0.001519
0.387647
0.000456
0.379730
0.001528
0.376100
0.006585
0.107272
0.012576
0.103732
0.009403
0.112971
0.002773
0.617853
0.000024
0.067177
0.000090
0.357406
0.000042
0.375759
0.000008
0.334018
0.000021
0.069103
0.000009
0.201932
0.000005
0.195972
0.000012
0.285867
0.000020
0.184436
0.000018
0.204928
0.000017
0.298829
0.000011
0.426899
0.000014
0.061765
0.000021
0.414979
0.000016
0.728031
0.000012
0.469698
0.000014
0.462361
0.000000
2.157683
0.000006
28.085184
