0.000000
0.002411
0.394237
0.004355
0.314831
0.005788
0.525128
0.008743
0.250645
0.017233
0.204898
0.004685
0.292959
0.017256
0.376350
0.004473
0.544400
0.002241
0.162918
0.001661
0.362877
0.002030
0.402324
0.001518
0.387607
0.000455
0.379773
0.001537
0.376182
0.006599
0.107222
0.012595
0.103702
0.009401
0.112841
0.002763
0.617855
0.000028
0.067177
0.000090
0.357415
0.000040
0.066307
0.000013
0.643454
0.000020
0.069097
0.000009
0.201926
0.000011
0.195966
0.000012
0.285861
0.000029
0.184430
0.000022
0.204922
0.000017
0.298821
0.000019
0.426893
0.000017
0.061760
0.000028
0.414971
0.000025
0.071368
0.000012
0.656646
0.000021
0.469691
0.000020
0.462356
0.000017
0.696827
0.000011
0.487778
0.000015
0.190796
0.000012
0.782271
0.000016
0.161967
0.000019
1.219521
0.000000
1.371961
0.000006
25.331734
