0.000000
0.002406
0.394236
0.004353
0.314859
0.005794
0.525132
0.008737
0.250649
0.017239
0.204856
0.004682
0.292993
0.017260
0.376357
0.004471
0.544292
0.002246
0.162876
0.001663
0.362879
0.002030
0.402305
0.001520
0.387632
0.000456
0.379748
0.001534
0.376117
0.006595
0.107241
0.012581
0.103711
0.009394
0.112913
0.002764
0.617857
0.000027
0.067180
0.000088
0.357416
0.000039
0.375755
0.000004
0.334015
0.000023
0.069101
0.000010
0.201929
0.000006
0.195969
0.000014
0.285865
0.000024
0.184433
0.000017
0.204925
0.000017
0.298826
0.000015
0.426896
0.000015
0.061763
0.000023
0.414976
0.000021
0.071372
0.000011
0.656649
0.000015
0.469693
0.000016
0.462357
0.000013
1.184607
0.000010
0.190798
0.000000
0.782273
0.000008
28.085184
