0.000000
0.027235
0.000000
0.000360
0.000000
0.000000
0.000000
0.000036
0.000000
0.000149
0.000000
0.000000
0.000000
0.000000
0.000000
0.000000
0.000000
0.000000
0.000000
0.000000
0.000000
0.000000
0.000000
0.000000
0.000000
0.000000
0.000000
0.000000
0.000000
0.000000
0.000000
0.000000
0.000000
0.000000
0.000002
0.000083
0.000001
0.000019
0.000001
0.000023
0.000001
0.000028
0.000001
0.000016
0.000001
0.000038
0.000001
0.000021
0.000001
0.000000
0.000000
0.000000
0.000000
0.000000
0.000000
0.000000
0.000000
0.000000
0.000000
0.000000
0.000000
0.000000
0.000000
0.000000
0.000000
0.000000
0.000000
0.000000
0.000000
0.000913
0.000003
0.084510
0.304259
0.018328
0.223256
0.000150
0.194352
0.032232
0.020223
0.041185
0.250289
0.023353
0.047310
0.050388
0.068885
0.022380
0.093949
0.020074
0.003291
