0.000000
0.165392
0.030504
0.006057
0.109848
0.001204
0.000034
0.001092
0.000308
0.000987
0.000324
0.001206
0.038105
0.011348
0.111681
0.003291
0.001913
0.001580
0.052049
0.030416
0.075222
0.000005
0.007148
0.000010
0.045262
0.017883
0.043979
0.000000
0.005864
0.000962
0.091462
0.001406
0.002029
0.001809
0.018357
0.006226
0.037599
0.003397
0.034040
0.001163
0.002204
0.001104
0.122017
0.039038
0.041465
0.032575
0.104625
0.000445
0.000139
0.000358
0.083121
0.005149
0.053124
0.003687
0.000240
0.003919
0.000155
0.000111
0.000012
0.003707
0.001854
0.000103
0.005225
0.000100
0.024364
0.048299
0.014964
