0.000000
0.014531
0.066709
0.042950
0.137492
0.009797
0.185715
0.001365
0.178639
0.000468
0.182447
0.004967
0.036772
0.002714
0.016567
0.001037
0.011601
0.000831
0.005925
0.000615
0.001743
0.000451
0.002872
0.074342
0.181509
0.009776
0.000000
0.000000
0.008028
0.001099
0.066433
0.013784
0.043063
0.003120
0.229241
0.000158
0.014077
0.002569
0.050084
0.017403
0.243280
0.000212
0.004680
0.001079
0.038804
0.008614
0.155445
0.000721
0.106552
0.000055
0.195354
0.000251
0.054365
0.000528
0.143756
0.001570
0.060955
0.002843
0.158782
0.001591
0.066826
0.001849
0.068591
0.001419
0.077148
0.001553
0.014733
0.001357
0.000293
