0.000000
0.014567
0.066634
0.042958
0.137429
0.009866
0.185668
0.001442
0.178588
0.000579
0.182394
0.005061
0.036747
0.002668
0.016546
0.000968
0.011581
0.000755
0.005905
0.000536
0.001724
0.000371
0.002853
0.074209
0.000000
0.000000
0.181570
0.009650
0.008082
0.001025
0.066483
0.013776
0.043162
0.003064
0.229332
0.000105
0.014168
0.002526
0.050172
0.017442
0.243327
0.000164
0.004727
0.001034
0.038851
0.008734
0.155452
0.000719
0.106558
0.000026
0.195360
0.000245
0.054372
0.000488
0.143763
0.001500
0.060962
0.002885
0.158780
0.001579
0.066826
0.001850
0.068590
0.001367
0.077149
0.001542
0.014732
0.001351
0.000293
