0.000000
0.014543
0.066686
0.042951
0.137473
0.009818
0.185701
0.001388
0.178624
0.000502
0.182432
0.004995
0.036765
0.002701
0.016561
0.001018
0.011595
0.000809
0.005919
0.000592
0.001738
0.000428
0.002867
0.074295
0.000000
0.000000
0.181527
0.009743
0.008044
0.001074
0.066447
0.013781
0.043092
0.003102
0.229267
0.000142
0.014104
0.002557
0.050110
0.017415
0.243294
0.000198
0.004694
0.001066
0.038818
0.008650
0.155447
0.000721
0.106554
0.000047
0.195356
0.000249
0.054367
0.000516
0.143758
0.001549
0.060957
0.002856
0.158782
0.001587
0.066826
0.001850
0.068591
0.001404
0.077149
0.001549
0.014733
0.001356
0.000293
