0.000000
0.116759
0.045703
0.006994
0.015251
0.000122
0.082337
0.000763
0.101563
0.003068
0.138125
0.017192
0.218854
0.000489
0.129914
0.062976
0.144890
0.030323
0.155952
0.011240
0.000000
0.000000
0.093624
0.004982
0.160066
0.010291
0.122077
0.008044
0.097496
0.000002
0.015505
0.009336
0.157693
0.000004
0.000000
0.004830
0.025126
0.010263
0.053742
0.012180
0.159130
0.000291
0.034047
0.002086
0.126770
0.000306
0.012414
0.000156
0.002851
0.000150
0.000507
0.000551
0.065562
0.004523
0.031088
0.000126
0.145376
0.005376
0.040056
0.000015
0.023783
0.006266
0.095122
0.000115
0.066615
0.009739
0.052939
0.010861
0.125517
0.000405
0.052227
0.031212
0.008251
0.000135
0.021880
0.076315
0.009861
