0.000000
0.012371
0.066687
0.041047
0.185909
0.001874
0.209734
0.002806
0.035046
0.000008
0.022611
0.001088
0.338401
0.005841
0.029467
0.000003
0.346246
0.005262
0.263751
0.000007
0.016482
0.000556
0.024960
0.013266
0.269792
0.010863
0.146520
0.000004
0.019536
0.000014
0.010378
0.000713
0.232603
0.000193
0.054915
0.002578
0.157537
0.001380
0.063822
0.000721
0.186703
0.000858
0.031663
0.000010
0.075993
0.000628
0.067232
0.001308
0.000000
0.000000
0.081860
0.001903
0.068618
0.000882
0.090517
0.001230
0.129536
0.000007
0.010565
0.000007
0.014606
0.000001
0.109545
0.002111
0.072632
0.001135
0.072159
0.003578
0.119294
0.000989
0.034440
0.000619
0.024104
0.000000
0.001201
