0.000000
0.004439
0.065374
0.061926
0.163534
0.009051
0.100468
0.001868
0.013673
0.000301
0.004946
0.000000
0.045505
0.066744
0.035356
0.083427
0.118057
0.078609
0.019237
0.075266
0.034814
0.002069
0.022664
0.015458
0.156119
0.014885
0.112700
0.044114
0.063528
0.031645
0.094390
0.033402
0.502856
0.006015
0.005770
0.000011
0.000230
0.000043
0.000097
0.000090
0.000206
0.000128
0.000795
0.000241
0.000882
0.000783
0.003354
0.001221
0.196303
0.003719
0.015491
0.000877
0.098755
0.001404
0.003872
0.000129
0.007796
0.022218
0.079903
0.030162
0.096803
0.011572
0.070844
0.000028
0.001413
