0.091601
0.183075
0.095766
0.173646
0.111259
0.274564
0.102888
0.144097
0.104558
0.157962
0.104256
0.147635
0.099171
0.158970
0.098260
0.149000
0.104876
0.144620
0.104406
0.111863
0.052061
0.097205
0.038322
0.044323
0.063298
0.130610
0.086439
0.088826
0.039732
0.106208
0.112854
0.142187
0.071426
0.095050
0.051940
0.037296
0.020000
0.118872
0.068101
0.108817
0.058116
0.066316
0.103588
0.106594
0.134496
0.100427
0.054159
0.090698
0.087330
0.073127
0.022690
0.078978
0.048979
0.055565
0.095792
0.100129
0.088063
0.104907
0.047213
0.070651
0.074829
0.065531
0.062137
0.091295
0.075731
0.064119
0.027680
0.032841
0.041947
0.084391
0.103608
0.103312
0.056176
0.049274
0.119393
0.040647
0.101891
0.000000
0.134311
0.086794
0.047580
0.086219
0.054629
