0.103183
0.141216
0.091724
0.171994
0.173851
0.150118
0.096956
0.156156
0.100631
0.153194
0.100120
0.158921
0.096627
0.141830
0.099856
0.134552
0.062409
0.098143
0.069470
0.155524
0.061337
0.035563
0.090191
0.103034
0.104954
0.080529
0.014580
0.083953
0.051814
0.050455
0.067914
0.060778
0.052706
0.092806
0.093226
0.115078
0.053059
0.074829
0.079167
0.091939
0.110839
0.075328
0.084365
0.086350
0.074213
0.077228
0.031165
0.086936
0.064768
0.073826
0.049076
0.109391
0.090752
0.048810
0.048238
0.000000
0.259278
0.071162
0.401478
0.065249
0.265707
0.077199
0.479837
0.013923
0.079982
0.073113
0.043994
