0.000000
0.155924
0.098953
0.000150
0.003983
0.000193
0.016325
0.008225
0.019173
0.000663
0.018898
0.000647
0.101723
0.007134
0.016652
0.006201
0.106412
0.002781
0.102269
0.026324
0.052237
0.006637
0.010688
0.000007
0.098361
0.000064
0.000170
0.000057
0.006452
0.000187
0.007036
0.000230
0.001931
0.000225
0.001758
0.008020
0.103301
0.000235
0.072311
0.044323
0.043356
0.018623
0.108471
0.015028
0.004402
0.000000
0.027672
0.000007
0.005959
0.000010
0.002364
0.000028
0.002453
0.000029
0.000778
0.000035
0.000790
0.000069
0.001674
0.000446
0.000067
0.000253
0.029181
0.003488
0.104705
0.000811
0.014777
0.000466
0.002259
0.000063
0.008382
0.000520
0.001925
0.000497
0.001629
0.000007
0.006699
0.000201
0.001394
0.000211
0.047021
0.042739
0.017587
