0.000000
0.008803
0.042564
0.108389
0.073818
0.052772
0.082062
0.020219
0.114067
0.100523
0.205235
0.023504
0.149033
0.010570
0.111250
0.009661
0.002564
0.000009
0.000143
0.000010
0.000048
0.000005
0.000086
0.000015
0.000113
0.000020
0.000154
0.000010
0.000086
0.000028
0.000420
0.000043
0.013337
0.000294
0.127717
0.022473
0.188384
0.014075
0.162437
0.007685
0.093341
0.000178
0.012375
0.000200
0.119043
0.005997
0.043303
0.012320
0.105173
0.000610
0.109353
0.005162
0.183293
0.005303
0.090219
0.000007
0.109830
0.005222
0.064558
0.006776
0.019991
0.000127
0.151049
0.003895
0.133532
0.000996
0.040432
0.000726
0.045517
0.004742
0.003672
0.000000
0.183610
0.014876
0.044457
0.000229
0.012246
0.016507
0.175911
0.034136
0.029540
0.081512
0.008855
