0.000000
0.007610
0.042811
0.108392
0.073829
0.052685
0.082011
0.020369
0.114272
0.099796
0.205332
0.023348
0.149298
0.010635
0.111130
0.009682
0.002567
0.000004
0.000146
0.000003
0.000140
0.000003
0.000116
0.000011
0.000158
0.000000
0.000090
0.000017
0.000424
0.000029
0.013342
0.000235
0.127721
0.022408
0.188390
0.014143
0.162438
0.007702
0.093365
0.000126
0.012402
0.000143
0.119067
0.006252
0.043214
0.012492
0.105192
0.000468
0.109384
0.005242
0.183382
0.005379
0.200026
0.005497
0.064402
0.007124
0.020091
0.000051
0.151150
0.004044
0.133575
0.000648
0.040489
0.000463
0.045566
0.004443
0.187368
0.014703
0.044434
0.000031
0.012222
0.016512
0.176001
0.034047
0.029561
0.081382
0.008880
