0.000000
0.007958
0.042740
0.108388
0.073827
0.052708
0.082028
0.020325
0.114212
0.100005
0.205305
0.023393
0.149218
0.010616
0.111166
0.009675
0.002566
0.000005
0.000145
0.000005
0.000050
0.000000
0.000088
0.000005
0.000115
0.000014
0.000157
0.000003
0.000089
0.000020
0.000423
0.000033
0.013340
0.000256
0.127719
0.022426
0.188388
0.014123
0.162436
0.007699
0.093358
0.000143
0.012394
0.000157
0.119060
0.006179
0.043241
0.012444
0.105185
0.000509
0.109374
0.005219
0.183354
0.005357
0.090211
0.000001
0.109822
0.005419
0.064448
0.007026
0.020064
0.000071
0.151123
0.004003
0.133563
0.000745
0.040473
0.000536
0.045552
0.004527
0.187343
0.014751
0.044441
0.000088
0.012229
0.016510
0.175975
0.034073
0.029555
0.081420
0.008873
