0.106829
0.020200
0.440985
0.018813
0.232682
0.010320
0.334173
0.011866
0.078479
0.033522
170.287569
0.000391
0.521769
0.000303
1.056034
0.000397
0.527709
0.000301
0.796223
0.000389
1.308583
0.000418
2.121711
0.000000
1.609574
0.000291
0.502507
0.000316
0.848160
0.000369
1.336075
0.000271
176.389728
0.000298
28.712198
0.000381
12.998169
0.000284
12.535853
0.000301
287.324758
0.000487
4.031927
0.000275
3.046070
0.000325
4.585190
0.000311
1.849479
0.000310
14.027679
0.000361
1.853024
0.000394
0.575209
0.000276
1.857302
0.000319
4.111006
0.000397
11.931853
0.000229
1.914200
0.000334
0.807178
0.000327
1.972475
0.000402
3.862115
0.000389
1.561749
0.000283
3.142103
0.000355
3.501534
0.000401
0.389390
0.000346
5.099849
0.000078
1409.855184
