0.000000
0.010278
0.051236
0.073906
0.194924
0.000870
0.041811
0.000151
0.055118
0.009720
0.314725
0.000760
0.042117
0.001292
0.178479
0.027707
0.242864
0.000274
0.015067
0.011603
0.047154
0.000521
0.313196
0.003157
0.004958
0.001029
0.036878
0.019805
0.020327
0.000000
0.238848
0.006670
0.369442
0.000151
0.041225
0.004246
0.326713
0.000000
0.043299
0.003138
0.342985
0.001525
0.174021
0.001703
0.187282
0.002205
0.027043
0.000623
0.171704
0.001844
0.014509
0.000229
0.172393
0.000568
0.019944
0.006432
0.119630
0.018454
0.094544
0.019783
0.083195
0.000429
0.019979
0.007805
0.095247
0.000171
0.000000
