0.000000
0.156415
0.119523
0.008162
0.021932
0.000423
0.006928
0.000180
0.006520
0.000211
0.104460
0.007318
0.016828
0.006092
0.106623
0.002229
0.102486
0.026549
0.052208
0.006593
0.113658
0.000000
0.007104
0.000223
0.004675
0.000291
0.001862
0.008131
0.175586
0.044373
0.043447
0.018682
0.108542
0.014891
0.043870
0.000007
0.000873
0.000144
0.001568
0.000493
0.000514
0.000036
0.029251
0.003542
0.104757
0.000755
0.014830
0.000432
0.012151
0.000541
0.003121
0.000075
0.006893
0.000341
0.047845
0.042551
0.017573
