0.000000
0.011106
0.105008
0.035165
0.104662
0.059844
0.139928
0.002110
0.032446
0.003099
0.058579
0.014554
0.098172
0.043255
0.125285
0.041619
0.459899
0.031388
0.093177
0.032078
0.125335
0.002344
0.008337
0.000085
0.135138
0.000550
0.003451
0.000066
0.018853
0.008467
0.173274
0.000175
0.000332
0.000028
0.003096
0.000974
0.000579
0.000454
0.002673
0.001726
0.023782
0.007963
0.000000
0.008281
0.285979
0.002336
0.020503
0.000059
0.194557
0.002833
0.003320
0.000304
0.000808
0.000039
0.013423
0.005032
0.182808
0.003536
0.165151
0.016620
0.015199
0.000185
0.082100
0.023964
0.110137
0.010853
0.024679
