0.000000
0.011127
0.105001
0.035146
0.104656
0.059866
0.139945
0.002115
0.032458
0.003121
0.058593
0.014521
0.098224
0.000000
0.000000
0.043198
0.125253
0.041661
0.459832
0.031408
0.093143
0.032116
0.125305
0.002371
0.008300
0.000115
0.135101
0.000588
0.003413
0.000106
0.018816
0.008443
0.173269
0.000218
0.000328
0.000072
0.003091
0.001016
0.000575
0.000497
0.002668
0.001769
0.023775
0.016117
0.285956
0.002353
0.020475
0.000018
0.194530
0.002857
0.003291
0.000336
0.000778
0.000071
0.013394
0.004952
0.182817
0.003518
0.165153
0.016602
0.015180
0.000219
0.082081
0.023982
0.110093
0.010860
0.024679
