0.119258
0.016796
0.002350
0.001756
0.002906
0.001419
0.003547
0.001190
0.004389
0.001010
0.005654
0.000852
0.007801
0.000679
0.010393
0.000531
0.009355
0.000562
0.008016
0.000709
0.006564
0.000824
0.005302
0.000897
0.004564
0.101434
0.001796
0.002889
0.001896
0.002672
0.002035
0.002440
0.002213
0.002212
0.002428
0.001994
0.002681
0.001795
0.002972
0.001614
0.003299
0.001455
0.003655
0.001318
0.002053
0.000000
0.001974
0.001203
0.300011
0.000881
0.003117
0.000859
0.003213
0.000837
0.003305
0.000816
0.003398
0.000801
0.343109
0.000111
0.304547
0.002284
0.224395
0.002223
0.187058
0.045808
0.026897
0.049368
0.067032
0.036963
0.071850
0.038264
0.071418
0.023708
0.098169
0.006745
0.009791
