0.081437
0.003024
0.005621
0.002596
0.006515
0.002305
0.121229
0.011536
0.021331
0.002701
0.009516
0.000000
0.008458
0.002736
0.013693
0.004119
0.008285
0.007544
0.004607
0.008318
0.004056
0.006639
0.004260
0.005307
0.004752
0.004359
0.005480
0.003637
0.006459
0.003061
0.276291
0.003043
0.002422
0.002626
0.002821
0.002219
0.003352
0.001865
0.004055
0.001572
0.005043
0.001340
0.006592
0.001048
0.007506
0.000768
0.008964
0.000529
0.009157
0.000369
0.010264
0.000329
0.010948
0.000418
0.010294
0.000713
0.009692
0.001163
0.006914
0.001553
0.005083
0.001964
0.003966
0.002425
0.003254
0.003025
0.338004
0.001725
0.004450
0.001741
0.004232
0.001921
0.397978
0.013571
0.251452
0.004067
0.005865
0.003678
0.006596
0.003392
0.007148
0.003176
0.007553
0.002985
0.007950
0.002794
0.008466
0.002586
0.009017
0.002409
0.009822
0.002369
0.085955
0.006083
0.002768
