0.000000
0.115291
0.034560
0.002352
0.129215
0.028654
0.150205
0.015963
0.087024
0.001609
0.002981
0.000545
0.003134
0.000273
0.168197
0.030552
0.148232
0.052827
0.158222
0.001556
0.064930
0.000043
0.002334
0.000003
0.116674
0.028480
0.152563
0.010086
0.127290
0.000375
0.030977
0.009907
0.155121
0.008783
0.030786
0.000391
0.126327
0.000509
0.109992
0.001127
0.086996
0.000302
0.000000
0.000004
0.000328
0.000004
0.001039
0.000004
0.016965
0.001691
0.082648
0.005074
0.109055
0.000063
0.076348
0.000807
0.035072
0.000663
0.092297
0.001280
0.114827
0.000069
0.039299
0.002180
0.157934
0.000468
0.038651
0.002322
0.131793
0.012806
0.045871
0.041676
0.026388
0.039600
0.000000
0.041184
0.008359
