0.000000
0.115395
0.034702
0.001968
0.129370
0.028321
0.150521
0.015960
0.087244
0.001386
0.003222
0.000286
0.171811
0.030495
0.147917
0.052795
0.158217
0.001590
0.064926
0.000088
0.002329
0.000006
0.116670
0.028625
0.152849
0.009886
0.127344
0.000154
0.031027
0.010067
0.155082
0.008910
0.030808
0.000207
0.126350
0.000268
0.110014
0.001275
0.087016
0.000329
0.000346
0.000005
0.001058
0.000005
0.016983
0.001725
0.082672
0.005270
0.109025
0.000000
0.076318
0.000797
0.035044
0.000557
0.092270
0.001237
0.114814
0.000025
0.039287
0.002144
0.157910
0.000305
0.038626
0.002356
0.131762
0.012733
0.045911
0.041563
0.026457
0.080925
0.008374
