0.109047
0.019569
0.437040
0.020550
0.239840
0.009322
0.328557
0.010400
0.080793
0.032853
0.527089
0.002060
1.067853
0.000000
0.444939
0.000651
99.705347
0.000302
71.666075
0.000192
1.327797
0.000276
1.325392
0.000306
0.804173
0.000290
0.531396
0.000261
0.795380
0.000397
0.798927
0.000262
0.538053
0.000484
0.802771
0.000391
0.548393
0.000399
0.558378
0.000285
0.513830
0.000245
0.528858
0.000256
0.561129
0.000331
0.791661
0.000267
0.560980
0.000301
17.705634
0.000270
0.592207
0.000248
0.814931
0.000205
0.591471
0.000268
372.373898
