0.000000
0.008669
0.020935
0.147918
0.073944
0.090176
0.062159
0.019142
0.099577
0.136321
0.091697
0.001646
0.120938
0.018125
0.100833
0.011386
0.165044
0.010594
0.122125
0.016134
0.160329
0.000241
0.034241
0.004199
0.148789
0.011587
0.025469
0.000071
0.031020
0.000102
0.005655
0.000138
0.144131
0.000543
0.001700
0.000173
0.000195
0.000000
0.000521
0.000008
0.000063
0.000088
0.000544
0.000015
0.000723
0.000088
0.000164
0.000022
0.001433
0.000135
0.071813
0.018172
0.065428
0.009005
0.099526
0.000404
0.011089
0.000117
0.007744
0.000363
0.052959
0.000300
0.016225
0.005367
0.099035
0.023567
0.044578
0.072156
0.032088
0.056749
0.160332
0.063230
0.023893
0.091663
0.033306
0.027674
0.118866
0.034454
0.028966
0.081338
0.007857
