0.000000
0.008599
0.142588
0.002311
0.175370
0.015143
0.192067
0.005134
0.274329
0.006004
0.292743
0.000729
0.045658
0.004912
0.295967
0.001754
0.038614
0.004138
0.231294
0.001381
0.034467
0.002745
0.224073
0.016801
0.328129
0.001019
0.069711
0.001925
0.277376
0.000921
0.000000
0.000000
0.005269
0.000796
0.023690
0.000957
0.074536
0.002629
0.078046
0.001198
0.221133
0.000910
0.018522
0.000300
0.081804
0.001802
0.071754
0.001344
0.170219
0.000105
0.177043
0.001728
0.075065
0.000358
0.052431
0.002873
0.060775
0.000106
0.063059
0.001344
0.023740
0.000563
0.003349
