0.041507
0.004455
0.117306
0.010254
0.114020
0.028144
0.446101
0.020229
0.262827
0.025117
0.030912
0.105163
234.159745
0.000050
72.058842
0.000055
0.418884
0.000000
0.317774
0.000077
1.016449
0.000058
0.740090
0.000099
0.718294
0.000039
1.027002
0.000060
0.719898
0.000068
1.023078
0.000071
0.744696
0.000072
1.752636
0.000049
0.751042
0.000055
1.746371
0.000047
14.074336
0.000055
0.767719
0.000057
0.731384
0.000054
45.507596
0.000065
94.994194
0.000012
1.733017
0.000055
0.910198
0.000044
2.168161
0.000053
0.670217
0.000044
0.233191
0.000052
1.532063
0.000077
1.301256
0.000095
1.360847
0.000088
0.167078
0.000113
1.566827
0.000115
0.439118
0.000064
0.489531
0.000063
0.384886
0.000060
0.459820
0.000064
0.454701
0.000079
1.539996
0.000066
1.561369
0.000051
14.170054
0.000030
2.572956
0.000051
1.303977
0.000085
1.318076
0.000069
1.546519
0.000061
1.315348
0.000068
1.082301
