0.000000
0.002639
0.140316
0.018233
0.095498
0.082625
0.010512
0.000070
0.001364
0.000132
0.001218
0.000254
0.018965
0.024262
0.165000
0.000136
0.214082
0.000142
0.021963
0.002658
0.041124
0.000148
0.258121
0.003256
0.209406
0.000046
0.013103
0.000292
0.197801
0.011882
0.010200
0.000019
0.250507
0.000271
0.015975
0.017739
0.028633
0.000626
0.010777
0.000000
0.172426
0.000010
0.002400
0.000019
0.000570
0.000059
0.002983
0.000031
0.001954
0.000026
0.000979
0.000035
0.146330
0.004117
0.048515
0.000221
0.054600
0.003321
0.247913
0.001540
0.023178
0.001281
0.002723
0.000649
0.048416
0.000425
0.050191
0.001221
0.003892
0.000517
0.022652
0.006027
0.016105
0.000621
0.005870
0.000324
0.097551
0.001289
0.018178
0.003213
0.101456
