0.106009
0.020410
0.441840
0.019024
0.233633
0.010151
0.331581
0.011433
0.081016
0.032216
94.711133
0.000301
76.638773
0.000265
6.332446
0.000471
0.537340
0.000451
0.791894
0.000521
0.536211
0.000485
0.811529
0.000421
0.551711
0.000473
0.536474
0.000351
4.954460
0.000201
12.907418
0.000364
0.569689
0.000351
0.822761
0.000314
0.593161
0.000512
0.553731
0.000374
0.871922
0.000461
0.566235
0.000264
0.839668
0.000371
0.593482
0.000320
3.466721
0.000336
73.218164
0.000263
47.252274
0.000365
2.890642
0.000299
15.599899
0.000260
24.386931
0.000259
96.555756
0.000171
22.993395
0.000253
15.433766
0.000351
1.301877
0.000480
1.327691
0.000280
207.829435
0.000324
0.285493
0.000142
1.597329
0.000172
1.841285
0.000309
0.349706
0.000319
1.880479
0.000268
1.257268
0.000301
125.074306
0.000253
1.066144
0.000000
12.527192
0.000100
174.558909
0.000242
381.887097
0.000290
210.543475
