0.000000
0.150453
0.049861
0.014185
0.103986
0.016001
0.043988
0.000165
0.001684
0.000259
0.015542
0.008012
0.154404
0.003134
0.033478
0.002777
0.198840
0.007728
0.034477
0.004231
0.133376
0.002494
0.266833
0.000108
0.117245
0.000000
0.234490
0.002810
0.101515
0.000317
0.046402
0.008867
0.146647
0.004092
0.378312
0.002551
0.042373
0.001424
0.195906
0.006239
0.090494
0.001078
0.054367
0.013740
0.145402
0.001126
0.101641
0.001175
0.004048
0.001242
0.099603
0.001681
0.325701
0.030629
0.133612
0.053521
0.070869
0.002007
0.073753
0.034795
0.045703
0.027531
0.180173
0.002353
0.163271
0.003790
0.096851
0.005429
0.098209
0.023994
0.017362
