0.000000
0.152497
0.049527
0.014427
0.103047
0.015572
0.062941
0.007884
0.153938
0.001785
0.032999
0.002786
0.198194
0.006140
0.033742
0.002953
0.132623
0.001200
0.617913
0.002008
0.100862
0.001045
0.045805
0.006188
0.145554
0.004042
0.377277
0.002101
0.236845
0.005117
0.090325
0.002892
0.054295
0.013395
0.248420
0.000134
0.004924
0.000278
0.100429
0.000000
0.326394
0.030753
0.132833
0.054201
0.070479
0.000906
0.073285
0.034618
0.044556
0.026834
0.180635
0.002327
0.163831
0.005506
0.096943
0.005195
0.097841
0.025555
0.016894
