0.109505
0.016941
0.438218
0.021626
0.240705
0.010731
0.334093
0.013055
0.067398
0.036124
0.480188
0.002134
0.344966
0.002613
0.400601
0.001602
0.380090
0.003284
0.128233
0.002549
0.369460
0.001046
0.390278
0.001265
0.137898
0.000899
121.480322
0.000131
0.445055
0.000132
0.448301
0.000164
0.441050
0.000206
0.444439
0.000198
0.449961
0.000213
0.442474
0.000208
0.450917
0.000190
0.445252
0.000184
0.447421
0.000151
0.448662
0.000143
0.443681
0.000108
0.453357
0.000075
0.432005
0.000069
0.664879
0.000047
0.909940
0.000000
0.415972
0.000047
0.908506
0.000035
11.068855
