0.109964
0.017061
0.438128
0.021580
0.240178
0.010869
0.334089
0.012883
0.067568
0.035987
0.481101
0.001981
0.342667
0.002719
0.402210
0.001672
0.379822
0.003307
0.127457
0.002561
0.369955
0.001077
0.390313
0.001299
0.137591
0.000912
121.472524
0.000101
0.439390
0.000102
0.449813
0.000148
0.435352
0.000202
0.443344
0.000197
0.450834
0.000249
0.438656
0.000269
0.451149
0.000259
0.447956
0.000313
0.444123
0.000307
0.450232
0.000319
0.447518
0.000325
0.450466
0.000301
0.233734
0.000052
0.207739
0.000282
0.480996
0.000263
0.182952
0.000252
0.248052
0.000085
0.220555
0.000193
0.462053
0.000291
0.187978
0.000049
0.247701
0.000219
0.465066
0.000189
0.446968
0.000203
0.435998
0.000102
0.286181
0.000033
0.184614
0.000107
0.424393
0.000068
0.076438
0.000036
0.900039
0.000000
2.925128
0.000028
0.197528
0.000021
0.718316
0.000032
4.922829
