0.000000
0.019453
0.038304
0.063976
0.243582
0.001067
0.022549
0.000014
0.029728
0.000615
0.212649
0.001515
0.046648
0.003491
0.282706
0.035404
0.025015
0.000158
0.005317
0.003195
0.029186
0.003745
0.175647
0.006206
0.186234
0.007893
0.208113
0.004068
0.181394
0.003712
0.030581
0.000332
0.002863
0.000312
0.000111
0.000000
0.000000
0.004712
0.038324
0.023400
0.021341
0.001988
0.265680
0.001033
0.027823
0.027404
0.032387
0.002034
0.018674
0.032431
0.038469
0.007065
0.043433
0.007375
0.076207
0.000000
0.094212
