0.083612
0.083596
0.031718
0.000000
0.000000
0.060024
0.000004
0.000000
0.000000
0.000000
0.015588
0.000042
0.001497
0.000018
0.001440
0.000095
0.002038
0.000115
0.001813
0.000144
0.001750
0.000170
0.001676
0.000194
0.000902
0.000062
0.000868
0.000234
0.000853
0.000030
0.000820
0.000264
0.000791
0.000101
0.000887
0.000273
0.000800
0.000153
0.000827
0.000327
0.000608
0.000000
0.000000
0.000003
0.000585
0.000384
0.000587
0.000045
0.000610
0.000456
0.000567
0.000026
0.000545
0.000472
0.000529
0.000118
0.000595
0.036867
0.000763
0.000335
0.000714
0.000424
0.000472
0.000011
0.000270
0.000231
0.000715
0.000326
0.000853
0.000230
0.036857
0.062672
0.009275
