0.000000
0.012265
0.039412
0.078619
0.233391
0.016052
0.030554
0.000982
0.003322
0.000241
0.040381
0.018173
0.030413
0.000631
0.283769
0.014905
0.060836
0.091056
0.183654
0.003863
0.043075
0.000149
0.094062
0.004624
0.243150
0.004538
0.024450
0.000000
0.000489
0.001006
0.001144
0.000730
0.000817
0.000090
0.002180
0.000557
0.001632
0.000279
0.000512
0.000104
0.026328
0.023803
0.046859
0.000229
0.032785
0.000808
0.043605
0.000358
0.011522
0.000106
0.001813
0.000792
0.003054
0.000438
0.036757
0.002023
0.037891
0.000000
0.018335
