0.000000
0.002696
0.191905
0.019876
0.072946
0.024382
0.107553
0.000000
0.197181
0.036573
0.061514
0.020405
0.177314
0.000091
0.199488
0.014783
0.138043
0.000116
0.122701
0.016954
0.166358
0.000095
0.032589
0.000061
0.300162
0.016725
0.159313
0.000968
0.059797
0.000133
0.119626
0.007301
0.177921
0.001008
0.046564
0.000027
0.021283
0.000697
0.089467
0.007785
0.128458
0.005810
0.206117
0.002067
0.049842
0.000060
0.029589
0.002077
0.076461
0.004383
0.076322
0.000075
0.062689
0.001883
0.029380
0.000000
0.029857
