0.082677
0.004281
0.008945
0.003518
0.124678
0.012200
0.030973
0.003776
0.020995
0.005592
0.010470
0.011135
0.005761
0.009686
0.005836
0.007179
0.006796
0.005530
0.008381
0.004345
0.278328
0.004548
0.004117
0.003552
0.005351
0.002705
0.007252
0.002088
0.010804
0.001407
0.013395
0.000822
0.016036
0.000650
0.022469
0.001165
0.015029
0.002179
0.008701
0.003244
0.005915
0.004517
0.339844
0.002565
0.006736
0.002811
0.398883
0.013576
0.252971
0.006168
0.009747
0.005377
0.011313
0.004839
0.012400
0.004104
0.012059
0.003435
0.013015
0.003459
0.006935
0.000000
0.081482
0.006080
0.003595
