0.081437
0.003022
0.005619
0.002595
0.006513
0.002307
0.121097
0.011329
0.019162
0.002445
0.015787
0.002204
0.012976
0.002925
0.010032
0.005186
0.005624
0.007969
0.003925
0.007280
0.003816
0.005795
0.004072
0.004723
0.004543
0.003942
0.005211
0.003332
0.006087
0.002845
0.276318
0.003555
0.002940
0.002970
0.003550
0.002430
0.004411
0.001987
0.005657
0.001637
0.007672
0.001094
0.006678
0.000678
0.007130
0.000685
0.007693
0.000000
0.008654
0.000504
0.011796
0.000387
0.011300
0.000580
0.009795
0.000969
0.008186
0.001525
0.006356
0.002099
0.004603
0.002631
0.003638
0.003222
0.339137
0.002569
0.006661
0.002810
0.398925
0.013572
0.251743
0.004537
0.006700
0.004056
0.007583
0.003718
0.008203
0.003462
0.008674
0.003223
0.009219
0.002983
0.010004
0.002777
0.011087
0.002687
0.086604
0.006085
0.003595
