0.000000
0.015653
0.036317
0.078430
0.194498
0.000368
0.142600
0.000068
0.030653
0.000139
0.187358
0.000000
0.000000
0.007062
0.027718
0.000218
0.011553
0.000674
0.247106
0.024196
0.239064
0.011679
0.006352
0.000007
0.026054
0.000153
0.338483
0.000015
0.006763
0.000231
0.037426
0.014993
0.258046
0.011485
0.067978
0.001021
0.307468
0.000027
0.012541
0.005569
0.077459
0.000479
0.042180
0.000085
0.029522
0.000172
0.209603
0.007103
0.072518
0.002267
0.063869
0.004032
0.155544
0.000052
0.047850
0.000798
0.181430
0.003872
0.032968
0.000116
0.004367
0.000272
0.005900
0.000518
0.045059
0.002028
0.033721
0.000992
0.008674
0.000029
0.001607
0.004880
0.054985
0.002758
0.028868
0.000340
0.008559
0.000142
0.001560
0.000037
0.038495
0.003029
0.038607
0.000000
0.017182
