0.000000
0.015617
0.036230
0.078637
0.194377
0.000351
0.142478
0.000000
0.030531
0.000294
0.187232
0.007218
0.027726
0.000106
0.011561
0.000625
0.247109
0.024376
0.239089
0.011562
0.032461
0.000101
0.345304
0.000119
0.037477
0.015013
0.258053
0.011453
0.068001
0.001002
0.320042
0.005478
0.077471
0.000438
0.071727
0.000142
0.209615
0.007109
0.072540
0.002258
0.063896
0.003920
0.203430
0.000941
0.181443
0.003828
0.032996
0.000025
0.004395
0.000183
0.005927
0.000432
0.045086
0.001924
0.033751
0.000851
0.010320
0.004691
0.055009
0.002725
0.028891
0.000264
0.008583
0.000053
0.040091
0.003037
0.038607
0.000000
0.017182
