0.000000
0.015626
0.036256
0.078580
0.194412
0.000355
0.142513
0.000021
0.030566
0.000248
0.187269
0.007173
0.027725
0.000137
0.011560
0.000639
0.247109
0.024323
0.239083
0.011596
0.032445
0.000118
0.345288
0.000150
0.037461
0.015009
0.258051
0.011462
0.067996
0.001008
0.320037
0.005502
0.077469
0.000453
0.042190
0.000008
0.029533
0.000156
0.209613
0.007111
0.072533
0.002267
0.063888
0.003944
0.203425
0.000906
0.181440
0.003845
0.032989
0.000054
0.004388
0.000211
0.005920
0.000459
0.045079
0.001954
0.033743
0.000895
0.010313
0.004751
0.000000
0.000000
0.055002
0.002741
0.028885
0.000289
0.008576
0.000081
0.040085
0.003038
0.038607
0.000000
0.017182
