0.000000
0.011406
0.192435
0.000000
0.000000
0.000000
0.000000
0.000000
0.000000
0.000000
0.000000
0.000001
0.000001
0.000001
0.000001
0.000001
0.000001
0.000001
0.000001
0.000001
0.000001
0.000002
0.000002
0.000003
0.000003
0.000003
0.000003
0.000029
0.000026
0.000026
0.000023
0.000023
0.000019
0.000019
0.000017
0.000017
0.000014
0.000014
0.000012
0.000012
0.000010
0.000010
0.000009
0.000009
0.000008
0.000008
0.000007
0.000007
0.000006
0.000006
0.000005
0.000005
0.000004
0.000004
0.000004
0.000004
0.000003
0.000003
0.000002
0.000002
0.000002
0.000002
0.000002
0.000002
0.000001
0.000001
0.000001
0.000001
0.000001
0.000001
0.000000
0.000000
0.000000
0.000000
0.000000
0.000000
0.000000
0.000000
0.200131
0.016277
0.104191
0.013971
0.159781
0.013784
0.000000
