0.000000
0.015588
0.036170
0.078792
0.194974
0.000355
0.173533
0.000385
0.185803
0.007350
0.039255
0.000557
0.247068
0.024529
0.239092
0.011461
0.032505
0.000068
0.345351
0.000025
0.037524
0.015033
0.258070
0.011427
0.068000
0.000973
0.320040
0.005420
0.077481
0.000399
0.071750
0.000100
0.209676
0.007081
0.072503
0.002194
0.063871
0.003848
0.203312
0.001066
0.181525
0.003780
0.037430
0.000071
0.005948
0.000294
0.045123
0.001824
0.032916
0.000716
0.011213
0.004517
0.000000
0.000000
0.055048
0.002630
0.028905
0.000189
0.048697
0.003008
0.038603
0.000000
0.001413
