0.000000
0.015646
0.036304
0.078464
0.195172
0.000377
0.139697
0.000090
0.034189
0.000160
0.186009
0.007120
0.026920
0.000121
0.012297
0.000687
0.247058
0.024243
0.239056
0.011649
0.032414
0.000160
0.345262
0.000213
0.037435
0.015009
0.258071
0.011472
0.067980
0.001014
0.307469
0.000007
0.012548
0.005566
0.077474
0.000484
0.043605
0.000058
0.028130
0.000182
0.209669
0.007086
0.072475
0.002219
0.063837
0.004000
0.155451
0.000033
0.047825
0.000857
0.181513
0.003891
0.032256
0.000072
0.005114
0.000262
0.005909
0.000479
0.045085
0.002009
0.032874
0.000960
0.010075
0.000000
0.001095
0.004873
0.055011
0.002731
0.028870
0.000339
0.007606
0.000139
0.003212
0.000018
0.037805
0.003022
0.038603
0.000000
0.001413
