0.000000
0.015644
0.036298
0.078481
0.195162
0.000376
0.139688
0.000085
0.034180
0.000171
0.186000
0.007132
0.026922
0.000112
0.012299
0.000684
0.247058
0.024257
0.239058
0.011640
0.032419
0.000156
0.345266
0.000203
0.037439
0.015011
0.258072
0.011469
0.067982
0.001013
0.307471
0.000000
0.012550
0.005561
0.077476
0.000480
0.043606
0.000049
0.028131
0.000181
0.209670
0.007087
0.072476
0.002218
0.063839
0.003990
0.155453
0.000026
0.047827
0.000869
0.181514
0.003888
0.032259
0.000067
0.005117
0.000257
0.005911
0.000474
0.045087
0.002001
0.032877
0.000949
0.011172
0.004862
0.055013
0.002730
0.028872
0.000335
0.007608
0.000134
0.003214
0.000013
0.037807
0.003025
0.038603
0.000000
0.001413
