0.000000
0.015653
0.036317
0.078430
0.195191
0.000381
0.139716
0.000100
0.034208
0.000137
0.186029
0.007093
0.026918
0.000139
0.012295
0.000696
0.247056
0.024215
0.239051
0.011669
0.006990
0.000000
0.025417
0.000168
0.338484
0.000007
0.006766
0.000230
0.037427
0.015006
0.258070
0.011476
0.067976
0.001017
0.307464
0.000020
0.012543
0.005577
0.077472
0.000493
0.043602
0.000078
0.028127
0.000186
0.209666
0.007083
0.072471
0.002218
0.063832
0.004021
0.155447
0.000046
0.047821
0.000831
0.181510
0.003897
0.032251
0.000086
0.005109
0.000276
0.005904
0.000492
0.045080
0.002025
0.032869
0.000980
0.010069
0.000020
0.001090
0.004893
0.055007
0.002733
0.028866
0.000349
0.007602
0.000151
0.003208
0.000032
0.037801
0.003019
0.038603
0.000000
0.001413
