0.000000
0.015623
0.036253
0.078589
0.195103
0.000368
0.139627
0.000053
0.034119
0.000246
0.185938
0.007213
0.026929
0.000054
0.012306
0.000658
0.247062
0.024343
0.239071
0.011581
0.032445
0.000130
0.345292
0.000142
0.037465
0.015020
0.258074
0.011453
0.067994
0.001000
0.320032
0.005504
0.077481
0.000465
0.043612
0.000000
0.028137
0.000169
0.209676
0.007090
0.072487
0.002216
0.063852
0.003934
0.203297
0.000940
0.181520
0.003866
0.032272
0.000021
0.005130
0.000212
0.005925
0.000430
0.045100
0.001948
0.032892
0.000875
0.011187
0.004753
0.055025
0.002710
0.028884
0.000294
0.007620
0.000087
0.041037
0.003026
0.038603
0.000000
0.001413
