0.000000
0.015656
0.036323
0.078413
0.195201
0.000384
0.139727
0.000105
0.034219
0.000125
0.186040
0.000000
0.000000
0.007079
0.026917
0.000148
0.012294
0.000700
0.247056
0.024198
0.239050
0.011675
0.006987
0.000007
0.025414
0.000170
0.338481
0.000015
0.006763
0.000237
0.037424
0.015004
0.258069
0.011477
0.067974
0.001016
0.307462
0.000027
0.012541
0.005582
0.077470
0.000497
0.043600
0.000088
0.028125
0.000187
0.209665
0.007081
0.072469
0.002217
0.063830
0.004031
0.155445
0.000053
0.047819
0.000819
0.181509
0.003899
0.032249
0.000093
0.005107
0.000283
0.005902
0.000499
0.045077
0.002034
0.032866
0.000990
0.010067
0.000029
0.001087
0.004902
0.055005
0.002734
0.028864
0.000354
0.007600
0.000158
0.003206
0.000038
0.037799
0.003017
0.038603
0.000000
0.001413
