0.068227
0.139823
0.024743
0.070863
0.050685
0.019151
0.352999
0.017347
0.324914
0.022127
0.050118
0.043811
138.943138
0.001340
33.666576
0.001243
80.786323
0.000917
73.338560
0.001448
30.519110
0.001771
377.800357
0.001594
0.437656
0.001034
0.398759
0.001859
0.449792
0.001310
1.112502
0.000929
3.594254
0.001024
0.197100
0.001661
5.779192
0.001087
1.582407
0.000910
0.858269
0.001321
2.719711
0.001190
3.345110
0.000970
1.586211
0.001303
0.911448
0.000675
2.701883
0.001449
4.711856
0.000000
3.870453
0.001101
3.566502
0.001254
4.726895
0.001479
9.776495
