0.072007
0.139242
0.023509
0.073418
0.048776
0.019416
0.350909
0.017437
0.321607
0.022318
0.048822
0.045200
138.952065
0.001434
32.352927
0.001579
0.525503
0.001315
0.778664
0.001081
0.839569
0.000871
3.949253
0.001149
8.887703
0.001356
2.150500
0.001687
2.153283
0.000959
0.384893
0.000787
3.654910
0.000763
13.815497
0.000943
2.642659
0.000000
42.282551
0.000917
73.334185
0.001568
30.549881
0.002009
377.777496
0.001990
0.436528
0.001106
0.398696
0.002144
0.463300
0.001709
1.106581
0.001011
2.694340
0.001094
0.882381
0.001286
0.199601
0.001600
5.769970
0.001046
0.489791
0.001057
1.107528
0.001559
0.845645
0.001045
2.714349
0.001438
3.354050
0.001002
1.592307
0.001595
0.917551
0.001239
2.210814
0.001185
0.471163
0.001724
2.718603
0.001128
0.412827
0.001210
0.430509
0.000906
1.128029
0.001562
2.755684
0.001377
1.105598
0.001112
0.826018
0.001067
2.749832
0.001445
2.777924
0.000840
1.945174
0.001478
9.021178
0.001336
0.766784
