0.000000
0.155180
0.036327
0.002374
0.123383
0.035240
0.065349
0.031977
0.130325
0.016253
0.000000
0.000000
0.027058
0.007826
0.027928
0.015967
0.107314
0.000126
0.003826
0.000064
0.045191
0.032648
0.144920
0.019777
0.036525
0.005001
0.024922
0.000024
0.001174
0.000016
0.000361
0.000000
0.000789
0.000004
0.057488
0.004403
0.017103
0.000010
0.000341
0.000113
0.002317
0.000164
0.000247
0.000030
0.000435
0.000051
0.002508
0.000133
0.000024
0.000071
0.001561
0.000182
0.013405
0.047607
0.000452
0.000091
0.001552
0.000061
0.012209
