0.000000
0.114372
0.160219
0.010789
0.175738
0.001098
0.251452
0.033985
0.137156
0.060675
0.156123
0.002882
0.175542
0.008446
0.200167
0.015417
0.097165
0.000562
0.007347
0.000002
0.002161
0.000001
0.002076
0.000000
0.050867
0.009169
0.101509
0.011382
0.164359
0.004941
0.080378
0.008575
0.210573
0.004273
0.098846
0.000080
0.108466
0.000390
0.088969
0.003523
0.056127
0.001259
0.108142
0.000474
0.104001
0.001865
0.111453
0.000059
0.091610
0.000984
0.190097
0.006280
0.066408
0.005372
0.194133
0.003550
0.136959
0.006312
0.046514
0.034071
0.029005
0.076250
0.009597
