0.056113
0.075519
0.066415
0.185021
0.013081
0.092698
0.101326
0.074121
0.213778
0.027503
0.264894
0.018142
0.139701
0.016843
0.191692
0.010209
0.147733
0.007174
0.162556
0.001758
0.108742
0.008967
0.242402
0.003744
0.178122
0.001663
0.125285
0.001997
0.178195
0.000529
0.117949
0.003679
0.110156
0.000000
0.145206
0.001134
0.178469
0.001080
0.215374
0.000336
0.204786
0.001498
0.212819
0.000721
0.191199
0.003119
0.061908
0.003313
0.195382
0.001989
0.194802
0.008319
0.060459
0.010071
0.180928
0.026084
0.035407
0.066461
0.015172
0.102222
0.003081
