0.000000
0.002534
0.075605
0.080569
0.049172
0.000068
0.225832
0.004102
0.013682
0.000425
0.347806
0.003676
0.180840
0.000204
0.011160
0.013894
0.000000
0.010540
0.012691
0.005967
0.232362
0.000195
0.009258
0.006148
0.015507
0.003031
0.373980
0.001139
0.015081
0.013080
0.022433
0.002379
0.255563
0.011355
0.055537
0.000892
0.035622
0.004037
0.026971
0.001870
0.210798
0.000861
0.158333
0.001872
0.012163
0.000271
0.198345
0.000633
0.012479
0.001760
0.352679
0.002750
0.203018
0.003338
0.017262
0.000804
0.112649
0.013227
0.114264
0.009169
0.081497
