0.000000
0.167587
0.043206
0.000057
0.022605
0.000939
0.088371
0.011997
0.032465
0.002727
0.017743
0.000977
0.017202
0.006387
0.024823
0.005958
0.065083
0.000025
0.001070
0.000012
0.000018
0.000018
0.001042
0.000009
0.051390
0.037267
0.043468
0.017220
0.010231
0.010480
0.117689
0.014708
0.026393
0.009459
0.013902
0.004341
0.000054
0.004449
0.000165
0.004529
0.053923
0.000015
0.001747
0.000003
0.000494
0.000041
0.011150
0.000003
0.002046
0.000003
0.000984
0.000003
0.000963
0.000002
0.000942
0.000000
0.047076
0.025378
0.062628
0.002655
0.002404
0.002345
0.002943
0.001945
0.006941
0.001862
0.004276
0.000751
0.003629
0.000010
0.003668
0.000013
0.005000
0.000019
0.047363
0.049075
0.015722
