0.000000
0.169514
0.041263
0.001510
0.107816
0.011116
0.032967
0.000953
0.017864
0.001398
0.017199
0.005234
0.084559
0.003283
0.061142
0.033703
0.045122
0.001079
0.000877
0.001134
0.000401
0.000097
0.000915
0.000127
0.012745
0.005515
0.119677
0.011858
0.028802
0.006403
0.016485
0.000673
0.000834
0.000761
0.001283
0.000798
0.120956
0.023353
0.060816
0.000047
0.000325
0.000034
0.000589
0.000024
0.004320
0.001128
0.001225
0.000634
0.000308
0.000295
0.001746
0.000310
0.043717
0.030110
0.001831
0.000000
0.000693
0.000024
0.001040
0.000046
0.014834
