0.106856
0.020499
0.440188
0.019046
0.233113
0.010207
0.333896
0.011841
0.079034
0.033633
194.234658
0.000417
512.084821
0.000306
1.103310
0.000283
3.137696
0.000281
0.596280
0.000320
1.543516
0.000255
1.904099
0.000297
1.833006
0.000295
0.826158
0.000338
3.768764
0.000343
1.527314
0.000319
0.387498
0.000371
1.555451
0.000272
3.763130
0.000357
0.822505
0.000354
1.894383
0.000324
20.448654
0.000307
8.613462
0.000000
0.733061
0.000332
1.202494
0.000180
1.536922
0.000405
0.388173
0.000303
3.137370
0.000429
0.385453
0.000284
2.751473
0.000352
67.109894
0.000289
134.216854
