0.069203
0.119611
0.065019
0.184152
0.105165
0.109940
0.072753
0.141968
0.066922
0.086456
0.011960
0.098991
0.076270
0.118956
0.060200
0.122772
0.548058
0.062966
0.142235
0.076077
0.088218
0.074100
0.185235
0.055570
0.032104
0.063518
0.053164
0.085090
0.205569
0.090483
0.082999
0.076690
0.125785
0.063006
0.073305
0.082125
0.052170
0.096946
0.129663
0.098540
0.382450
0.060547
0.102481
0.077504
0.365296
0.000000
0.152206
0.161014
0.096735
0.209449
0.112899
0.123419
0.124229
0.177997
0.098093
0.172431
0.122707
0.167645
0.118727
