0.000000
0.008676
0.000000
0.000000
0.056562
0.075321
0.276075
0.002701
0.013358
0.000118
0.017606
0.000867
0.234481
0.003983
0.017671
0.000072
0.004823
0.000363
0.266241
0.003649
0.024128
0.021671
0.026391
0.000071
0.002218
0.000197
0.000494
0.000267
0.219755
0.012883
0.202951
0.000611
0.211218
0.012238
0.247028
0.012843
0.263433
0.002913
0.041732
0.000473
0.076680
0.007302
0.296067
0.000783
0.032156
0.011106
0.037705
0.000162
0.030968
0.001216
0.040787
0.010897
0.027527
0.000021
0.002331
0.000186
0.139695
0.002520
0.017813
0.000000
0.004283
