0.000000
0.000321
0.115357
0.017699
0.436696
0.020919
0.251955
0.011493
0.424115
0.016404
0.249398
0.009804
0.350910
0.002930
0.400550
0.007127
0.117645
0.007687
0.414198
0.002415
0.068866
0.000020
0.282490
0.000364
0.339900
0.000012
0.054053
0.000743
0.357637
0.000005
0.066545
0.001122
0.433790
0.000922
0.439253
0.000482
0.064951
0.000007
0.408166
0.000787
0.148039
0.000724
0.195702
0.000002
0.203530
0.000180
0.200753
0.000002
0.208783
0.000762
0.141164
0.000851
0.431755
0.000221
0.219485
0.000054
0.290176
0.000003
0.187211
0.000047
0.235572
0.000063
0.200761
0.000026
0.195474
0.000037
0.072797
0.000010
0.514812
0.000040
0.209547
0.000202
0.149982
0.000453
0.139899
0.000258
0.065659
0.000000
0.053935
