0.116631
0.017714
0.436376
0.021032
0.252248
0.011452
0.423279
0.016729
0.250012
0.009263
0.345167
0.002953
0.402682
0.006955
0.118418
0.007551
0.414147
0.002294
0.347911
0.000537
0.401447
0.000812
0.423320
0.001174
0.432256
0.000969
0.435233
0.000518
0.468390
0.000681
0.147852
0.000584
0.387668
0.000158
0.424482
0.000713
0.142974
0.000814
0.430562
0.000228
0.215409
0.000040
0.479628
0.000044
0.235239
0.000052
0.198764
0.000000
0.191120
0.000016
0.067554
0.000032
0.510276
0.000063
0.208689
0.000111
0.167880
0.000319
0.141429
0.000208
0.119594
