0.000000
0.140857
0.045315
0.021810
0.136495
0.000905
0.007966
0.000350
0.002047
0.000234
0.019060
0.053209
0.132156
0.003433
0.084305
0.000853
0.142219
0.006012
0.064069
0.053324
0.154463
0.038689
0.018163
0.000194
0.114746
0.000000
0.004616
0.000000
0.035955
0.023656
0.044402
0.000158
0.000200
0.000154
0.000605
0.000155
0.031692
0.005724
0.076737
0.000283
0.098826
0.000304
0.000444
0.000030
0.010450
0.001633
0.101940
0.024644
0.061722
0.041501
0.177006
0.020118
0.142725
0.000145
0.000634
0.000155
0.007536
0.000036
0.035316
0.029891
0.040570
0.038918
0.000000
0.000010
0.070515
0.000092
0.018213
0.000335
0.074725
0.000246
0.000000
0.052189
0.000000
0.000000
0.017988
