0.000000
0.140866
0.045457
0.021894
0.136555
0.000447
0.029209
0.053072
0.132425
0.003041
0.084527
0.000400
0.142445
0.006093
0.064227
0.053474
0.154646
0.038857
0.133148
0.000000
0.004745
0.000001
0.036085
0.023609
0.044444
0.000002
0.000242
0.000000
0.000646
0.000005
0.031733
0.006141
0.076651
0.000153
0.098742
0.000117
0.010791
0.001539
0.101833
0.024584
0.061563
0.041618
0.177147
0.020409
0.142837
0.000084
0.000747
0.000087
0.043007
0.030194
0.040459
0.038739
0.070532
0.000013
0.018231
0.000142
0.074743
0.000125
0.000005
0.052029
0.017998
