0.000000
0.057456
0.149273
0.001374
0.000323
0.001239
0.000303
0.000084
0.000952
0.000000
0.000293
0.000001
0.000568
0.001012
0.001076
0.000217
0.010778
0.005501
0.103067
0.001708
0.002044
0.000043
0.000221
0.000044
0.000245
0.000045
0.000048
0.000769
0.133276
0.029593
0.145213
0.019907
0.044622
0.000030
0.000572
0.000030
0.000620
0.000029
0.004724
0.000672
0.001987
0.000763
0.105344
0.038174
0.044132
0.000184
0.000993
0.000155
0.003524
0.022563
0.083240
0.066244
0.000002
0.000002
0.000153
0.000075
0.000002
0.000002
0.000002
0.000002
0.000002
0.000002
0.000002
0.000002
0.000002
0.000002
0.000002
0.000002
0.000002
0.000002
0.000002
0.000002
0.023647
