0.000000
0.057341
0.081943
0.000001
0.000000
0.000000
0.067310
0.001410
0.000304
0.001274
0.000285
0.000119
0.000619
0.000034
0.000125
0.000035
0.000155
0.000036
0.000274
0.000037
0.000550
0.001047
0.001058
0.000251
0.010760
0.005513
0.103067
0.001726
0.002044
0.000062
0.000222
0.000063
0.000246
0.000063
0.000049
0.000788
0.133277
0.029548
0.145201
0.019860
0.044611
0.000057
0.000560
0.000057
0.000609
0.000057
0.004713
0.000703
0.001975
0.000794
0.105332
0.038106
0.044108
0.000204
0.000968
0.000176
0.003499
0.022587
0.083205
0.066238
0.000001
0.000001
0.000147
0.000069
0.000001
0.000001
0.000001
0.000001
0.000001
0.000001
0.000001
0.000001
0.000001
0.000001
0.000001
0.000001
0.000001
0.000001
0.000001
0.000001
0.023650
