0.099026
0.043771
0.137272
0.017098
0.051420
0.007159
0.117019
0.071141
0.004305
0.001682
0.004891
0.001505
0.005662
0.001332
0.006595
0.083703
0.120079
0.059741
0.066228
0.012171
0.189346
0.020748
0.048048
0.066648
0.085808
0.027061
0.084972
0.043213
0.042352
0.069040
0.253005
0.000773
0.002751
0.000735
0.002882
0.000700
0.003001
0.000669
0.003105
0.000643
0.003189
0.000622
0.003251
0.000604
0.003288
0.000577
0.003156
0.000554
0.003149
0.000561
0.003288
0.000571
0.001662
0.000000
0.001598
0.000571
0.208566
0.000954
0.002718
0.000889
0.002918
0.000833
0.162480
0.006039
0.199990
0.001272
0.143027
0.022825
0.067378
0.044104
0.060907
0.024633
0.083457
0.006215
0.001125
