0.141546
0.005928
0.567770
0.008044
0.538938
0.008562
0.239912
0.017196
0.233564
0.004587
0.269001
0.014750
0.361378
0.003466
0.325485
0.005566
0.157321
0.003467
0.607500
0.002707
0.407957
0.001662
0.409383
0.000554
0.388168
0.001006
0.388922
0.001690
0.131338
0.001190
0.658140
0.000869
0.397959
0.002845
0.127879
0.004074
0.128233
0.001620
0.664522
0.000303
0.430195
0.000360
0.128668
0.000287
1.079233
0.000302
0.146086
0.000268
0.382927
0.000101
0.414649
0.000077
0.407207
0.000098
0.458250
0.000046
0.589430
0.000152
0.141019
0.000189
0.408432
0.000099
0.386507
0.000066
0.398061
0.000131
0.402009
0.000291
0.128725
0.000291
0.393910
0.000163
0.134957
0.000103
0.799075
0.000000
3.729015
0.000007
53.220906
