0.142473
0.005962
0.566888
0.008102
0.540058
0.008614
0.237660
0.017178
0.238271
0.004626
0.264772
0.014506
0.358876
0.003407
0.327041
0.005836
0.156163
0.003532
0.608715
0.002753
0.408377
0.001718
0.404675
0.000553
0.391187
0.001042
0.388076
0.001744
0.131367
0.001221
0.657534
0.000887
0.398035
0.002850
0.127741
0.004030
0.127982
0.001581
0.664985
0.000299
0.436103
0.000321
0.127419
0.000246
1.080542
0.000301
0.148256
0.000274
0.379842
0.000100
0.414815
0.000089
0.408773
0.000106
0.457404
0.000057
0.588066
0.000186
0.140603
0.000237
0.407517
0.000117
0.383563
0.000083
0.398342
0.000171
0.398209
0.000389
0.127543
0.000399
0.393640
0.000253
0.133477
0.000163
0.615912
0.000067
0.145947
0.000063
0.974546
0.000000
0.445507
0.000019
2.362449
0.000009
53.220906
