0.000000
0.000000
0.118973
0.171479
0.117857
0.126946
0.110235
0.150496
0.123782
0.149828
0.108609
0.133959
0.111696
0.148745
0.123283
0.139876
0.118219
0.098130
0.045826
0.079189
0.037904
0.005744
0.005744
0.035113
0.061679
0.116873
0.049713
0.039243
0.050896
0.090649
0.005305
0.092270
0.056567
0.030464
0.034359
0.092690
0.051453
0.104240
0.095975
0.146984
0.083821
0.099154
0.076284
0.094500
0.057882
0.007283
0.047992
0.110981
0.077734
0.107028
0.063905
0.112082
0.070721
0.090907
0.039493
0.078972
0.069322
0.101130
0.067305
0.098666
0.088940
0.099933
0.072164
0.083735
0.049491
