0.000000
0.000440
0.000000
0.000000
0.118920
0.171457
0.117835
0.126950
0.110237
0.150495
0.123779
0.149826
0.108610
0.133964
0.111693
0.148746
0.123285
0.139879
0.118214
0.098138
0.045826
0.079196
0.037912
0.005742
0.005742
0.035111
0.061672
0.116876
0.049713
0.039258
0.050897
0.090672
0.005280
0.092283
0.056565
0.030496
0.034339
0.092688
0.051449
0.104233
0.095994
0.146934
0.083849
0.099155
0.076283
0.094499
0.057881
0.007301
0.047984
0.110982
0.077723
0.107038
0.063903
0.112068
0.070734
0.090905
0.039494
0.078962
0.069327
0.101134
0.067297
0.098666
0.088942
0.099931
0.072166
0.083733
0.049490
