0.094842
0.007105
0.164097
0.001706
0.004136
0.001631
0.004326
0.001563
0.004506
0.001508
0.002285
0.000000
0.002377
0.001470
0.004779
0.001450
0.004840
0.001450
0.004833
0.001471
0.004752
0.001515
0.004603
0.001582
0.004399
0.001669
0.004164
0.001773
0.003922
0.001886
0.003695
0.001999
0.003501
0.002100
0.003353
0.002176
0.003260
0.002215
0.003229
0.002212
0.003264
0.002165
0.003369
0.002080
0.003550
0.001966
0.003811
0.001833
0.004154
0.001681
0.004534
0.001523
0.004962
0.001392
0.005516
0.001121
0.004478
0.000882
0.004479
0.000979
0.308841
0.000711
0.006393
0.000651
0.007369
0.000600
0.008536
0.000534
0.377358
0.000307
0.009243
0.000321
0.009058
0.000387
0.007965
0.000495
0.006976
0.000580
0.439025
0.005492
0.199204
0.030949
0.013959
0.078505
0.008617
0.000293
0.011183
0.000445
0.008855
0.000835
0.006234
0.001203
0.004481
0.001522
0.003351
0.027798
0.092257
0.007227
0.015078
