0.085483
0.006636
0.190391
0.000024
0.025374
0.016672
0.025315
0.000006
0.000181
0.000004
0.000318
0.000009
0.001608
0.000038
0.000386
0.000034
0.000132
0.000037
0.027975
0.019430
0.034303
0.000040
0.003031
0.000008
0.003153
0.000009
0.309460
0.002592
0.044497
0.000026
0.370396
0.002050
0.028484
0.000007
0.019938
0.000014
0.004109
0.000004
0.394199
0.005662
0.209584
0.035019
0.015123
0.071038
0.024492
0.000007
0.000364
0.000001
0.018216
0.031298
0.092871
0.007700
0.000000
0.000000
0.136734
0.000001
0.002735
0.000004
0.001120
0.000004
0.009769
0.000271
0.114051
0.000000
0.003648
