0.000000
0.055154
0.000000
0.000000
0.015892
0.006905
0.006905
0.081082
0.017954
0.070565
0.157400
0.007746
0.061846
0.003640
0.111175
0.000090
0.084364
0.004724
0.112765
0.005623
0.098115
0.017590
0.059092
0.003651
0.055833
0.003104
0.009292
0.063737
0.001394
0.002641
0.001004
0.000971
0.000635
0.000646
0.000425
0.000427
0.000230
0.000250
0.000306
0.000277
0.000100
0.000100
0.000124
0.000139
0.000148
0.000162
0.000182
0.000147
0.000010
0.000010
0.000030
0.000041
0.000047
0.000058
0.000054
0.000066
0.000077
0.000077
0.004728
