0.000000
0.163250
0.098578
0.001100
0.005730
0.000121
0.000380
0.000126
0.058375
0.000143
0.010651
0.000000
0.005326
0.026860
0.048490
0.042299
0.118717
0.000078
0.054698
0.000004
0.004650
0.000015
0.019344
0.015696
0.097311
0.000000
0.010794
0.000004
0.004617
0.000008
0.003396
0.000015
0.003675
0.000023
0.007019
0.000037
0.020504
0.023749
0.010618
0.007818
0.077247
0.000004
0.004496
0.000024
0.002433
0.000032
0.002291
0.000040
0.002876
0.000045
0.001327
0.000048
0.001276
0.000048
0.031174
0.049693
0.000543
0.000005
0.013365
