0.050380
0.004191
0.113071
0.010055
0.112085
0.028305
0.445075
0.020433
0.262737
0.025185
0.030632
0.105351
191.690369
0.000051
0.543580
0.000040
0.576669
0.000066
0.561023
0.000056
0.821748
0.000085
0.846731
0.000055
3.359582
0.000000
39.475084
0.000035
80.084166
0.000057
1.766897
0.000052
1.061366
0.000065
0.733813
0.000025
2.535059
0.000043
1.789292
0.000034
61.331909
0.000058
0.831642
0.000056
0.540646
0.000034
0.589264
0.000029
15.255152
0.000043
3.723250
0.000055
12.240304
0.000029
65.467644
0.000048
1.319871
0.000056
1.289736
0.000059
0.490996
0.000046
1.300844
0.000073
12.640945
0.000036
10.152110
0.000072
1.325983
0.000057
2.614258
0.000040
36.256227
0.000062
7.829765
0.000043
1.677416
0.000039
10.696394
0.000039
1.686522
0.000044
0.033721
