0.050782
0.004227
0.112650
0.010105
0.111900
0.028319
0.445065
0.020421
0.262805
0.025170
0.030634
0.105371
191.688804
0.000055
0.544045
0.000042
0.575727
0.000065
0.559500
0.000053
0.820458
0.000084
0.851281
0.000055
42.833534
0.000033
80.083699
0.000056
1.768089
0.000053
1.061765
0.000064
0.734720
0.000029
2.536277
0.000040
1.789399
0.000041
61.329851
0.000060
0.829816
0.000054
0.542763
0.000029
0.588921
0.000029
15.259872
0.000000
3.721920
0.000050
12.239214
0.000033
65.466042
0.000041
1.314656
0.000058
1.291579
0.000060
0.493212
0.000049
1.303089
0.000072
12.641190
0.000030
10.150197
0.000063
1.324020
0.000053
2.613691
0.000046
36.257553
0.000065
20.208022
0.000041
1.686036
0.000038
0.033721
