0.121277
0.009482
0.427504
0.027234
0.265909
0.015035
0.373323
0.030499
0.047016
0.010837
0.437151
0.006638
0.654206
0.002561
0.436478
0.001450
0.483666
0.001631
0.686911
0.003332
0.391294
0.007406
0.112821
0.005450
0.369985
0.001505
0.427926
0.001624
0.407243
0.001354
0.334825
0.000832
0.377212
0.001623
0.391612
0.001051
0.361048
0.000680
0.404963
0.001302
0.395679
0.006318
0.108347
0.009736
0.107981
0.004698
0.642636
0.000428
0.671882
0.000110
0.529996
0.000189
0.395464
0.000411
0.376340
0.000417
0.369717
0.000493
0.387737
0.000563
0.394871
0.001173
0.129819
0.001164
0.392848
0.000494
0.386740
0.000384
0.379546
0.000305
0.385561
0.000269
0.397462
0.000498
0.131661
0.000470
0.389912
0.000170
0.384258
0.000114
0.376067
0.000066
1.951961
0.000000
97.598055
0.000007
69.665770
