0.120674
0.016111
0.428724
0.023020
0.260472
0.014443
0.341430
0.008099
0.054121
0.029382
0.497816
0.004503
0.647440
0.002096
0.439115
0.002186
0.460222
0.001288
0.696522
0.002074
0.406073
0.004259
0.119785
0.002847
0.352968
0.000918
0.423862
0.000915
0.408948
0.000656
0.342311
0.000595
0.385701
0.000997
0.398703
0.000722
0.378981
0.000360
0.388288
0.000629
0.392674
0.003325
0.116271
0.005122
0.114873
0.002442
0.632677
0.000221
0.647207
0.000089
0.593805
0.000102
0.370799
0.000217
0.374982
0.000249
0.370481
0.000231
0.378087
0.000202
0.402002
0.000313
0.137767
0.000314
0.392368
0.000165
0.374421
0.000146
0.369511
0.000113
0.367093
0.000067
0.367206
0.000030
0.194351
0.000000
0.388703
0.000025
0.345609
0.000036
0.353620
0.000036
169.188298
