0.120335
0.016397
0.428999
0.022881
0.259744
0.014239
0.339895
0.007913
0.056077
0.029574
0.500262
0.004392
0.645664
0.002017
0.438874
0.002143
0.460110
0.001211
0.696462
0.001982
0.407010
0.004117
0.120656
0.002752
0.351097
0.000857
0.423175
0.000870
0.410256
0.000642
0.344289
0.000550
0.383938
0.000944
0.399151
0.000707
0.381694
0.000347
0.385994
0.000582
0.392875
0.003130
0.116972
0.004813
0.115262
0.002285
0.631473
0.000216
0.649257
0.000092
0.594575
0.000092
0.368913
0.000206
0.376394
0.000235
0.369475
0.000212
0.376649
0.000189
0.403403
0.000281
0.138393
0.000277
0.390957
0.000146
0.375378
0.000134
0.368471
0.000097
0.360028
0.000064
0.367559
0.000032
0.582544
0.000000
0.345886
0.000033
0.363470
0.000036
169.188298
