0.117278
0.017801
0.430889
0.022263
0.255454
0.012599
0.331068
0.007451
0.068033
0.030493
0.514896
0.003799
0.634554
0.001407
0.439560
0.001746
0.460610
0.000797
0.694956
0.001422
0.416363
0.003037
0.129286
0.001968
0.328367
0.000447
0.423950
0.000633
0.420550
0.000559
0.364651
0.000272
0.361181
0.000540
0.404017
0.000510
0.408287
0.000268
0.382598
0.000253
0.382306
0.001635
0.122334
0.002470
0.119020
0.001078
0.611249
0.000118
0.649262
0.000068
0.623905
0.000058
0.359454
0.000093
0.373802
0.000100
0.366297
0.000075
0.364478
0.000053
1.611285
0.000000
0.392996
0.000040
1.546747
0.000019
169.188298
