0.000336
0.117654
0.153885
0.023634
0.176669
0.002098
0.246789
0.044133
0.137480
0.050337
0.172268
0.001392
0.164702
0.006383
0.013082
0.012208
0.177206
0.012119
0.112545
0.005630
0.033752
0.007130
0.116552
0.008654
0.171034
0.001568
0.040455
0.007135
0.055715
0.011325
0.100372
0.001063
0.089406
0.003265
0.195237
0.003074
0.079240
0.003664
0.189853
0.004124
0.163487
0.001722
0.041450
0.006758
0.058129
0.005542
0.203427
0.003603
0.192186
0.003979
0.067309
0.004566
0.117722
0.000000
0.198269
0.014328
0.045222
0.047369
0.024154
0.086030
0.007180
