0.000000
0.012325
0.067172
0.040589
0.185704
0.002238
0.209542
0.002658
0.057574
0.000847
0.338270
0.005688
0.375703
0.005129
0.047779
0.000009
0.232926
0.000209
0.025184
0.013489
0.270029
0.010931
0.176467
0.000259
0.232617
0.000382
0.054918
0.003115
0.157575
0.001796
0.024274
0.000000
0.044502
0.000165
0.181786
0.000353
0.107689
0.000666
0.067257
0.000727
0.081883
0.002219
0.068657
0.000777
0.090572
0.001804
0.264160
0.001488
0.072619
0.000875
0.072149
0.003102
0.119188
0.001189
0.059203
0.000426
0.001213
