0.000000
0.012369
0.066706
0.041025
0.185911
0.001887
0.209738
0.002803
0.057648
0.001082
0.338395
0.005837
0.375718
0.005258
0.280255
0.000552
0.024963
0.013270
0.269797
0.010863
0.148767
0.000002
0.027678
0.000713
0.232615
0.000202
0.054914
0.002599
0.157547
0.001458
0.068718
0.000717
0.181742
0.000892
0.029546
0.000001
0.078085
0.000631
0.067200
0.001316
0.081821
0.001904
0.068621
0.000895
0.090523
0.001232
0.129484
0.000002
0.013202
0.000000
0.121461
0.002101
0.072603
0.001134
0.072129
0.003581
0.119249
0.001000
0.034771
0.000614
0.024335
0.000000
0.001213
