0.000000
0.009246
0.107574
0.035509
0.104824
0.056182
0.135275
0.000194
0.009388
0.000110
0.001746
0.000072
0.001113
0.000000
0.000045
0.000002
0.000074
0.000004
0.000054
0.000006
0.000086
0.000009
0.000064
0.000012
0.000100
0.000016
0.000046
0.000021
0.000051
0.000037
0.000066
0.000028
0.000129
0.000051
0.082155
0.018590
0.095666
0.049137
0.127976
0.038413
0.464883
0.029965
0.096151
0.030201
0.128287
0.001064
0.169987
0.008378
0.205358
0.017975
0.286350
0.002071
0.235000
0.008037
0.178319
0.004707
0.161916
0.017571
0.095768
0.025094
0.105651
0.011388
0.066079
0.000612
0.000000
