0.000000
0.009302
0.107321
0.035577
0.104894
0.056111
0.135280
0.000199
0.009393
0.000115
0.001751
0.000077
0.000883
0.000000
0.000088
0.000001
0.000041
0.000002
0.000065
0.000004
0.000047
0.000005
0.000051
0.000007
0.000079
0.000009
0.000059
0.000011
0.000091
0.000014
0.000069
0.000017
0.000105
0.000021
0.000051
0.000026
0.000057
0.000042
0.000071
0.000033
0.000134
0.000056
0.082161
0.018506
0.095846
0.049064
0.128011
0.038410
0.464839
0.030001
0.096028
0.030273
0.128169
0.001098
0.169857
0.008421
0.205334
0.017939
0.286382
0.002101
0.234969
0.008016
0.178412
0.004706
0.161866
0.017574
0.095726
0.025125
0.105470
0.011409
0.066133
0.000640
0.000000
