0.289097
0.001327
0.000257
0.000257
0.000199
0.000199
0.000127
0.000022
0.000033
0.000030
0.000041
0.000149
0.000108
0.000108
0.000078
0.000078
0.000056
0.000056
0.000041
0.000041
0.126049
0.000017
0.000351
0.000000
0.000035
0.000001
0.000001
0.000001
0.000001
0.000001
0.000039
0.000001
0.000043
0.000001
0.000047
0.000001
0.000001
0.000001
0.000001
0.000001
0.000052
0.000001
0.000057
0.000001
0.000063
0.000001
0.000001
0.000001
0.000001
0.000002
0.000069
0.000002
0.000076
0.000002
0.000002
0.000002
0.000084
0.000003
0.000093
0.000003
0.000043
0.000003
0.000045
0.000004
0.000047
0.000004
0.000050
0.000005
0.000052
0.000005
0.000081
0.000006
0.000059
0.000007
0.000091
0.000009
0.000098
0.000011
0.001070
0.000013
0.128520
0.046547
0.007221
0.060926
0.000000
