0.000000
0.000004
0.092960
0.013871
0.205971
0.000030
0.250751
0.018799
0.240864
0.011211
0.424470
0.016438
0.037021
0.000005
0.001506
0.000007
0.242234
0.011648
0.355005
0.000000
0.030213
0.009483
0.114102
0.009081
0.093758
0.000005
0.010189
0.000029
0.226243
0.000005
0.002851
0.000003
0.006263
0.000000
0.039365
0.004614
0.068857
0.000042
0.013314
0.000021
0.008170
0.000002
0.011671
0.000009
0.019078
0.003378
0.088340
0.000079
0.014204
0.000005
0.000536
0.000002
0.003370
0.000010
0.002775
0.000001
0.000595
0.000049
0.004527
0.000019
0.110921
0.000000
0.002508
