0.086237
0.152987
0.103129
0.156845
0.098032
0.242650
0.091547
0.153243
0.097641
0.153062
0.096697
0.138772
0.080535
0.109105
0.059760
0.124598
0.079475
0.124027
0.054554
0.057835
0.071588
0.125750
0.065787
0.076009
0.051967
0.228059
0.080620
0.109270
0.043105
0.051188
0.042051
0.020503
0.054886
0.092612
0.033395
0.074652
0.149764
0.102376
0.048032
0.067586
0.041012
0.091992
0.046620
0.077221
0.092953
0.037945
0.044043
0.070153
0.170353
0.000000
0.312314
0.051936
0.301832
0.039614
0.517939
0.046069
0.305534
0.036009
0.706914
0.051954
0.042860
