0.000000
0.070670
0.089340
0.163223
0.000290
0.002739
0.000112
0.002673
0.000096
0.002055
0.000038
0.000592
0.000083
0.000073
0.000073
0.002510
0.000032
0.000028
0.000028
0.000492
0.000014
0.001824
0.000005
0.000079
0.000012
0.000089
0.000024
0.000022
0.000022
0.001417
0.000010
0.000364
0.000004
0.000635
0.000020
0.000019
0.000019
0.000019
0.000019
0.000019
0.000019
0.000009
0.000009
0.000009
0.000009
0.000829
0.000004
0.001280
0.000003
0.000241
0.000009
0.000009
0.000009
0.000009
0.000009
0.000009
0.000009
0.000722
0.000003
0.000812
0.000009
0.000002
0.000002
0.000213
0.000009
0.000408
0.000002
0.000154
0.000009
0.000002
0.000002
0.000002
0.000002
0.000001
0.000001
0.001497
0.000001
0.000205
0.000001
0.000099
0.000001
0.000122
0.000001
0.000089
0.000000
0.000064
0.000000
0.000078
0.000000
0.000094
0.000001
0.112239
0.030371
0.015574
0.123473
0.017949
0.160457
0.040979
0.015572
