0.022641
0.158385
0.032951
0.187787
0.047913
0.042463
0.087417
0.141021
0.173155
0.025636
0.142228
0.031146
0.139657
0.013348
0.138281
0.020520
0.190598
0.014150
0.115704
0.008305
0.167915
0.013702
0.181733
0.000875
0.189356
0.007719
0.196915
0.003123
0.159710
0.000000
0.060431
0.008092
0.180394
0.037379
0.045284
0.040185
0.174411
0.048918
0.039190
0.049539
0.176367
0.052243
0.034721
0.089388
0.033280
0.081644
0.034482
0.064548
0.040843
0.024859
0.145088
0.034148
0.032249
0.105242
0.015043
0.124422
0.029801
0.048891
0.079220
0.008345
0.077144
0.043022
0.027622
0.089563
0.006810
