6.481826313354963531e+01
1.669711434065655098e+01
2.864144257299507856e+01
4.358219705985740688e+01
4.703319619126402245e+02
3.866800294662768867e+00
3.432101607684072064e+02
1.502163542644523098e+01
2.953791638334079153e+02
1.603782262497263389e+01
1.777839428466852496e+02
1.000000000000000021e-03
1.925992714172423348e+02
2.264622920012550011e+01
6.028581375640283113e+01
1.692498008259208575e+01
3.226292639957950428e+02
2.683991264187274695e+01
3.374088758036339897e+01
1.051576739108279668e+02
5.192661581775040247e+01
1.668410369588584530e+01
2.520138687019441903e+01
1.334982479597449645e+00
2.423999999964124896e+01
