6.286316881514865784e+00
8.505069816518765435e+01
1.827213957935964288e+02
1.673285131778026269e+01
9.430333459663888362e+00
1.970448977855551789e+02
5.503972055339963987e+01
1.962053991537710473e+01
1.662046575462126796e+01
2.912694348570677860e+01
1.183337987668437030e+01
2.068336236249760418e+02
1.564197752560419019e+01
2.806503008623355200e+01
1.561152727647085214e+02
8.072084286313938151e+01
3.040309332263204922e+01
3.388404270343773561e+01
1.682519102114806344e+02
8.474296114817931880e+00
1.334956376585717521e+02
2.517926267465687928e+01
5.323087112208718885e+00
2.551201776681353408e+02
1.612143988810141337e+01
3.222382931772015979e+01
1.398926272215462063e+02
5.568091333729365289e+01
2.151929531461067668e+01
1.144233126436980399e+02
2.585369208819443898e+01
4.566260601479275749e+01
1.713228216676057514e+02
4.159981042410509389e+01
2.250602668903647441e+01
8.591754403862576339e+01
1.000000000000000021e-03
2.322955820303585597e+02
1.054718636681766242e+01
9.085223380020505601e+01
9.690839550441602057e+00
2.941310040671962724e+02
1.710761218710841902e+01
5.661515380784431528e+01
3.877998029116304224e+01
4.251439329889635133e+01
3.507272690081841660e+01
6.225112895884718256e+01
1.726022861537954967e+01
9.078882362551139806e+01
4.629872276479165549e+00
1.632354278516872625e+01
