8.016807103001644563e+00
8.715556614586979833e+01
6.599590949325470035e+01
1.576546714900109158e+01
8.539301853437922318e+01
1.070886992993846221e+01
3.025652038749167616e+01
1.950422985406933662e+02
1.214733585216300185e+02
2.300731918714665980e+01
1.921596339018168464e+01
2.332229352715296500e+02
1.532910564763311001e+01
3.755268884955738429e+01
9.667653071763677985e+01
2.925817216815356119e+02
2.791823977569521631e+01
2.837352980335984753e+01
2.018325244409941774e+02
6.287557627441147901e+01
7.382072590857280403e+00
2.126128109844635503e+02
1.299238288091746263e+01
4.815216032132489232e+01
1.491870847801441755e+02
5.886726857441876604e+01
2.177296265195503722e+01
1.089607054414614851e+02
2.788554574180656687e+01
4.170462312921565484e+01
1.631214165965776886e+02
1.977697556325006545e+01
1.945379010367967254e+01
4.228990286807154320e+01
1.411686538127950463e+01
2.747968550133032295e+02
1.000000000000000021e-03
7.304726525670082538e+01
5.338765692501525884e+00
3.418501334664518936e+02
1.783658775136812125e+01
5.549613052941683122e+01
7.612980688215382763e+00
1.335786657673685696e+01
2.940438897016232289e+01
5.668256673203795515e+01
2.405276837191497918e+01
7.948796974962834838e+01
8.158035071719346831e+00
3.312589963252708003e+02
1.625522185469357117e+00
1.180968347760936155e+02
7.332246239664390597e-01
7.151426480295668853e+00
