0.000000
0.005129
0.163300
0.006691
0.154890
0.001790
0.063036
0.000032
0.097723
0.008858
0.121971
0.004360
0.066797
0.000075
0.176598
0.002919
0.169765
0.001159
0.150644
0.011144
0.260285
0.016239
0.143350
0.000030
0.078184
0.009210
0.282239
0.017029
0.080020
0.000023
0.290997
0.008618
0.080844
0.003204
0.065653
0.004056
0.274957
0.000411
0.064664
0.001879
0.243439
0.001483
0.171248
0.003038
0.072830
0.000837
0.036233
0.003724
0.058468
0.003606
0.059592
0.000032
0.010557
0.000000
0.038390
0.003025
0.026083
0.000000
0.062723
