0.000000
0.000512
0.130938
0.022739
0.180856
0.005585
0.261391
0.009357
0.264299
0.006267
0.297693
0.001351
0.320255
0.002089
0.280128
0.014316
0.304433
0.001820
0.023530
0.001126
0.151711
0.000709
0.000000
0.000000
0.000494
0.000139
0.001646
0.000530
0.002350
0.010308
0.071107
0.013330
0.354399
0.001395
0.013417
0.001174
0.015140
0.004771
0.013303
0.000208
0.009294
0.003191
0.376010
0.012839
0.036101
0.000634
0.065790
0.009290
0.346183
0.002228
0.009018
0.000031
0.012885
0.002917
0.013243
0.000251
0.012732
0.001837
0.106340
0.005899
0.121755
