0.000000
0.000516
0.130885
0.022761
0.180832
0.005560
0.261427
0.009378
0.264363
0.006218
0.005828
0.000041
0.291820
0.001345
0.320194
0.002084
0.280187
0.014327
0.304380
0.001766
0.010082
0.000051
0.013296
0.001187
0.148660
0.000035
0.001152
0.000011
0.000249
0.000000
0.000055
0.000025
0.001415
0.000766
0.000433
0.000167
0.001588
0.000513
0.002310
0.010196
0.016783
0.000043
0.054448
0.013391
0.354417
0.001243
0.013337
0.001482
0.015064
0.004406
0.013235
0.000499
0.009229
0.003098
0.376005
0.012751
0.036269
0.000801
0.065978
0.009265
0.346159
0.002187
0.008987
0.000221
0.012853
0.002634
0.013213
0.000454
0.012699
0.001771
0.106332
0.005900
0.121755
