0.000000
0.000515
0.130909
0.022749
0.180838
0.005573
0.261415
0.009367
0.264342
0.006262
0.297669
0.001349
0.320217
0.002086
0.280153
0.014322
0.304402
0.001803
0.023453
0.001175
0.148692
0.000013
0.001505
0.000006
0.001447
0.000758
0.000457
0.000163
0.001611
0.000529
0.002324
0.010255
0.016740
0.000000
0.054406
0.013368
0.354407
0.001309
0.013369
0.001352
0.015094
0.004559
0.013261
0.000375
0.009254
0.003140
0.376004
0.012789
0.036196
0.000730
0.065895
0.009276
0.346170
0.002206
0.009000
0.000140
0.012867
0.002752
0.013226
0.000369
0.012713
0.001800
0.106336
0.005900
0.121755
