0.000000
0.002039
0.066835
0.069590
0.159696
0.013178
0.123582
0.094979
0.031603
0.069534
0.121852
0.085285
0.020498
0.059455
0.029226
0.002228
0.035556
0.013966
0.165923
0.014097
0.124377
0.040827
0.059937
0.036550
0.086228
0.035964
0.494781
0.004445
0.004264
0.002151
0.004621
0.001376
0.003539
0.000989
0.002926
0.000547
0.000854
0.000295
0.001474
0.000656
0.002217
0.000000
0.000189
0.000057
0.001323
0.000675
0.002107
0.000334
0.000890
0.000272
0.001003
0.000186
0.002571
0.000828
0.003054
0.000573
0.005429
0.001330
0.009961
0.001873
0.020317
0.002226
0.034868
0.004388
0.037906
0.009087
0.213914
0.003861
0.114934
0.025608
0.072792
0.039308
0.070863
0.022814
0.091027
0.006738
0.008310
