0.000000
0.002044
0.066646
0.069850
0.159273
0.013168
0.123810
0.094965
0.031648
0.069449
0.121924
0.085396
0.020644
0.059277
0.029230
0.001967
0.035555
0.013949
0.166819
0.013973
0.124707
0.040745
0.059998
0.036666
0.085500
0.036241
0.495285
0.004392
0.004275
0.002164
0.004619
0.001351
0.003524
0.000964
0.002903
0.000527
0.000821
0.000275
0.001442
0.000641
0.002383
0.000000
0.001300
0.000666
0.002075
0.000325
0.000855
0.000263
0.000969
0.000168
0.002539
0.000851
0.003027
0.000525
0.005414
0.001313
0.009975
0.001772
0.020395
0.002064
0.034965
0.004100
0.038377
0.008950
0.214233
0.004146
0.114430
0.025734
0.073057
0.039018
0.071353
0.022571
0.091206
0.006668
0.008310
