0.000000
0.115265
0.054152
0.000019
0.001057
0.000078
0.000987
0.000205
0.000816
0.000784
0.000007
0.007279
0.009298
0.010972
0.068931
0.002102
0.090656
0.003499
0.033135
0.000539
0.019576
0.001556
0.018267
0.000253
0.137271
0.031241
0.087395
0.000588
0.011481
0.002749
0.012526
0.000516
0.092502
0.012492
0.018258
0.009607
0.000301
0.000768
0.112319
0.003803
0.012481
0.000059
0.000011
0.000259
0.000018
0.000093
0.000000
0.000000
0.027217
0.059202
0.000006
0.000782
0.000006
0.000068
0.000006
0.000006
0.000006
0.000048
0.000006
0.000006
0.000006
0.000006
0.000006
0.000006
0.021661
