0.000000
0.055689
0.100823
0.045555
0.381676
0.042592
0.213604
0.006072
0.228984
0.000001
0.000001
0.000001
0.000001
0.000001
0.000001
0.000001
0.000001
0.000002
0.000002
0.000002
0.000002
0.000003
0.000003
0.000003
0.000003
0.000004
0.000004
0.000004
0.000004
0.000005
0.000005
0.000006
0.000006
0.000006
0.000006
0.000006
0.000006
0.000006
0.000005
0.000005
0.000002
0.000002
0.000002
0.000002
0.000001
0.000001
0.000000
0.000000
0.000000
0.000000
0.000000
0.000000
0.004586
0.000006
0.759068
0.014342
0.000000
