0.000000
0.106029
0.064161
0.000846
0.006700
0.003309
0.063401
0.003875
0.020600
0.005941
0.087151
0.001556
0.098342
0.003841
0.076808
0.004640
0.105832
0.004384
0.074795
0.013227
0.126449
0.000781
0.002355
0.003323
0.020177
0.046080
0.125771
0.000543
0.002836
0.000064
0.003238
0.037233
0.035920
0.001978
0.131423
0.000013
0.026417
0.000635
0.023037
0.001237
0.002127
0.001510
0.119811
0.000447
0.025533
0.001331
0.078366
0.003672
0.103486
0.011091
0.096678
0.003031
0.022546
0.000315
0.000065
0.001932
0.002749
0.000456
0.005442
0.000170
0.013094
0.000348
0.009443
0.000403
0.111155
0.001440
0.000004
0.001255
0.100191
0.009927
0.045138
0.000906
0.146396
0.004498
0.030428
0.000755
0.042771
0.006300
0.118575
0.002186
0.095918
0.000000
0.000000
0.006205
0.148138
0.008934
0.044029
0.053875
0.021648
