0.000000
0.104725
0.071460
0.002475
0.063553
0.004411
0.021336
0.004790
0.087875
0.000764
0.098971
0.002609
0.077522
0.003663
0.106475
0.003816
0.075766
0.012502
0.129471
0.001575
0.020530
0.045902
0.126741
0.000117
0.007412
0.037143
0.036224
0.000000
0.131722
0.000010
0.026716
0.001378
0.023361
0.000831
0.002505
0.000987
0.145962
0.001667
0.078604
0.003307
0.103858
0.011739
0.096550
0.003593
0.022478
0.000029
0.000000
0.001645
0.002782
0.000017
0.139234
0.001743
0.000000
0.001557
0.100311
0.010158
0.045175
0.000478
0.146450
0.003208
0.030485
0.000621
0.042801
0.005299
0.118879
0.002112
0.096513
0.006407
0.148517
0.006982
0.044939
0.051876
0.022494
