0.104696
0.018658
0.442568
0.020433
0.230794
0.009647
0.335949
0.012770
0.076250
0.034579
360.455995
0.000230
2.205882
0.000000
20.294116
0.001247
0.129381
0.001633
0.401314
0.000794
0.387203
0.000769
0.388738
0.002138
0.129160
0.002185
0.396467
0.000530
1.027611
0.001311
0.135574
0.001420
0.403055
0.000484
0.773828
0.000340
0.400304
0.000371
0.413962
0.000238
1.177213
0.000262
3.020473
0.000210
0.374949
0.000185
2.789613
0.000279
3.648915
0.000267
0.582456
0.000238
1.405463
0.000242
0.580713
0.000340
5.193094
