0.105075
0.018287
0.442176
0.020669
0.231961
0.009598
0.335228
0.013131
0.074479
0.035369
360.434573
0.000242
0.341655
0.000352
0.758498
0.000373
0.342636
0.000210
0.763311
0.000321
0.835099
0.000313
0.753151
0.000251
0.352687
0.000253
0.742224
0.000269
0.831055
0.000271
16.797558
0.001350
0.129775
0.001741
0.395207
0.000896
0.385154
0.000848
0.392154
0.002612
0.126818
0.002579
0.390745
0.000795
0.382386
0.000376
0.659099
0.001335
0.131610
0.001471
0.391482
0.000468
0.385305
0.000320
0.402393
0.000321
0.395588
0.000444
0.389096
0.000336
0.383825
0.000355
0.824346
0.000217
1.956366
0.000233
1.055928
0.000143
0.358883
0.000205
0.819308
0.000251
1.971504
0.000289
3.647988
0.000167
0.604363
0.000219
1.396303
0.000175
0.586291
0.000264
1.996301
0.000000
0.831792
0.000252
2.341984
