0.105286
0.018443
0.442223
0.020714
0.231344
0.009646
0.334557
0.013353
0.074712
0.035475
148.411848
0.000000
212.016926
0.000255
0.340989
0.000343
0.761173
0.000382
0.347736
0.000212
0.762749
0.000345
0.833153
0.000319
0.754550
0.000260
0.356950
0.000287
0.738703
0.000263
0.830608
0.000276
16.793502
0.001415
0.128907
0.001826
0.397394
0.000908
0.384774
0.000951
0.392043
0.002729
0.126107
0.002712
0.390302
0.000830
0.387347
0.000382
0.657002
0.001486
0.131159
0.001589
0.392370
0.000539
0.384109
0.000324
0.403172
0.000338
0.392719
0.000497
0.391667
0.000342
0.389282
0.000374
0.822525
0.000260
1.964068
0.000261
1.042937
0.000155
0.360657
0.000208
0.823796
0.000245
1.967380
0.000279
3.647541
0.000190
0.598482
0.000257
1.406158
0.000142
0.576789
0.000323
1.996835
0.000329
0.836495
0.000268
1.144301
0.000259
0.854178
0.000344
0.321449
