0.000000
0.045701
0.059446
0.106462
0.000060
0.001797
0.000000
0.000000
0.000000
0.000000
0.000000
0.000036
0.000000
0.000000
0.000000
0.000037
0.000000
0.000000
0.000001
0.000038
0.000001
0.000001
0.000001
0.000039
0.000001
0.000001
0.000001
0.000001
0.000001
0.000001
0.000002
0.000002
0.000002
0.000002
0.000002
0.000041
0.000003
0.000043
0.000004
0.000045
0.000006
0.000006
0.000008
0.000008
0.000011
0.000011
0.000015
0.000015
0.000021
0.000021
0.000028
0.000069
0.000037
0.000078
0.000047
0.000089
0.044895
