0.000000
0.011909
0.067863
0.040346
0.193491
0.001832
0.201236
0.002667
0.060677
0.001221
0.339424
0.005810
0.188717
0.000539
0.181308
0.005416
0.036199
0.000000
0.271492
0.013202
0.265527
0.011752
0.082442
0.001083
0.367164
0.003606
0.041258
0.000691
0.109349
0.001518
0.062885
0.000011
0.154713
0.000322
0.061859
0.002001
0.075352
0.002532
0.072597
0.002074
0.075516
0.002556
0.158521
0.001876
0.135245
0.003114
0.073726
0.000876
0.060654
0.002792
0.001271
0.002862
0.111169
0.002427
0.012124
0.001962
0.015795
0.001256
0.121292
0.001642
0.001498
