0.000000
0.012083
0.066781
0.041395
0.193353
0.001262
0.201113
0.002971
0.060249
0.001646
0.292618
0.000087
0.046552
0.006040
0.370774
0.004964
0.035962
0.001107
0.271286
0.012500
0.265272
0.011908
0.082266
0.000853
0.074431
0.000262
0.270835
0.000040
0.021444
0.002558
0.041146
0.000308
0.196821
0.000124
0.191655
0.002812
0.075207
0.002085
0.072499
0.002294
0.075379
0.002224
0.121142
0.000106
0.037252
0.002198
0.135339
0.004476
0.073637
0.000910
0.060602
0.003566
0.001055
0.003675
0.110906
0.002779
0.011887
0.002275
0.015555
0.001651
0.090189
0.000000
0.030854
0.001922
0.001498
