0.105954
0.019843
0.440567
0.019763
0.233767
0.009730
0.334756
0.011324
0.079283
0.033070
2206.690818
0.000402
13.875334
0.000386
9.699963
0.000487
28.631983
0.000352
6.878160
0.000241
28.201117
0.000273
9.642942
0.000298
4.832968
0.000295
1.569473
0.000250
0.485822
0.000240
0.768325
0.000000
1.190903
0.000527
9.647142
0.000257
3.155861
0.000266
19.824583
0.000447
57.629311
0.000212
6.277204
0.000211
19.642193
0.000243
121.098201
0.000307
1.956015
0.000387
2.180794
0.000279
3.669177
0.000519
0.585309
0.000532
5.449098
0.000360
50.423986
0.000278
4.277053
0.000351
3.066434
0.000326
3.492334
0.000348
31.597123
0.000413
1.807741
0.000268
5.908168
0.000200
1.089345
0.000390
1.568897
0.000297
0.792636
0.000254
7.432688
0.000246
0.372127
0.000339
4.139291
