0.000000
0.135306
0.099883
0.011103
0.164254
0.033851
0.109666
0.000745
0.050589
0.000009
0.000862
0.000009
0.001730
0.000009
0.000116
0.000009
0.000931
0.000009
0.000991
0.000001
0.000972
0.000000
0.048589
0.013482
0.120238
0.009655
0.017592
0.000000
0.000352
0.000448
0.030311
0.010308
0.076904
0.015697
0.080340
0.001995
0.033323
0.011267
0.031543
0.000175
0.002452
0.000149
0.127068
0.007973
0.042199
0.000437
0.001025
0.000459
0.000161
0.000469
0.001121
0.000497
0.019318
0.000032
0.001574
0.000025
0.040701
0.006399
0.137799
0.000713
0.037747
0.032910
0.007384
0.000680
0.024975
0.073387
0.011795
