0.082772
0.004215
0.008771
0.003492
0.125759
0.011740
0.027785
0.003731
0.022685
0.005685
0.013315
0.013933
0.006898
0.010596
0.007620
0.007480
0.009592
0.005535
0.280386
0.005067
0.004770
0.003792
0.006425
0.002771
0.009036
0.002019
0.013955
0.001371
0.010771
0.000000
0.013112
0.000809
0.021140
0.001138
0.014974
0.002173
0.008755
0.003251
0.005922
0.004524
0.339926
0.002569
0.006762
0.002809
0.398792
0.013585
0.253047
0.006163
0.009699
0.005368
0.011272
0.004823
0.012370
0.004098
0.012110
0.003442
0.013087
0.003459
0.088461
0.006072
0.027614
