0.000000
0.115764
0.047395
0.001525
0.127802
0.002372
0.203287
0.000581
0.021830
0.004262
0.200339
0.007293
0.144050
0.070528
0.138767
0.023079
0.160385
0.002385
0.025105
0.002461
0.038431
0.000513
0.033294
0.000839
0.136933
0.001900
0.036331
0.000357
0.120707
0.013614
0.096553
0.000099
0.000041
0.008100
0.000008
0.000243
0.001082
0.000399
0.000768
0.000018
0.011206
0.000979
0.154866
0.003867
0.087306
0.005547
0.124375
0.000600
0.036715
0.000746
0.170698
0.000290
0.020739
0.001981
0.041555
0.001512
0.076939
0.000321
0.049682
0.001736
0.037273
0.000783
0.133373
0.000000
0.000000
0.000002
0.101179
0.005223
0.047920
0.000631
0.030891
0.000980
0.104027
0.002211
0.091824
0.000375
0.111852
0.008589
0.059374
0.011344
0.181912
0.029731
0.031536
0.073631
0.010333
