0.000000
0.006940
0.377029
0.007206
0.100923
0.001481
0.368326
0.000723
0.364808
0.012212
0.273038
0.010971
0.191915
0.011107
0.286743
0.022702
0.108091
0.007693
107.563856
0.000153
1.054543
0.000000
5.668169
0.000131
31.428761
0.000158
0.491022
0.000255
0.472407
0.000223
0.481876
0.000272
0.723061
0.000378
0.741255
0.000347
0.488886
0.000212
0.471062
0.000294
0.730560
0.000223
0.490950
0.000092
0.267520
0.000209
0.484810
0.000178
0.504978
0.000278
0.693223
0.000196
0.060024
0.000225
0.467676
0.000199
0.486554
0.000223
0.497230
0.000172
0.516377
0.000090
0.769437
0.000133
0.739945
0.000133
5.920685
0.000189
0.527934
0.000208
0.764009
0.000299
0.534812
0.000277
0.763499
0.000312
0.771404
0.000210
0.539804
0.000262
15.413224
0.000117
0.857151
0.000205
0.521108
0.000163
0.807697
0.000191
0.562587
0.000174
4.219775
0.000124
278.402324
