0.000000
0.006769
0.377245
0.007481
0.100733
0.001555
0.368091
0.000837
0.364863
0.012372
0.273141
0.010789
0.191792
0.011269
0.286569
0.022685
0.108207
0.007844
145.716016
0.000191
0.491604
0.000216
0.472732
0.000223
0.482135
0.000248
0.723375
0.000317
0.742024
0.000336
0.488658
0.000196
0.470781
0.000323
0.730430
0.000285
0.491192
0.000161
0.267724
0.000195
0.484960
0.000219
0.504915
0.000284
0.692924
0.000166
0.059758
0.000254
0.467398
0.000219
0.486209
0.000259
0.497083
0.000207
0.516321
0.000148
0.769393
0.000000
0.739801
0.000163
5.920479
0.000185
0.527903
0.000194
0.763837
0.000219
0.534759
0.000245
0.763566
0.000250
302.096139
