0.000000
0.006712
0.377720
0.007439
0.100675
0.001527
0.368182
0.000821
0.364784
0.012328
0.272933
0.010862
0.191932
0.011182
0.286513
0.022784
0.107829
0.007848
145.715698
0.000173
0.491302
0.000263
0.472485
0.000259
0.481858
0.000246
0.723093
0.000346
0.741591
0.000343
0.488694
0.000201
0.470858
0.000332
0.730461
0.000288
0.491080
0.000140
0.267636
0.000232
0.484908
0.000228
0.504969
0.000284
0.693077
0.000149
0.059905
0.000222
0.467542
0.000212
0.486383
0.000227
0.497181
0.000205
0.516372
0.000143
0.769436
0.000168
0.739869
0.000160
5.920568
0.000162
0.527914
0.000160
0.763910
0.000242
0.534796
0.000230
0.763557
0.000267
0.771629
0.000000
0.540140
0.000203
15.413289
0.000153
6.968745
0.000157
278.402324
