0.101766
0.152513
0.103845
0.150172
0.109255
0.153963
0.099974
0.161027
0.099283
0.161804
0.097203
0.165824
0.098820
0.222036
0.000000
0.004441
0.000093
0.024330
0.001318
0.097727
0.060614
0.179971
0.108786
0.116925
0.050368
0.070466
0.115514
0.111575
0.121813
0.098305
0.049144
0.087823
0.100486
0.167453
0.052408
0.048991
0.031350
0.059380
0.066955
0.090573
0.085937
0.112596
0.079320
0.077233
0.076082
0.095775
0.060004
0.088198
0.050963
0.096109
0.071339
0.091877
0.050134
0.108616
0.058579
0.051750
0.038050
0.078681
0.042839
0.079271
0.090700
0.074554
0.041497
