0.101768
0.152517
0.103841
0.150154
0.109264
0.153961
0.099980
0.161031
0.099282
0.161826
0.097184
0.165820
0.098823
0.222037
0.000001
0.001878
0.000000
0.000038
0.000001
0.000000
0.000000
0.002526
0.000094
0.024331
0.001319
0.097727
0.060613
0.179965
0.108786
0.116913
0.050375
0.070480
0.115504
0.111575
0.121812
0.098316
0.049154
0.087828
0.100455
0.167468
0.052426
0.049021
0.031314
0.059453
0.066911
0.090572
0.085954
0.112573
0.079356
0.077177
0.076100
0.095742
0.059985
0.088241
0.050975
0.096096
0.071335
0.091963
0.050112
0.108327
0.058800
0.051699
0.038056
0.078632
0.042808
0.079221
0.090711
0.074603
0.041508
