0.101763
0.152530
0.103838
0.150122
0.109291
0.153954
0.099990
0.161041
0.099272
0.161871
0.097152
0.165812
0.098826
0.222038
0.000002
0.001807
0.000000
0.000000
0.000000
0.000036
0.000001
0.000001
0.000001
0.000038
0.000002
0.000039
0.000002
0.000001
0.000001
0.000001
0.000001
0.000000
0.000000
0.000000
0.000000
0.000000
0.000000
0.002527
0.000095
0.024332
0.001320
0.097729
0.060601
0.179954
0.108788
0.116896
0.050389
0.070503
0.115485
0.111567
0.121809
0.098345
0.049173
0.087837
0.100397
0.167502
0.052453
0.049106
0.031232
0.059623
0.066797
0.090570
0.086005
0.112483
0.079451
0.077027
0.076150
0.095653
0.059938
0.088354
0.051009
0.096056
0.071314
0.092187
0.050081
0.107560
0.059367
0.051524
0.038086
0.078515
0.042731
0.079113
0.090734
0.074728
0.041516
