0.065405
0.141434
0.018629
0.079596
0.051875
0.017768
0.347333
0.019082
0.322557
0.018252
0.061766
0.035808
201.551184
0.000855
0.582572
0.001136
0.583437
0.000997
0.858888
0.001198
0.830800
0.000845
0.581488
0.001084
0.566853
0.000812
0.850766
0.001352
0.582614
0.001309
0.865504
0.001418
0.593489
0.001695
0.587051
0.001177
0.853544
0.001074
31.451956
0.000808
0.637201
0.001201
0.636324
0.001046
0.897992
0.001930
0.406001
0.000402
0.480785
0.001485
0.401310
0.001237
0.508320
0.000000
0.385622
0.001361
0.905152
0.001304
1.329326
0.001293
0.912449
0.001043
0.647659
0.001448
0.918532
0.001587
0.390079
0.001189
0.504506
0.001272
0.398623
0.001276
0.907923
0.001240
2.273419
0.001078
1.592402
0.000979
38.429897
0.000944
22.723517
