0.066216
0.140457
0.018826
0.080922
0.052066
0.017621
0.346498
0.018983
0.322566
0.018618
0.061045
0.036161
201.555446
0.000806
0.576790
0.000981
0.584496
0.000932
0.853902
0.001114
0.835364
0.000900
0.581867
0.001124
0.569482
0.000875
0.851324
0.001238
0.579327
0.001205
0.868230
0.001302
0.590506
0.001651
0.588144
0.001156
0.850507
0.001089
31.461062
0.000904
0.631749
0.001088
0.646079
0.001025
0.889936
0.001897
0.409239
0.000761
0.475374
0.001291
0.401988
0.001357
0.895980
0.001227
2.241796
0.001021
0.912729
0.001216
0.645691
0.001348
0.910354
0.001312
0.405846
0.001022
0.905420
0.000944
3.189214
0.000000
1.594607
0.000895
38.421175
0.000955
22.723517
