0.065388
0.141324
0.018308
0.079995
0.051489
0.017958
0.347320
0.019104
0.322376
0.018133
0.062080
0.035754
201.548020
0.000903
0.585594
0.001171
0.584240
0.001038
0.859182
0.001195
0.829606
0.000785
0.579272
0.001015
0.564563
0.000767
0.853152
0.001390
0.583365
0.001319
0.867323
0.001467
0.594133
0.001717
0.586211
0.001189
0.855742
0.001039
31.448959
0.000897
0.635677
0.001201
0.635166
0.001001
0.903948
0.001907
0.397216
0.000367
0.488311
0.001678
0.394184
0.001273
0.512474
0.000995
0.383867
0.001572
0.905348
0.001429
1.325395
0.001394
0.917602
0.000948
0.648964
0.001486
0.917168
0.001683
0.387924
0.001239
0.504279
0.001477
0.396018
0.001381
0.905956
0.001326
0.939271
0.000000
1.341816
0.001137
1.588139
0.001037
38.427888
0.001011
22.723517
