0.000000
0.006530
0.043029
0.108417
0.073830
0.052621
0.081951
0.020500
0.114462
0.099163
0.205412
0.023211
0.149555
0.010690
0.111017
0.009703
0.002981
0.000002
0.000252
0.000006
0.000429
0.000013
0.013347
0.000159
0.127725
0.022352
0.188400
0.014206
0.162450
0.007707
0.093389
0.000071
0.012426
0.000111
0.119090
0.006472
0.043130
0.012631
0.105213
0.000346
0.109413
0.005310
0.183474
0.005443
0.200009
0.005725
0.064256
0.007408
0.020163
0.000000
0.151222
0.004151
0.133601
0.000380
0.040523
0.000262
0.045596
0.004210
0.187424
0.014566
0.056697
0.016427
0.176008
0.033974
0.029575
0.081269
0.008901
