0.000000
0.010993
0.104516
0.035508
0.104598
0.059768
0.140143
0.002456
0.037579
0.002569
0.053306
0.014299
0.098511
0.043511
0.125775
0.041191
0.460477
0.031281
0.092991
0.032256
0.125183
0.002504
0.008337
0.000081
0.135024
0.000672
0.002508
0.000122
0.019620
0.008721
0.172844
0.000262
0.000805
0.000139
0.002631
0.001158
0.000841
0.000448
0.002522
0.001863
0.023780
0.007673
0.000000
0.007980
0.286273
0.002483
0.020418
0.000037
0.194417
0.002657
0.002190
0.000525
0.000494
0.000171
0.014621
0.004848
0.180943
0.003807
0.162981
0.017131
0.012885
0.000245
0.082219
0.025305
0.104071
0.011559
0.065705
0.000874
0.001280
