0.000000
0.111589
0.071868
0.000170
0.000079
0.000175
0.001006
0.000247
0.001279
0.000867
0.150166
0.010050
0.155149
0.011092
0.148301
0.003529
0.039735
0.007965
0.152375
0.000179
0.016499
0.061314
0.034897
0.000482
0.102075
0.027894
0.003106
0.000009
0.161240
0.005500
0.093834
0.000067
0.001835
0.000063
0.023312
0.000193
0.048943
0.001435
0.109495
0.008057
0.105405
0.010751
0.095769
0.000098
0.003905
0.000541
0.008566
0.002723
0.006749
0.000901
0.017350
0.000231
0.012820
0.001601
0.115542
0.003660
0.030083
0.000735
0.072666
0.003712
0.037873
0.000000
0.054104
0.029547
0.030851
0.069084
0.012846
