0.107097
0.020539
0.440646
0.018680
0.233311
0.010421
0.333788
0.011376
0.079644
0.033171
324.659117
0.000301
69.549689
0.000311
149.185764
0.000146
116.145846
0.000215
39.354004
0.000510
1.843093
0.000389
0.560265
0.000351
1.854409
0.000284
0.555870
0.000275
0.446529
0.000264
1.400448
0.000000
0.763881
0.000450
2.655663
0.000333
16.639318
0.000313
0.779895
0.000378
1.874351
0.000444
0.544513
0.000310
1.643185
0.000342
0.501367
0.000392
1.940903
0.000546
1.894670
0.000501
2.438997
0.000396
24.351593
0.000395
1.925832
0.000457
1.964871
0.000499
74.171317
