0.105895
0.019303
0.442309
0.018745
0.233883
0.010617
0.333953
0.011682
0.077731
0.033698
197.348685
0.000333
29.981840
0.000234
97.315998
0.000269
58.628249
0.000257
10.911967
0.000333
81.953110
0.000333
67.242339
0.000203
116.138869
0.000217
9.771860
0.000000
1.818021
0.000274
5.994635
0.000282
18.373564
0.000260
3.414214
0.000500
1.830992
0.000524
0.576545
0.000406
1.840865
0.000229
0.579563
0.000436
0.427537
0.000279
0.860881
0.000309
0.528705
0.000321
0.777314
0.000418
2.659900
0.000357
16.622866
0.000415
0.412428
0.000280
0.374233
0.000476
1.900279
0.000994
0.140644
0.000884
0.384243
0.000455
1.633067
0.000485
0.483036
0.000420
0.380186
0.000292
1.580824
0.000649
0.434035
0.000266
1.458963
0.000507
1.586078
0.000295
0.860149
0.000494
24.348085
0.000423
1.918306
0.000460
1.962002
0.000451
74.171317
