0.000000
0.012682
0.039865
0.077263
0.230774
0.014389
0.077015
0.016901
0.318315
0.016255
0.064190
0.088804
0.181377
0.000000
0.000000
0.000001
0.000001
0.000001
0.000001
0.000002
0.000002
0.000002
0.000002
0.000002
0.000001
0.000001
0.000001
0.000001
0.000001
0.000001
0.000001
0.000001
0.000001
0.000001
0.000000
0.000000
0.000000
0.000000
0.000000
0.000000
0.000000
0.000000
0.000000
0.000000
0.000000
0.000000
0.000000
0.000000
0.049880
0.000387
0.336865
0.005455
0.065680
0.025551
0.170763
0.000573
0.000000
