0.000000
0.113506
0.201686
0.000872
0.031372
0.000452
0.372241
0.007164
0.145856
0.069861
0.138588
0.024038
0.188968
0.005461
0.029481
0.001931
0.033373
0.003123
0.188763
0.003303
0.102487
0.011241
0.106318
0.000002
0.004974
0.000004
0.001705
0.000013
0.002638
0.006416
0.162263
0.002202
0.086526
0.007228
0.126021
0.000678
0.095587
0.001435
0.111695
0.000018
0.002234
0.000022
0.012384
0.002354
0.039337
0.002747
0.171830
0.001090
0.044607
0.000838
0.033805
0.002895
0.151666
0.003216
0.038272
0.001821
0.179186
0.007641
0.036674
0.000000
0.021775
0.010439
0.177826
0.030188
0.030911
0.074524
0.009494
