0.000000
0.113540
0.202046
0.000365
0.404316
0.006790
0.145975
0.069800
0.138485
0.024203
0.188930
0.005502
0.029522
0.001747
0.033405
0.003433
0.188753
0.003041
0.102498
0.011358
0.106287
0.000000
0.006643
0.000044
0.002607
0.006456
0.162317
0.002058
0.086625
0.007338
0.126041
0.000411
0.095604
0.001345
0.126314
0.002237
0.039294
0.002757
0.171838
0.001021
0.044593
0.000590
0.033805
0.002713
0.151584
0.003340
0.038196
0.001773
0.179099
0.007455
0.058572
0.010299
0.177803
0.030061
0.030937
0.074433
0.009514
