4.935907666528176890e-02
8.788788648171094731e-02
4.762004216012116070e-02
8.667345897439658609e-02
4.851037177005173423e-02
8.865815821448037870e-02
9.190642430706108534e-02
9.000766287229380880e-02
8.839829351970973637e-02
1.056381134560561430e-01
8.343437930037445049e-02
1.239249889938555116e-01
8.190841293111679466e-02
1.327511422173894839e-01
9.159945280096647158e-02
1.083672022036740318e-01
1.141900087712040268e-02
3.820887460523502560e-02
6.510878223997698666e-02
1.605790453693592759e-02
3.625158798993480258e-02
8.331315228363070369e-02
4.104527859147291680e-03
8.817924918211542118e-02
1.145937246718392588e-01
3.195989188527628005e-02
1.163888315029977388e-01
6.249541324066580639e-02
1.328860401433889712e-02
5.231169147141905007e-02
5.148966928676896870e-01
3.557926448818853060e-02
2.554863277429256230e-02
3.410791771892805746e-02
1.312697426866206440e-01
2.668110372624703935e-02
3.407659514479592644e-02
2.065475339651920428e-02
1.257948731969149581e-01
1.074819609335801035e-02
3.045906387705997129e-02
1.438635162076699198e-02
1.227745286378707085e-01
2.959053899742833393e-02
1.383465711466238396e-02
