5.234751284889281597e-02
9.436724368101019611e-02
5.785668027267333591e-02
1.054569855566983294e-01
5.579041742136644361e-02
9.947388046008563689e-02
5.818650789398321227e-02
9.520437365385668593e-02
5.015547322091133686e-02
8.729097772618771289e-02
3.350299233903966667e-02
4.177570090675779280e-02
4.635973985358229910e-02
8.758557186737979394e-02
4.815348406825385730e-02
6.098834587265093005e-02
1.948839707002615954e-02
7.753003288944231020e-02
5.330475122883926442e-02
1.526986931864101893e-01
8.464948707204113243e-02
1.239936094938293154e-01
0.000000000000000000e+00
7.105427357601002007e-18
7.881488336209552248e-02
1.610668881120450868e-01
5.935462832555738616e-02
1.686790356449817396e-01
7.021640598169207048e-02
1.485958169833067610e-01
9.253050932885110991e-02
9.919509563819908782e-02
2.816464740955512084e-03
4.289883193886646212e-02
1.111337083056957581e-01
7.860720638187490561e-02
1.640533360759754630e-02
4.744178336874819296e-02
9.887167383523688680e-02
8.946297364105978978e-02
2.906151876278712290e-04
8.124601636859174469e-02
9.377338067203293270e-02
9.701434664182041756e-02
2.263792436242377873e-03
7.049620796761238428e-02
1.068201496972168291e-01
2.293519021063391856e-03
4.003211675025142857e-01
