4.963257165914313623e-02
8.829567112027482401e-02
4.835228485045454938e-02
8.785322630313140146e-02
4.984828389829373124e-02
8.869758550155398824e-02
9.361547868394370919e-02
8.938270916354178197e-02
9.132877553106397150e-02
1.034519374089472726e-01
8.633032247996454134e-02
1.206176879209944208e-01
8.490814747870599477e-02
1.286526787537877747e-01
9.544494601369904463e-02
9.841399843008459547e-02
1.312231661779227586e-02
4.649023794788360170e-02
5.814599374585823627e-02
1.911333142204756433e-02
4.104883567090268637e-02
7.101306339174681681e-02
8.573659835849721869e-03
7.870853951822964767e-02
9.756561981257057259e-02
1.099398022131972408e-01
2.818471509124917482e-03
4.579600204933381019e-02
1.175544435424612233e-01
1.408239151146969785e-02
4.069657008330588299e-01
1.165208490679711835e-02
1.318125710992984478e-01
4.002550618723599990e-02
2.429461886056294428e-02
3.866921794899630394e-02
1.367724304223448817e-01
8.714385038440056533e-03
2.387922911581439878e-01
4.197770905902321013e-03
1.576799566325784163e-01
9.074149957034880268e-03
1.289572983975075526e-01
3.083150877879554594e-02
1.475323444174950552e-02
