5.286285903267849001e-02
9.249860655875492832e-02
5.099334581854735732e-02
8.738712929220573966e-02
4.953899613683995090e-02
9.026572742426328122e-02
5.296056071067128945e-02
9.380597237484582240e-02
8.999290083000775764e-02
1.092824397697610972e-01
5.994518299506054054e-02
1.357833934492504169e-01
7.913047081783271264e-02
1.069613194697478509e-01
9.320014258120692952e-02
1.085294921225416626e-01
9.308255644083254787e-02
1.244756501400099830e-01
1.087474133563952894e-01
9.556845770597641176e-02
8.517882650863239230e-03
7.704707270254970708e-02
6.610402142008001136e-02
1.934731479680492500e-02
2.432357507577273537e-02
1.063691761541806086e-01
1.020977489779050368e-01
1.105065909348043052e-01
2.394924319363826021e-02
1.771700045372476620e-02
6.383933174835493274e-02
1.967201347671382605e-01
1.100919443971621198e-01
1.297858383611978639e-01
6.314303938449813795e-03
3.506188724372528293e-02
1.748755296713943252e+00
1.965066644007370123e-03
1.361130999578876455e-01
7.135428693826487666e-03
4.058618596167210685e-02
8.253172080502645808e-03
1.889135252292430678e-01
0.000000000000000000e+00
3.778270504584861356e-01
1.532048581273868495e-03
4.239541599764577451e-01
5.742072655938224718e-03
1.393375159947884689e-01
3.525385080522967784e-02
2.296572810621053465e-02
7.281300005258407870e-02
2.707693511126419567e-02
3.661146864005955515e-02
5.473911824142092125e-02
2.964182131377681578e-02
3.049688407687606989e-02
6.496792355427481735e-02
8.559535840824255767e-03
