4.687315215786053840e-02
8.187257507202508333e-02
3.936813593789751514e-02
7.114529292268113869e-02
4.474170617683796009e-02
8.808595125576901275e-02
7.110308483110464040e-02
1.050964022912692364e-01
5.875840410721322460e-02
1.262194607501865018e-01
6.382463397140025751e-02
1.292248982197500007e-01
7.035799720176458272e-02
1.311796784388524206e-01
1.411076256529077101e-03
1.873846844981901655e-02
1.141797543535743170e-01
1.526946825679249831e-01
7.372962676735865528e-02
1.476340020685640020e-01
8.125728354577650692e-02
5.088751130331714903e-03
1.443167752346948690e-02
1.765000238322400605e-01
9.180902933549239808e-02
1.521580077182605774e-02
0.000000000000000000e+00
2.664535259100375752e-18
7.634998112252579239e-04
4.599381927911789548e-03
6.855666851561243022e-04
