5.241194226820659885e-02
9.264943959701971155e-02
5.129280065464957711e-02
9.028810154211595884e-02
5.096028571618246850e-02
9.325894344033788808e-02
9.771293393973884411e-02
9.778308097730376014e-02
9.474267786384314716e-02
1.106779306921486378e-01
9.177472098499706021e-02
1.195031179312851799e-01
9.339538382025532048e-02
1.189828831790054608e-01
2.562322600258037583e-02
6.444602246484435956e-03
6.743135097167360370e-02
1.013894896168603399e-01
9.407693414892306233e-03
5.864623942921696337e-02
5.571110968868938501e-02
2.164589154464779605e-02
4.019475859011477359e-02
7.276049013135738042e-02
8.697233584031280329e-03
8.862680354168585295e-02
3.696319832982724457e-02
1.426115423586682808e-03
6.404957124898409682e-02
1.099588718459385550e-01
2.443200719774047628e-03
5.318155512796808593e-02
6.748329476632422552e-02
9.920773984041040411e-03
2.528807475790657844e-02
5.379887798166950452e-02
1.602306619691614819e-03
