4.607984044725891432e-02
8.264792526370626224e-02
5.769416749523044395e-07
6.232036093819723507e-07
4.272225514931243112e-02
8.131070096319047147e-02
4.608374796575207683e-02
8.730104552796989770e-02
8.371484363823814001e-02
8.125171907819354888e-02
7.943031633142413894e-02
1.048381903490845646e-01
7.454645989169363107e-02
1.231715725486335761e-01
7.606145517314444326e-02
1.297938200680925636e-01
8.510261630592354243e-02
1.386708353649640235e-01
4.485492827224281040e-03
2.795786396909744065e-02
1.015255624114374811e-01
1.546800405996841266e-01
8.124307794825511020e-02
1.495768270254423660e-01
9.212067754855829405e-02
3.476274912325549860e-02
6.357395083724952378e-03
