4.762749004780734985e-02
8.431694929796544613e-02
4.091786317628495762e-02
7.396708746766154918e-02
3.821601030530067528e-02
7.677909789044792821e-02
4.470932660569641726e-02
9.482563483725724163e-02
7.283428264213027969e-02
1.008988327185105782e-01
5.151060010475017048e-02
1.235982236737763751e-01
5.564334410891587368e-02
1.108100387665895553e-01
7.332952957329710864e-02
1.175346422795872231e-01
8.642629701943534137e-02
1.698616118228949423e-01
8.490204691387970293e-02
1.245927732716502062e-01
8.128202059651473688e-02
0.000000000000000000e+00
1.065814103640150301e-17
1.564018086977230770e-01
9.537765408712259307e-02
1.419150420398998524e-01
8.461475712590703357e-02
1.843909004311851743e-02
