8.649198404763555614e-02
9.999994432272295286e-02
1.033537024368760687e-01
9.903593352291807650e-02
9.503951235680559162e-02
1.068018467751696288e-01
8.314936715348099361e-02
1.047262184648443256e-01
4.823344334923184568e-02
8.315747388815825092e-02
4.786314723685421157e-02
9.498208937162146148e-02
5.562770060575871617e-02
1.028668883140008705e-01
2.477628789252548855e-02
4.776923109133870970e-02
7.111410461746131562e-02
8.972356188013959344e-03
4.006015164144084706e-02
1.498686091302510459e-01
1.040821138337878482e-01
1.126492313255842564e-01
1.276971529908189906e-02
7.606445073702172710e-02
7.733157807819725227e-02
1.047194016814832485e-01
1.844549779793985128e-02
3.379856295675069677e-02
1.244817207889268862e-01
5.732987578673505447e-02
1.129042133577719959e-02
4.488513046851041327e-02
1.028316579375545270e-01
0.000000000000000000e+00
2.570791448438863869e-02
3.679130354571718414e-02
3.433565498731215582e-02
1.798241037186222580e-02
1.199665487415913223e-01
6.154179563119663299e-02
9.357980567387598828e-03
6.041532910365526865e-02
2.611830067533071550e-02
7.699278402842173186e-03
1.035681253576525018e-01
1.960046139025687154e-02
1.114687336449560542e-02
