0.000000
0.057209
0.080746
0.001166
0.005886
0.000000
0.000118
0.000161
0.055290
0.032794
0.055804
0.001490
0.134509
0.002099
0.051763
0.042351
0.138702
0.001111
0.000393
0.001034
0.002537
0.000001
0.000472
0.000874
0.000117
0.000003
0.005899
0.000124
0.002031
0.000240
0.021526
0.017338
0.133647
0.001294
0.000190
0.001079
0.000706
0.000912
0.002805
0.000760
0.023306
0.008934
0.080784
0.001387
0.044137
0.066926
0.000009
0.001131
0.000001
0.000023
0.000003
0.000025
0.000003
0.000026
0.000005
0.000028
0.000005
0.000005
0.000006
0.000006
0.000007
0.000030
0.000008
0.000008
0.000009
0.000009
0.000009
0.000032
0.000009
0.000031
0.000009
0.000009
0.000009
0.000009
0.000009
0.000020
0.000009
0.000009
0.019909
