0.000000
0.057573
0.080743
0.000988
0.061300
0.033063
0.055890
0.001153
0.134593
0.001937
0.051854
0.042327
0.138749
0.000963
0.000439
0.000886
0.003054
0.000730
0.008135
0.000123
0.021569
0.017313
0.133659
0.001280
0.000211
0.001064
0.000734
0.000892
0.002839
0.000725
0.023343
0.008924
0.080768
0.001231
0.044120
0.066921
0.000004
0.001219
0.000000
0.000000
0.000002
0.000025
0.000003
0.000003
0.000004
0.000004
0.000004
0.000027
0.000004
0.000026
0.000004
0.000004
0.000004
0.000004
0.000004
0.000015
0.000004
0.000004
0.019793
