0.069373
0.139606
0.021646
0.077394
0.048386
0.020274
0.348949
0.017835
0.323060
0.023125
0.046944
0.043981
141.096258
0.001100
15.475581
0.001161
16.030587
0.001128
0.813978
0.001007
0.531553
0.001062
0.776997
0.000674
3.182977
0.000602
1.636680
0.000974
26.029857
0.001416
33.315488
0.001063
79.932084
0.000920
42.634364
0.001483
6.804118
0.001231
0.474649
0.001252
0.644918
0.001360
0.454063
0.001735
1.122188
0.001668
0.822810
0.001754
0.781200
0.001441
0.330626
0.001977
0.483625
0.001286
0.309399
0.001125
0.812830
0.002683
1.118201
0.001665
152.618550
0.000708
112.017374
0.001186
2.780570
0.001785
0.148249
0.001948
2.443821
0.000976
2.560542
0.001068
18.919451
0.001255
19.833375
0.001396
556.476437
0.000000
254.389228
