0.070093
0.138249
0.022004
0.079184
0.047851
0.020185
0.347055
0.017926
0.325408
0.022384
0.047849
0.042978
141.086950
0.000902
15.482547
0.001047
16.040525
0.001051
0.817327
0.000933
0.533779
0.001153
3.944180
0.000000
1.643409
0.000847
26.032626
0.001246
33.319399
0.000886
79.937158
0.001041
42.618723
0.001092
6.825420
0.001069
0.459676
0.000939
0.640912
0.001290
0.458095
0.001701
1.117529
0.001742
0.827719
0.001624
0.792503
0.001430
0.319867
0.001629
0.473784
0.001295
0.325107
0.001352
0.805900
0.002385
1.116115
0.001784
152.617067
0.000859
158.731066
0.001420
810.865666
