0.000000
0.010902
0.088377
0.016407
0.180287
0.003971
0.261813
0.010802
0.260850
0.003060
0.288235
0.001055
0.031507
0.000057
0.022054
0.001813
0.287376
0.005503
0.266811
0.002320
0.022303
0.000098
0.001051
0.000070
0.000873
0.000015
0.000134
0.000030
0.025066
0.004838
0.207687
0.015760
0.046601
0.000039
0.002214
0.000029
0.000674
0.000058
0.001488
0.000013
0.013730
0.000092
0.124964
0.000046
0.008425
0.000013
0.000520
0.000028
0.021502
0.000905
0.167004
0.003781
0.098211
0.000848
0.059237
0.000043
0.008271
0.000008
0.026890
0.000968
0.139244
0.000000
0.005683
0.000023
0.012325
0.000045
0.043233
0.001053
0.176970
0.001675
0.048531
0.001674
0.040217
0.000005
0.053014
0.000084
0.003779
0.000381
0.006022
0.004408
0.053207
0.000418
0.021534
0.000014
0.003372
0.000013
0.001553
0.000009
0.038140
0.002688
0.052006
0.000000
0.001041
