0.081435
0.003023
0.005614
0.002596
0.006509
0.002310
0.121281
0.011920
0.025082
0.002421
0.012524
0.002077
0.011593
0.003307
0.010393
0.006944
0.005234
0.008925
0.004247
0.007208
0.004393
0.005663
0.004879
0.004599
0.005638
0.003809
0.006683
0.003181
0.276349
0.003155
0.002532
0.002699
0.002970
0.002263
0.003554
0.001886
0.004333
0.001577
0.005430
0.001331
0.007178
0.000977
0.007301
0.000663
0.008067
0.000604
0.015522
0.000483
0.013260
0.000492
0.012257
0.000757
0.008616
0.001099
0.006847
0.001552
0.005219
0.002000
0.004008
0.002464
0.003270
0.002958
0.338963
0.002567
0.006669
0.002811
0.398966
0.013565
0.251099
0.003526
0.004963
0.003249
0.005540
0.003022
0.006014
0.002846
0.006370
0.002698
0.006674
0.002557
0.007006
0.002414
0.007402
0.001893
0.005237
0.001425
0.005415
0.001761
0.004182
0.000000
0.004704
0.002089
0.085205
0.006084
0.002761
