0.000000
0.000400
0.130798
0.022933
0.183544
0.005015
0.258431
0.009651
0.263643
0.000314
0.005018
0.006112
0.299628
0.000961
0.308916
0.001750
0.011213
0.000199
0.275721
0.014694
0.304305
0.000184
0.012535
0.003297
0.159952
0.011170
0.004062
0.000038
0.001340
0.000033
0.002707
0.000111
0.000152
0.000019
0.000406
0.000003
0.001887
0.000148
0.000967
0.000056
0.000486
0.000274
0.001211
0.000000
0.060533
0.013785
0.356979
0.000832
0.013398
0.002324
0.014024
0.003440
0.012081
0.001040
0.009878
0.002836
0.377320
0.012378
0.038850
0.001121
0.064882
0.008990
0.346400
0.001983
0.009770
0.000487
0.002321
0.000085
0.009575
0.002137
0.012128
0.001127
0.016012
0.001257
0.104258
0.005838
0.162741
