0.107444
0.020223
0.439503
0.019277
0.235064
0.010163
0.335733
0.012656
0.073864
0.035013
356.193352
0.000350
0.758876
0.000242
0.334186
0.000283
0.486033
0.000276
1.082571
0.000485
1.089266
0.000395
0.502952
0.000314
0.589849
0.000330
0.485801
0.000471
1.094378
0.000502
0.516773
0.000192
0.584433
0.000432
0.475879
0.000409
0.350445
0.000235
0.760769
0.000410
1.100808
0.000442
0.469356
0.000215
0.354750
0.000379
0.781370
0.000335
1.091982
0.000366
0.801947
0.000283
0.817738
0.000311
1.092960
0.000222
0.764633
0.000251
0.378660
0.000316
0.463844
0.000000
1.113225
0.000168
0.723070
0.000294
0.405310
0.000531
0.402684
0.000362
0.728732
0.000253
0.422103
0.000348
0.406581
0.000589
0.367988
0.001726
0.124583
0.001928
0.395786
0.000674
1.157907
0.000234
0.420901
0.000357
0.369976
0.000253
0.374016
0.000235
0.395035
0.000362
137.740305
