0.000000
0.113395
0.062519
0.000432
0.137562
0.002471
0.030389
0.001559
0.189183
0.000234
0.181898
0.008267
0.145559
0.069715
0.136147
0.000015
0.002148
0.000000
0.000661
0.023679
0.189153
0.005145
0.029384
0.002530
0.033305
0.002160
0.188795
0.004106
0.102478
0.010818
0.106427
0.000004
0.005083
0.000004
0.001814
0.000004
0.002746
0.000003
0.000076
0.006131
0.025393
0.000235
0.136532
0.002660
0.086080
0.006844
0.116071
0.000241
0.009836
0.001286
0.095545
0.001551
0.111684
0.000319
0.002228
0.000262
0.012381
0.002214
0.039402
0.003015
0.171744
0.001373
0.044578
0.001542
0.033718
0.003485
0.151817
0.002809
0.038465
0.001917
0.179375
0.008175
0.036694
0.000227
0.021797
0.010657
0.177695
0.030488
0.030944
0.074928
0.009472
