0.000000
0.105489
0.064300
0.000470
0.006853
0.002922
0.063490
0.004140
0.020923
0.005508
0.087470
0.001167
0.098609
0.003280
0.077138
0.004280
0.106104
0.004058
0.075225
0.012982
0.129180
0.002556
0.020308
0.045947
0.126156
0.000421
0.003214
0.000000
0.003615
0.037257
0.036016
0.001332
0.131523
0.000028
0.026517
0.001050
0.023147
0.001077
0.002270
0.001284
0.145707
0.001484
0.078490
0.003530
0.103669
0.011522
0.096661
0.003162
0.022533
0.001900
0.000015
0.000284
0.002765
0.000383
0.005460
0.000009
0.133752
0.001644
0.000005
0.001459
0.100243
0.010010
0.045212
0.000691
0.146474
0.004043
0.030502
0.000699
0.042836
0.005933
0.118724
0.002156
0.096175
0.006196
0.148300
0.008155
0.044453
0.052913
0.022090
