0.000000
0.011663
0.051571
0.069648
0.196670
0.002917
0.098907
0.010526
0.216453
0.001153
0.318175
0.027351
0.258479
0.012118
0.402730
0.018512
0.257551
0.008978
0.415479
0.003906
0.300694
0.001104
0.059300
0.000848
0.316378
0.003593
0.203454
0.000421
0.195440
0.003295
0.132839
0.000804
0.066079
0.000040
0.000040
0.000042
0.000042
0.000043
0.000038
0.000038
0.000035
0.000035
0.000033
0.000033
0.000030
0.000030
0.000027
0.000027
0.000025
0.000025
0.000022
0.000022
0.000019
0.000019
0.000016
0.000016
0.000014
0.000014
0.000011
0.000011
0.000008
0.000008
0.000006
0.000006
0.000003
0.000003
0.000000
0.000000
0.174566
0.000423
0.000000
