0.000000
0.011694
0.051555
0.069562
0.196646
0.002946
0.098893
0.010568
0.216418
0.001146
0.318137
0.027351
0.258485
0.012121
0.402708
0.018523
0.257555
0.008978
0.415508
0.003910
0.300693
0.001103
0.059295
0.000849
0.316375
0.003584
0.203447
0.000423
0.195432
0.003284
0.132866
0.000791
0.066087
0.000049
0.000049
0.000051
0.000051
0.000052
0.000046
0.000046
0.000044
0.000044
0.000041
0.000041
0.000038
0.000038
0.000036
0.000036
0.000033
0.000033
0.000030
0.000030
0.000028
0.000028
0.000025
0.000025
0.000022
0.000022
0.000019
0.000019
0.000017
0.000017
0.000014
0.000014
0.000011
0.000011
0.000008
0.000008
0.000006
0.000006
0.000003
0.000003
0.000000
0.000000
0.174574
0.000422
0.000000
