0.000000
0.111456
0.071860
0.000167
0.001260
0.000258
0.001275
0.000864
0.150166
0.010046
0.155179
0.011103
0.148306
0.003450
0.039722
0.008024
0.168984
0.061252
0.032233
0.000472
0.104780
0.000012
0.000009
0.027928
0.000000
0.000000
0.164469
0.005454
0.095681
0.000181
0.023206
0.000198
0.048934
0.001492
0.109498
0.007983
0.105443
0.010755
0.099685
0.000534
0.008570
0.002736
0.006747
0.000924
0.017348
0.000229
0.012818
0.001535
0.115548
0.003694
0.030110
0.000715
0.072691
0.003675
0.092008
0.029592
0.030801
0.069123
0.012810
