0.000000
0.005660
0.102045
0.024336
0.415640
0.026483
0.256531
0.008247
0.424173
0.015643
0.261528
0.010399
0.460293
0.002011
0.416563
0.002841
0.429936
0.003514
0.118816
0.001482
0.354224
0.000982
0.198149
0.000080
0.206081
0.000850
0.400199
0.000255
0.063129
0.000049
0.231906
0.000045
0.063629
0.000424
0.401322
0.001438
0.128702
0.001583
0.381028
0.001742
0.125313
0.001967
0.125794
0.000623
0.342163
0.000005
0.304146
0.000013
0.416998
0.000053
0.167866
0.000008
0.221273
0.000064
0.158407
0.000008
0.147466
0.000000
0.045374
0.000107
0.116838
0.000087
0.006716
