0.000000
0.001642
0.094010
0.073690
0.042782
0.098335
0.079721
0.033408
0.104464
0.074846
0.222348
0.032381
0.094087
0.011731
0.159886
0.029346
0.134838
0.011820
0.107526
0.000037
0.103392
0.004810
0.113879
0.005609
0.167821
0.005833
0.244178
0.010308
0.069610
0.004202
0.106245
0.000000
0.080600
0.003307
0.172487
0.002638
0.169543
0.000006
0.036314
0.000648
0.204492
0.009395
0.063895
0.007239
0.193469
0.004413
0.172374
0.005915
0.047171
0.006902
0.164968
0.035631
0.032877
0.087361
0.029362
0.050186
0.125878
0.000115
0.047616
0.031586
0.050510
0.031236
0.080398
0.014665
0.060554
0.048724
0.023971
0.088428
0.005563
