0.086687
0.147889
0.095492
0.162230
0.120394
0.174365
0.105731
0.152911
0.103699
0.155418
0.087581
0.154219
0.078203
0.110205
0.059179
0.117702
0.087167
0.140099
0.075448
0.101324
0.048145
0.104993
0.067049
0.062186
0.019680
0.223514
0.088826
0.104842
0.047857
0.067171
0.068702
0.061475
0.053217
0.103459
0.070868
0.178803
0.037777
0.057213
0.077116
0.082143
0.032623
0.079051
0.138811
0.047485
0.012207
0.110720
0.092069
0.008267
0.088562
0.071123
0.029648
0.062057
0.119982
0.084842
0.049602
0.055437
0.355248
0.000000
0.047366
0.029366
0.464394
0.074264
0.034982
