0.095868
0.165551
0.098027
0.167111
0.109377
0.162186
0.108949
0.178690
0.104691
0.173106
0.099671
0.155084
0.107720
0.147270
0.093472
0.167794
0.093276
0.106033
0.050637
0.135701
0.093447
0.132781
0.091785
0.152206
0.056336
0.090116
0.083007
0.177040
0.065635
0.163723
0.050696
0.090774
0.077152
0.107514
0.039641
0.059009
0.047030
0.087107
0.036150
0.098244
0.099038
0.102771
0.045383
0.102222
0.000000
0.042593
0.056383
0.099062
0.048774
0.066374
0.075487
0.101988
0.044825
0.028794
0.048677
0.080544
0.051408
0.106134
0.052901
0.073659
0.047272
0.148660
0.062356
0.093219
0.050583
0.094469
0.045020
0.033860
0.050610
0.083161
0.047430
0.106680
0.087323
0.099068
0.035599
