0.106271
0.020887
0.441437
0.018720
0.233014
0.010322
0.333733
0.011410
0.080469
0.032397
94.712529
0.000236
76.644756
0.000267
6.317004
0.000329
0.552695
0.000000
0.789564
0.000445
0.545611
0.000296
0.798360
0.000373
0.558276
0.000345
0.547860
0.000308
4.939920
0.000163
12.900925
0.000359
0.574891
0.000312
0.826044
0.000329
0.585987
0.000351
1.428065
0.000411
0.574711
0.000344
168.259684
0.000205
96.573749
0.000242
73.266793
0.000082
175.606564
0.000273
0.264595
0.000168
1.605776
0.000184
1.832076
0.000320
0.361565
0.000283
1.876896
0.000226
1.242054
0.000264
138.685631
0.000225
174.558597
0.000233
381.888576
0.000371
210.543475
