0.000000
0.022003
0.107657
0.000005
0.000000
0.000000
0.000318
0.000002
0.000178
0.000003
0.025732
0.030989
0.031353
0.055388
0.000004
0.000742
0.000001
0.000075
0.000001
0.000083
0.000001
0.000091
0.000001
0.000021
0.000002
0.000002
0.000002
0.000002
0.000002
0.000022
0.000002
0.000002
0.000002
0.000002
0.000002
0.000002
0.000003
0.000023
0.000003
0.000024
0.000003
0.000003
0.000003
0.000024
0.000003
0.000003
0.000004
0.000004
0.000004
0.000004
0.000004
0.000004
0.000004
0.000026
0.000004
0.000004
0.026492
