0.000000
0.113399
0.062523
0.000444
0.137567
0.002502
0.030397
0.001534
0.189191
0.000237
0.181907
0.008275
0.145548
0.069732
0.136149
0.000017
0.001431
0.000002
0.001376
0.023678
0.189180
0.005136
0.029406
0.002528
0.033329
0.002130
0.188818
0.004071
0.102502
0.010809
0.106454
0.000003
0.005110
0.000003
0.001841
0.000003
0.002774
0.000003
0.000056
0.006129
0.012653
0.000117
0.149199
0.002707
0.086050
0.006853
0.116066
0.000251
0.009830
0.001276
0.095543
0.001524
0.111682
0.000304
0.002225
0.000253
0.012378
0.002238
0.039394
0.003007
0.171745
0.001392
0.044576
0.001555
0.033717
0.003517
0.098231
0.000000
0.053580
0.002822
0.038468
0.001926
0.179372
0.008186
0.036709
0.000242
0.021812
0.010667
0.177731
0.030496
0.030951
0.074919
0.009476
