0.000000
0.000165
0.016160
0.054488
0.116247
0.048858
0.247048
0.020612
0.159606
0.034035
0.136033
0.108134
0.014001
0.088882
0.034193
0.039999
0.100304
0.020524
0.057081
0.039375
0.158412
0.003997
0.183538
0.008565
0.155690
0.007151
0.274125
0.006441
0.046934
0.000008
0.017754
0.000019
0.118619
0.007877
0.065040
0.008334
0.040752
0.000057
0.075555
0.000063
0.072649
0.013310
0.059182
0.012631
0.102610
0.003445
0.064771
0.030852
0.031117
0.066109
0.012604
0.088367
0.000002
0.001318
0.000000
0.000451
0.000004
0.000004
0.002708
