0.000000
0.000300
0.016139
0.054482
0.116229
0.048835
0.247039
0.020626
0.159607
0.034041
0.136032
0.108131
0.013997
0.088893
0.034185
0.040009
0.100323
0.020521
0.057076
0.039377
0.158402
0.003998
0.183547
0.008570
0.155685
0.007149
0.274097
0.006455
0.046921
0.000019
0.017741
0.000038
0.118606
0.007846
0.065002
0.008312
0.040744
0.000111
0.075548
0.000123
0.072641
0.013338
0.059192
0.012635
0.102614
0.003447
0.064783
0.030859
0.031124
0.066136
0.012607
0.084941
0.000001
0.000000
0.000000
0.001700
0.000002
0.001735
0.000007
0.000004
0.000004
0.001323
0.000005
0.000456
0.000009
0.000009
0.002707
