0.000000
0.003728
0.136884
0.018307
0.093771
0.087518
0.002395
0.000073
0.002700
0.000641
0.025514
0.022818
0.042833
0.000989
0.027629
0.000102
0.329130
0.002775
0.034977
0.000592
0.022529
0.000553
0.205878
0.001608
0.014631
0.000044
0.017817
0.001860
0.402620
0.000166
0.016410
0.012180
0.248108
0.002006
0.006938
0.001006
0.018823
0.016193
0.070784
0.001917
0.145867
0.000000
0.002917
0.000003
0.000071
0.000037
0.000098
0.000005
0.000277
0.000012
0.000953
0.000015
0.035905
0.000791
0.124310
0.003757
0.055900
0.001951
0.053809
0.002665
0.089962
0.000379
0.034159
0.000309
0.208418
0.000631
0.082305
0.003270
0.148070
0.003202
0.039180
0.000609
0.141946
0.001403
0.003554
