0.000000
0.003636
0.137620
0.018125
0.094064
0.087137
0.005379
0.000249
0.025754
0.023060
0.042865
0.000669
0.027657
0.000161
0.329156
0.002831
0.035038
0.000340
0.022586
0.000711
0.205917
0.001601
0.032545
0.001935
0.402645
0.000000
0.016434
0.012255
0.248143
0.001907
0.007010
0.000825
0.018898
0.016356
0.070675
0.001842
0.148656
0.000030
0.000149
0.000004
0.000825
0.000004
0.035777
0.001056
0.124169
0.004139
0.055840
0.001823
0.053748
0.002814
0.089899
0.000218
0.034095
0.000294
0.208352
0.000744
0.082242
0.003415
0.148020
0.003338
0.039154
0.000411
0.032175
0.000047
0.109724
0.001343
0.003554
