0.000000
0.003523
0.138621
0.017810
0.094648
0.086441
0.031885
0.023349
0.042880
0.000208
0.027669
0.000266
0.329161
0.003002
0.057746
0.000854
0.205947
0.001481
0.032617
0.002053
0.419074
0.012291
0.248171
0.001678
0.007094
0.000460
0.018987
0.016540
0.070473
0.001594
0.148391
0.000019
0.036259
0.001378
0.123915
0.004681
0.055721
0.001574
0.053627
0.003049
0.089771
0.000000
0.033967
0.000246
0.208222
0.000857
0.082118
0.003671
0.147919
0.003618
0.039096
0.000058
0.032117
0.000182
0.109663
0.001261
0.003554
