0.000000
0.003829
0.136117
0.018478
0.093514
0.087832
0.002193
0.000391
0.002498
0.000952
0.025315
0.022529
0.039435
0.000151
0.003335
0.001246
0.027596
0.000014
0.329098
0.002757
0.034913
0.000836
0.022469
0.000393
0.205833
0.001562
0.014555
0.000151
0.017742
0.001753
0.402583
0.000352
0.016375
0.012115
0.248075
0.002085
0.006868
0.001164
0.018749
0.016030
0.037524
0.000000
0.033354
0.001962
0.148920
0.000001
0.000185
0.000035
0.000211
0.000003
0.000391
0.000011
0.001066
0.000017
0.036018
0.000528
0.124433
0.003332
0.047180
0.000080
0.001215
0.000012
0.007602
0.002051
0.053860
0.002538
0.090014
0.000547
0.000023
0.000064
0.034212
0.000309
0.208473
0.000483
0.082357
0.003132
0.148111
0.003116
0.039202
0.000762
0.141970
0.001472
0.003554
