0.083612
0.000000
0.000000
0.083596
0.031718
0.060024
0.000000
0.000000
0.015323
0.000041
0.002880
0.000094
0.002007
0.000113
0.001928
0.000140
0.001658
0.000158
0.001589
0.000213
0.000956
0.000014
0.000994
0.000242
0.000983
0.000120
0.001021
0.000278
0.000886
0.000072
0.000852
0.000315
0.000850
0.000140
0.000816
0.000366
0.001271
0.000406
0.000564
0.000037
0.000587
0.000473
0.001023
0.000455
0.000993
0.036927
0.000716
0.000264
0.000698
0.000485
0.000759
0.000213
0.000728
0.000350
0.000875
0.000236
0.036868
0.062673
0.098668
