0.045739
0.004225
0.115743
0.009977
0.113624
0.028129
0.445356
0.020290
0.262207
0.025141
0.030668
0.105800
192.794139
0.000061
29.725053
0.000033
48.236893
0.000050
0.942968
0.000043
33.545187
0.000082
0.692337
0.000039
0.316934
0.000046
0.735545
0.000058
0.714722
0.000053
1.022987
0.000060
1.004165
0.000037
7.470657
0.000000
1.822111
0.000058
0.726093
0.000053
1.059759
0.000049
0.715801
0.000062
2.060073
0.000056
0.483182
0.000061
1.311669
0.000048
0.485174
0.000068
1.789280
0.000061
8.503520
0.000034
0.542794
0.000053
1.299803
0.000075
0.478945
0.000038
0.581286
0.000045
0.747406
0.000053
0.528660
0.000051
14.816774
0.000053
23.142072
0.000044
1.355049
0.000051
1.118359
0.000053
1.366812
0.000063
1.118580
0.000047
0.880241
0.000047
0.508357
0.000029
0.592559
0.000045
0.781210
0.000045
0.589753
0.000059
0.548086
0.000048
0.584035
0.000018
29.094817
0.000027
77.229934
