0.046646
0.004219
0.115201
0.009990
0.113325
0.028157
0.445285
0.020307
0.262274
0.025121
0.030658
0.105805
192.793132
0.000066
29.724238
0.000031
48.235737
0.000049
0.944713
0.000044
33.545106
0.000080
0.691654
0.000000
0.316185
0.000052
0.736112
0.000052
0.715162
0.000048
1.023392
0.000062
1.004041
0.000037
9.293103
0.000059
0.726461
0.000052
1.059369
0.000047
0.716086
0.000063
2.059848
0.000055
0.482976
0.000059
1.311448
0.000046
0.486026
0.000066
1.790634
0.000060
8.502556
0.000038
0.542672
0.000052
1.299204
0.000074
0.479078
0.000036
0.582449
0.000044
0.747089
0.000051
0.526670
0.000050
14.818898
0.000056
23.142777
0.000042
1.355563
0.000045
1.118028
0.000052
1.366436
0.000067
1.119448
0.000045
0.879338
0.000046
0.509089
0.000029
0.592221
0.000045
0.781453
0.000043
0.588271
0.000059
0.547037
0.000045
0.583799
0.000018
29.094946
0.000026
77.229934
