0.081423
0.003025
0.005623
0.002596
0.006519
0.002312
0.121061
0.011461
0.020270
0.002561
0.016966
0.002524
0.014025
0.003581
0.008657
0.006255
0.004709
0.007804
0.003691
0.006566
0.003687
0.005327
0.003991
0.004418
0.004463
0.003705
0.005064
0.003128
0.005824
0.002710
0.275924
0.003125
0.002500
0.002675
0.002921
0.002247
0.003485
0.001876
0.004232
0.001571
0.005279
0.001332
0.006974
0.001017
0.007693
0.000714
0.008747
0.000570
0.013149
0.000456
0.013970
0.000466
0.011784
0.000710
0.009576
0.001130
0.007358
0.001578
0.005253
0.001993
0.004074
0.002486
0.003321
0.003005
0.337817
0.001685
0.004617
0.001802
0.004315
0.001901
0.397887
0.013572
0.251449
0.004107
0.005955
0.003719
0.006714
0.003432
0.007280
0.003215
0.007696
0.003026
0.008125
0.002840
0.008706
0.002528
0.008564
0.002261
0.009220
0.002321
0.005064
0.000000
0.081022
0.006086
0.032763
