0.000000
0.015182
0.062226
0.048319
0.120931
0.012024
0.181025
0.001219
0.177555
0.001114
0.202001
0.004875
0.035278
0.001348
0.011507
0.000155
0.025179
0.075234
0.176248
0.006805
0.018399
0.000333
0.067748
0.012787
0.045260
0.000952
0.243728
0.001146
0.051158
0.017672
0.288639
0.010385
0.149785
0.000632
0.214058
0.000835
0.080483
0.000606
0.076674
0.000404
0.184944
0.003300
0.197808
0.002363
0.029823
0.000000
0.059647
0.001189
0.049328
0.000693
0.051302
0.002414
0.071592
0.000318
0.054310
0.000026
0.003933
