0.000000
0.014037
0.063782
0.048789
0.122869
0.010648
0.217727
0.000843
0.016452
0.000902
0.328436
0.001601
0.035200
0.003102
0.011270
0.002571
0.011052
0.002270
0.013510
0.077870
0.174570
0.009285
0.000000
0.000000
0.016321
0.002180
0.065755
0.014577
0.042224
0.002212
0.240834
0.003250
0.048218
0.018398
0.286813
0.008577
0.149473
0.001930
0.080559
0.000892
0.213328
0.001113
0.076326
0.001128
0.115718
0.002045
0.068617
0.000840
0.197698
0.003699
0.029615
0.002270
0.031355
0.002109
0.000464
0.000455
0.027293
0.003886
0.049086
0.003448
0.006821
0.002552
0.001579
0.001228
0.002387
0.000796
0.039832
0.004109
0.028044
0.000028
0.043475
0.001917
0.026509
0.001221
0.027594
0.000000
0.003933
