0.000000
0.163076
0.098448
0.001238
0.001583
0.000174
0.003845
0.000260
0.000246
0.000263
0.058242
0.000293
0.010516
0.000208
0.002215
0.000064
0.002933
0.027075
0.048461
0.042223
0.118699
0.000330
0.051505
0.000003
0.002098
0.000008
0.001060
0.000018
0.004632
0.000046
0.019325
0.015768
0.103897
0.000000
0.004241
0.000005
0.004635
0.000017
0.003414
0.000052
0.003693
0.000087
0.007036
0.000149
0.020521
0.023955
0.005429
0.000051
0.001008
0.000054
0.004154
0.008012
0.077252
0.000000
0.004501
0.000029
0.002439
0.000051
0.002296
0.000071
0.002881
0.000090
0.001331
0.000099
0.001280
0.000105
0.031178
0.049804
0.000496
0.000115
0.013318
