0.000000
0.163142
0.098491
0.001196
0.001627
0.000045
0.000036
0.000042
0.003889
0.000218
0.000290
0.000221
0.058285
0.000246
0.010560
0.000143
0.005235
0.027007
0.048472
0.042247
0.118702
0.000241
0.051508
0.000001
0.000000
0.000000
0.002101
0.000009
0.001063
0.000018
0.004635
0.000041
0.019328
0.015747
0.097324
0.000000
0.010807
0.000003
0.004629
0.000010
0.003409
0.000036
0.003687
0.000063
0.007031
0.000112
0.020516
0.023895
0.010599
0.007955
0.077248
0.000000
0.004498
0.000027
0.002435
0.000045
0.002292
0.000061
0.002877
0.000077
0.001328
0.000083
0.001276
0.000088
0.031174
0.049767
0.000510
0.000079
0.013332
