0.000000
0.163205
0.098537
0.001148
0.005687
0.000171
0.000337
0.000175
0.058332
0.000188
0.010608
0.000062
0.005282
0.026924
0.048480
0.042275
0.118710
0.000153
0.053619
0.000000
0.000000
0.000001
0.001071
0.000010
0.004643
0.000027
0.019337
0.015720
0.097316
0.000001
0.010800
0.000003
0.004622
0.000008
0.003402
0.000024
0.003680
0.000041
0.007024
0.000071
0.020509
0.023816
0.010608
0.007881
0.077247
0.000000
0.004496
0.000026
0.002433
0.000039
0.002291
0.000051
0.002876
0.000060
0.001327
0.000065
0.001275
0.000068
0.031173
0.049728
0.000527
0.000040
0.013349
