0.000000
0.111603
0.050900
0.000461
0.005184
0.001049
0.000111
0.000987
0.013327
0.001141
0.130188
0.001666
0.035239
0.006066
0.149189
0.005082
0.027838
0.002559
0.181012
0.000478
0.148677
0.066557
0.137321
0.000015
0.002666
0.000015
0.000140
0.027390
0.151275
0.000533
0.027439
0.004233
0.245020
0.006140
0.124942
0.008725
0.096330
0.000023
0.001749
0.000021
0.003463
0.000019
0.014038
0.003820
0.018592
0.000608
0.117016
0.000596
0.021540
0.000427
0.003267
0.000561
0.085480
0.003328
0.116423
0.004470
0.093374
0.000000
0.003811
0.000007
0.101072
0.001529
0.030623
0.000040
0.108792
0.000714
0.049991
0.028136
0.032430
0.070468
0.011330
