0.000000
0.003418
0.071415
0.078398
0.044139
0.000485
0.236357
0.003389
0.012278
0.001560
0.328877
0.000993
0.005510
0.001200
0.005309
0.003745
0.170042
0.000755
0.010399
0.016717
0.013659
0.014186
0.008944
0.001193
0.225267
0.000234
0.014044
0.005307
0.015091
0.001909
0.007143
0.000815
0.358804
0.001095
0.007060
0.003627
0.016282
0.010393
0.017130
0.000908
0.004739
0.001775
0.256217
0.011644
0.057848
0.002066
0.031085
0.004015
0.020081
0.001830
0.373365
0.002778
0.200969
0.000759
0.015747
0.001464
0.165389
0.000000
0.186063
0.001217
0.010520
0.000800
0.003289
0.000406
0.187286
0.003649
0.014076
0.000809
0.115876
0.013522
0.114129
0.009371
0.002901
