0.000000
0.002321
0.075766
0.080623
0.044004
0.000094
0.236212
0.004397
0.013536
0.000144
0.336830
0.000415
0.006513
0.004252
0.180965
0.009563
0.000000
0.007855
0.013393
0.014625
0.009046
0.000529
0.225362
0.000545
0.014196
0.006238
0.015160
0.001697
0.007272
0.000154
0.358953
0.000081
0.007168
0.003294
0.016076
0.012221
0.017030
0.000269
0.004670
0.001037
0.256162
0.011480
0.058676
0.000772
0.031899
0.004329
0.020859
0.001797
0.202034
0.000468
0.172612
0.002266
0.201626
0.000454
0.016462
0.001849
0.351905
0.002447
0.011582
0.000299
0.191915
0.003215
0.014917
0.000598
0.116644
0.012911
0.114963
0.009140
0.002901
