0.000000
0.012071
0.066857
0.041317
0.193353
0.001287
0.201112
0.002939
0.060267
0.001660
0.339175
0.006056
0.189085
0.000092
0.181630
0.005020
0.035980
0.000991
0.271302
0.012554
0.265260
0.011891
0.082278
0.000863
0.074444
0.000214
0.270848
0.000062
0.003366
0.000000
0.018092
0.002605
0.041158
0.000290
0.109228
0.000008
0.087607
0.000071
0.191668
0.002806
0.075231
0.002113
0.072519
0.002272
0.075404
0.002204
0.121161
0.000060
0.037272
0.002215
0.135351
0.004454
0.073661
0.000916
0.060624
0.003544
0.001087
0.003652
0.110937
0.002766
0.011917
0.002266
0.015584
0.001640
0.121073
0.001915
0.001506
