0.000000
0.020521
0.042655
0.056169
0.203940
0.000088
0.014859
0.000067
0.023038
0.001120
0.249002
0.001189
0.024496
0.000129
0.001607
0.000066
0.025939
0.005367
0.260204
0.000098
0.002740
0.000045
0.025004
0.011397
0.000002
0.030119
0.029051
0.011452
0.369094
0.000137
0.022974
0.007952
0.014601
0.001968
0.002696
0.001165
0.013531
0.001169
0.023228
0.001701
0.020664
0.000098
0.331686
0.016302
0.005040
0.001119
0.004344
0.009929
0.023548
0.025690
0.012781
0.009336
0.015889
0.000491
0.266799
0.034246
0.041182
0.040956
0.038081
0.008182
0.000000
0.000000
0.042304
0.007894
0.038136
0.000059
0.000763
