0.000000
0.020514
0.042594
0.056286
0.203950
0.000087
0.014869
0.000010
0.023049
0.001146
0.249004
0.001273
0.024511
0.000065
0.001622
0.000000
0.025954
0.005446
0.231345
0.000042
0.028789
0.000026
0.027682
0.041522
0.029146
0.011417
0.369166
0.000032
0.023046
0.007954
0.014644
0.001990
0.002738
0.001186
0.013575
0.001168
0.023274
0.001647
0.020713
0.000036
0.331735
0.016260
0.005092
0.001074
0.004396
0.009883
0.023600
0.025679
0.012829
0.009299
0.015948
0.000471
0.266857
0.034230
0.041275
0.040911
0.038100
0.008109
0.042315
0.007923
0.038136
0.000033
0.000763
