0.106655
0.020907
0.441504
0.018694
0.233214
0.009920
0.332349
0.011362
0.081344
0.032012
168.731827
0.000198
1.274144
0.000246
0.509561
0.000000
0.789820
0.000395
0.791477
0.000334
0.525660
0.000568
0.795036
0.000597
0.526693
0.000478
0.795449
0.000647
0.783055
0.000454
0.543074
0.000645
0.788813
0.000648
0.542628
0.000307
0.235481
0.000305
0.554783
0.000706
0.797880
0.000496
0.540828
0.000684
0.806140
0.000580
0.539945
0.000503
0.810596
0.000532
0.539167
0.000300
0.813320
0.000313
16.239466
0.000164
0.589199
0.000299
0.839015
0.000266
0.573643
0.000423
0.588195
0.000378
0.835043
0.000421
0.576736
0.000386
0.836488
0.000383
0.587219
0.000351
299.704765
0.000119
44.272360
0.000127
2249.790773
