0.106875
0.020837
0.441515
0.018714
0.233377
0.009925
0.331811
0.011396
0.081317
0.032127
168.718843
0.000261
0.501418
0.000212
0.783334
0.000274
0.513092
0.000262
0.784855
0.000411
0.785980
0.000404
0.531340
0.000607
0.791094
0.000660
0.530897
0.000532
0.793943
0.000677
0.784412
0.000481
0.543379
0.000698
0.786432
0.000672
0.543588
0.000305
0.239821
0.000301
0.550644
0.000731
0.795856
0.000519
0.545990
0.000691
0.801688
0.000593
0.542025
0.000507
0.810934
0.000509
0.539827
0.000334
0.810295
0.000262
16.243863
0.000191
0.583298
0.000296
0.840567
0.000267
0.572162
0.000444
0.590506
0.000357
0.834718
0.000387
0.579962
0.000380
0.835411
0.000398
0.584376
0.000375
299.706328
0.000113
44.269499
0.000117
1235.178966
0.000197
4.589510
0.000000
73.432161
0.000215
81.146437
0.000248
855.456776
