0.000000
0.111574
0.071832
0.000208
0.001230
0.000311
0.001242
0.000928
0.150126
0.010044
0.155143
0.011086
0.148287
0.003531
0.039716
0.007994
0.152364
0.000133
0.016515
0.061311
0.032201
0.000567
0.104752
0.027907
0.164454
0.005505
0.095650
0.000245
0.023176
0.000149
0.048905
0.001504
0.109463
0.008075
0.105383
0.010733
0.099683
0.000560
0.008570
0.002734
0.006754
0.000909
0.017356
0.000236
0.012826
0.001607
0.115548
0.003675
0.030090
0.000724
0.072674
0.003713
0.036070
0.000001
0.001096
0.000000
0.054813
0.029480
0.030887
0.069034
0.012881
