0.000000
0.111343
0.071893
0.000128
0.001294
0.000205
0.001312
0.000799
0.150209
0.010041
0.155206
0.011111
0.148345
0.003361
0.039748
0.008048
0.169061
0.061188
0.032245
0.000356
0.104790
0.000014
0.000018
0.027927
0.000000
0.000000
0.164485
0.005395
0.095717
0.000128
0.023242
0.000247
0.048969
0.001484
0.109537
0.007880
0.105506
0.010787
0.099684
0.000505
0.008568
0.002738
0.006735
0.000943
0.017335
0.000222
0.012805
0.001455
0.115546
0.003720
0.030130
0.000692
0.072710
0.003629
0.092037
0.029698
0.030723
0.069228
0.012744
