0.000000
0.111585
0.071828
0.000217
0.001226
0.000321
0.001238
0.000939
0.150121
0.010039
0.155138
0.011082
0.148285
0.003544
0.039715
0.007988
0.152358
0.000152
0.016508
0.061318
0.032197
0.000581
0.104748
0.027900
0.164451
0.005512
0.095645
0.000255
0.023172
0.000141
0.048900
0.001506
0.109457
0.008088
0.105374
0.010730
0.099681
0.000561
0.008569
0.002732
0.006754
0.000904
0.017356
0.000237
0.012825
0.001619
0.115546
0.003670
0.030086
0.000723
0.072670
0.003720
0.036065
0.000009
0.001091
0.000008
0.054807
0.029467
0.030899
0.066317
0.000000
0.002707
0.012890
