0.057650
0.139685
0.024687
0.064646
0.054609
0.022402
0.366377
0.012198
0.326121
0.023560
0.053297
0.039634
123.261834
0.001522
0.168125
0.001601
0.474642
0.001392
0.434850
0.001799
0.446598
0.001371
0.447014
0.001007
0.447482
0.001004
13.262098
0.001017
0.486978
0.001373
0.467325
0.001701
0.465037
0.001792
0.475092
0.001290
0.714071
0.001379
0.475942
0.001295
28.709281
0.001050
0.525196
0.001244
0.780867
0.001080
0.516458
0.000851
0.803806
0.000788
0.537817
0.000967
0.545141
0.000953
8.799532
0.001138
0.807668
0.000789
0.556884
0.001798
0.803105
0.001798
0.557301
0.001518
0.813368
0.001469
0.576498
0.002141
0.166227
0.001507
0.362606
0.001446
19.056510
0.001410
0.837688
0.000000
0.586381
0.001173
4.109493
0.000926
34.794050
0.001077
53.206414
0.001028
55.542895
