0.000000
0.020412
0.040019
0.060421
0.239752
0.000227
0.023481
0.000062
0.228870
0.001143
0.024425
0.000070
0.000849
0.000011
0.020859
0.005172
0.240276
0.000009
0.051529
0.042648
0.029879
0.010435
0.030013
0.000592
0.341826
0.000019
0.029077
0.010073
0.002753
0.001569
0.054424
0.000216
0.342709
0.017128
0.013503
0.005488
0.019778
0.024876
0.017185
0.011521
0.016501
0.000030
0.264710
0.033518
0.031541
0.000045
0.001712
0.000000
0.005004
0.034877
0.008260
0.009362
0.031722
0.009687
0.046159
0.007159
0.007124
