0.000000
0.020426
0.040116
0.060247
0.239747
0.000229
0.023475
0.000076
0.228864
0.001028
0.024402
0.000158
0.000826
0.000098
0.020836
0.005085
0.291856
0.042674
0.013374
0.000061
0.001871
0.000038
0.014376
0.010481
0.029921
0.000652
0.341734
0.000136
0.000000
0.000000
0.028985
0.010056
0.002690
0.001556
0.043689
0.000065
0.010616
0.000299
0.342643
0.017185
0.013400
0.005562
0.019677
0.024904
0.017083
0.011596
0.016392
0.000050
0.264601
0.033617
0.019100
0.000015
0.012318
0.000150
0.001603
0.000103
0.004895
0.034975
0.008235
0.009449
0.031702
0.009795
0.046145
0.007159
0.007124
