0.100477
0.159219
0.146750
0.074283
0.056726
0.001863
0.009197
0.054867
0.151924
0.002886
0.006746
0.003118
0.006292
0.003308
0.146457
0.059603
0.050091
0.022064
0.097827
0.048116
0.073285
0.040094
0.082272
0.036496
0.081631
0.048430
0.078240
0.021402
0.006464
0.004244
0.008187
0.003330
0.100637
0.000986
0.010451
0.000967
0.010210
0.000929
0.010562
0.000895
0.011713
0.000852
0.013942
0.000628
0.010858
0.000404
0.012259
0.000366
0.020400
0.000524
0.016771
0.001077
0.010273
0.078597
0.028359
0.002149
0.010096
0.023927
0.229788
0.000253
0.068455
0.028235
0.030270
0.041561
0.006458
0.004369
0.005609
0.004482
0.005342
0.004272
0.005523
0.003894
0.006072
0.003442
0.006875
0.003016
0.007553
0.002746
0.003866
0.000000
0.003717
0.002720
0.006916
0.002996
0.005842
0.003860
0.001079
