0.119953
0.170508
0.116998
0.126790
0.111411
0.147609
0.124557
0.147969
0.000000
0.000000
0.109761
0.134123
0.111002
0.153011
0.121155
0.142673
0.117206
0.097326
0.045232
0.081036
0.038028
0.040331
0.067952
0.111471
0.047369
0.043371
0.050436
0.088189
0.008261
0.087986
0.057285
0.025654
0.038027
0.091220
0.051448
0.106291
0.096263
0.149272
0.080647
0.100068
0.076087
0.095034
0.056861
0.006230
0.049912
0.111735
0.077400
0.106629
0.063897
0.114033
0.069257
0.090735
0.038448
0.082739
0.067807
0.102090
0.067265
0.101225
0.088016
0.102175
0.069825
0.089772
0.048004
