0.113497
0.163953
0.118882
0.147409
0.108233
0.131817
0.123308
0.155933
0.111640
0.128924
0.102798
0.156114
0.125645
0.146855
0.069065
0.000000
0.052394
0.093239
0.045442
0.095576
0.124481
0.111051
0.045626
0.035332
0.050045
0.085320
0.022424
0.077282
0.054055
0.019255
0.037981
0.086612
0.048080
0.105748
0.116375
0.133691
0.075791
0.098688
0.075125
0.100214
0.053641
0.009664
0.054869
0.110255
0.072708
0.107665
0.064087
0.115150
0.067818
0.090296
0.039894
0.085773
0.063598
0.100660
0.063036
0.107395
0.096857
0.105954
0.065924
0.099876
0.055130
