0.000000
0.022142
0.040084
0.099179
0.081821
0.010180
0.113975
0.029602
0.028313
0.106448
0.000022
0.000315
0.000000
0.000031
0.000001
0.000035
0.000001
0.000039
0.000002
0.000043
0.000002
0.000048
0.000003
0.000003
0.000004
0.000054
0.000005
0.000060
0.000006
0.000067
0.000007
0.000074
0.000009
0.000009
0.000010
0.000083
0.000012
0.000092
0.000015
0.000103
0.000018
0.001189
0.000028
0.000028
0.000036
0.000036
0.000049
0.000049
0.000139
0.000073
0.000073
0.037236
0.078040
0.023666
0.055885
0.009381
0.050080
0.029198
0.064622
0.027672
0.003135
