0.117513
0.017848
0.430682
0.022266
0.255695
0.012698
0.331913
0.007446
0.067194
0.030382
0.514338
0.003827
0.635187
0.001440
0.439510
0.001780
0.459933
0.000822
0.694999
0.001457
0.415790
0.003123
0.128738
0.002046
0.331395
0.000464
0.422049
0.000651
0.419441
0.000571
0.364892
0.000290
0.362304
0.000552
0.403376
0.000518
0.407137
0.000278
0.383548
0.000277
0.382728
0.001725
0.122161
0.002601
0.119211
0.001134
0.611437
0.000116
0.646793
0.000067
0.620992
0.000064
0.364701
0.000100
0.373090
0.000102
0.363458
0.000077
0.366602
0.000050
0.950704
0.000000
0.665493
0.000038
0.382327
0.000043
1.554664
0.000016
169.188298
