0.117498
0.017741
0.430388
0.022456
0.256220
0.012661
0.333348
0.007386
0.065963
0.030126
0.514141
0.003844
0.635167
0.001433
0.439563
0.001758
0.460359
0.000824
0.694570
0.001474
0.415348
0.003155
0.128668
0.002058
0.330453
0.000467
0.423005
0.000661
0.419327
0.000593
0.365463
0.000301
0.360991
0.000570
0.402607
0.000536
0.406886
0.000285
0.383893
0.000284
0.382176
0.001820
0.121656
0.002769
0.118788
0.001219
0.609979
0.000124
0.645892
0.000071
0.625421
0.000074
0.364597
0.000116
0.366930
0.000119
0.363846
0.000109
0.374431
0.000071
0.941069
0.000052
0.376031
0.000046
0.318859
0.000037
0.369934
0.000051
0.707134
0.000000
0.860859
0.000011
169.188298
