0.000000
0.019673
0.039020
0.062737
0.241670
0.000944
0.050575
0.001171
0.210546
0.001186
0.044463
0.002516
0.281246
0.034716
0.017844
0.001034
0.009490
0.014383
0.024677
0.001300
0.173663
0.004618
0.184719
0.009179
0.031126
0.000522
0.014275
0.000292
0.355110
0.001874
0.022504
0.000211
0.004308
0.000000
0.000367
0.004534
0.027343
0.022719
0.020303
0.000357
0.006586
0.000110
0.004209
0.013885
0.283913
0.027988
0.037224
0.010931
0.005195
0.029673
0.035700
0.014891
0.040894
0.006024
0.048561
0.002038
0.029066
0.000000
0.095895
