0.000000
0.009328
0.069144
0.037772
0.052767
0.103886
0.000000
0.000000
0.000000
0.000000
0.000000
0.000000
0.000001
0.000001
0.000001
0.000001
0.000002
0.000002
0.000002
0.000002
0.000002
0.000002
0.000004
0.000004
0.000006
0.000006
0.000007
0.000004
0.000004
0.000003
0.000003
0.000003
0.000003
0.000002
0.000002
0.000001
0.000001
0.000001
0.000001
0.000001
0.000001
0.000001
0.000001
0.000000
0.000000
0.000000
0.000000
0.000000
0.000000
0.092344
0.048662
0.081090
0.072851
0.128003
0.025201
0.048294
0.077070
0.024651
0.036677
0.123556
0.040289
0.049065
0.083735
0.006794
0.050752
