0.000000
0.008488
0.148547
0.002322
0.168434
0.015649
0.190511
0.004699
0.273027
0.006107
0.038889
0.000698
0.299634
0.005214
0.296812
0.001294
0.039505
0.004233
0.232141
0.001291
0.030189
0.003026
0.230037
0.016547
0.336269
0.000728
0.062155
0.001597
0.277603
0.001418
0.000000
0.000000
0.001135
0.000886
0.046183
0.000018
0.056227
0.002394
0.056571
0.000350
0.249380
0.001042
0.023087
0.000523
0.070335
0.002120
0.082836
0.001480
0.199738
0.000474
0.077572
0.000603
0.076513
0.002485
0.109579
0.003389
0.072468
0.000239
0.053131
0.001453
0.022025
0.000454
0.003367
