3.401137733329664457e+02
2.216306534946157214e+01
1.985317300502071021e+02
5.302916127718284400e+01
8.503255375097666047e+01
2.936117955222614384e+01
1.496164801260911474e+02
4.726130415627859804e+01
4.167952477825144229e+02
9.161739538039655883e+01
3.197062131550999311e+02
6.448467475787784231e+00
2.925123458499902540e+02
4.410530389598645939e+01
4.012874220849881794e+02
2.490670264068192452e+01
4.480542524192160840e+02
3.214826338461456601e+01
1.915312500925329573e+02
2.598326596137976008e+00
2.661182076579443674e+02
1.589979670251730148e+01
2.881695673142343139e+02
7.013824672770821778e+00
3.653552229632687158e+02
1.352480889033079414e+01
2.720180914199449944e+02
2.926150047849717328e+00
4.626268664446289449e+02
1.035934709959752631e+01
4.287648863616209951e+02
4.433438101167451961e+00
3.385587239537143205e+02
1.242044213562529720e+01
1.158472824326881465e+02
6.006740932955227485e+00
4.033593778975748023e+02
6.594822536151658809e+00
3.268166050056434528e+02
1.964212426342971662e+00
4.293788933348973842e+02
2.665474360180423830e+00
4.425376410482634810e+02
1.258541231776663327e+00
3.449358863516171709e+02
2.949346847805062399e+00
5.876361190546091393e+02
3.864339087052904187e+00
1.467808151277261004e+02
3.123813265243580606e+00
3.766326129664831228e+02
2.001563574498673059e+00
4.094476038956467505e+02
1.461704264837180078e+00
3.573473284175326512e+02
1.120603321951423759e+00
4.407063646101858012e+02
1.208818552361667908e+00
3.623024129790624102e+02
4.069526756458381911e+00
1.282192249514786226e+02
3.194814476341269582e+00
3.853841125319599996e+02
1.386411355169556270e+00
3.942510950743399576e+02
5.266177312997418758e-01
3.701929365855061178e+02
6.096096709972197436e-01
3.869333978851113329e+02
1.000000000000000021e-03
4.027265977987893280e+02
6.222883490401091011e-01
3.483732067454232606e+02
3.894775905712638542e-01
4.241729527386932546e+02
2.632480523674282646e-01
3.872901975510422403e+02
4.596073776199552374e-01
3.822184704907000423e+02
5.698974610735683122e-01
3.727018887434181806e+02
1.630470697564616822e+00
1.289860225355609771e+02
1.765597109467783588e+00
3.794402440131266872e+02
1.153510863125757790e+00
3.923318003767395226e+02
3.148493755270536987e+00
1.233224080960787035e+02
4.380936704206449761e+00
1.228688858778005226e+02
2.072974373887005672e+00
2.005831952584446185e+02
