3.701096921764249714e+02
1.879551513459607648e+01
1.892356890795346374e+02
6.635406352097957949e+01
8.084782430742987458e+01
3.352016186762994465e+01
1.229979908953525864e+02
4.779521833243611439e+01
4.289239024618817666e+02
7.035938771140268955e+01
3.130046824471438640e+02
8.114869762087328908e+00
3.217021300649894897e+02
4.167074429568840799e+01
4.242383785597463657e+02
1.974795554419744548e+01
4.378445801540714228e+02
3.600030864407429476e+01
4.536340645036170827e+02
1.957223551993735455e+01
2.782827482212922519e+02
9.060757906049786925e+00
3.715055063651555542e+02
9.627864269234988726e+00
2.914138267974766450e+02
3.828785274690174489e+00
4.472697942768693338e+02
6.896308707495830248e+00
4.550579326599177534e+02
4.745695522052125526e+00
3.403824735168932989e+02
6.586162536344549068e+00
1.496800793978373747e+02
4.294033808545784758e+00
3.695005303110521595e+02
5.944854684619283347e+00
3.206131091783637999e+02
2.147271217586451453e+00
4.392020587076901279e+02
2.369771107649460529e+00
4.324803172647344240e+02
1.000000000000000021e-03
3.398059635651484882e+02
3.101820418066475682e+00
5.545522678792051465e+02
2.171610272543567532e+00
1.223175457050879231e+03
5.570818203820525616e-01
9.178772712529126920e+02
1.113906941696661823e+00
7.727383243208929571e+02
6.682464013065750885e-01
7.539108752896449914e+02
5.324502315200420055e-01
2.075404519539632474e+03
5.177468201423990335e-01
7.475997018304843778e+02
3.593758656419667741e-01
1.097882842136874388e+03
