0.042405
0.004341
0.116960
0.010200
0.114163
0.028140
0.446215
0.020271
0.262729
0.025154
0.030969
0.105012
134.342607
0.000046
5.384860
0.000059
49.485485
0.000058
1.090184
0.000086
34.129800
0.000051
52.887713
0.000041
33.857685
0.000096
0.481534
0.000067
0.534752
0.000074
0.757664
0.000084
0.741511
0.000060
1.018789
0.000065
0.713345
0.000070
1.039221
0.000037
0.724850
0.000047
15.606219
0.000057
45.501125
0.000044
87.201465
0.000023
8.011809
0.000048
2.416934
0.000046
1.283829
0.000067
1.537463
0.000079
1.301203
0.000064
0.479364
0.000078
1.294502
0.000074
1.564366
0.000117
0.159202
0.000092
1.141288
0.000041
2.430623
0.000055
1.555420
0.000054
2.863910
0.000052
6.910867
0.000050
1.295473
0.000083
3.111105
0.000071
1.577650
0.000051
0.995697
0.000032
4.425875
0.000000
2.627863
0.000050
7.360165
0.000039
1.576029
0.000058
1.328149
0.000064
1.084373
