0.111263
0.019100
0.426842
0.023379
0.269104
0.011105
0.387736
0.018419
0.032531
0.012375
0.495086
0.005163
0.379907
0.005505
0.131278
0.004077
0.331649
0.000441
0.412656
0.000829
0.375472
0.002753
0.130426
0.002625
0.412147
0.001123
0.412081
0.001239
0.128745
0.000765
0.615030
0.000115
0.191771
0.000055
0.233238
0.000103
0.205832
0.000114
0.207099
0.000087
0.456413
0.000143
0.413383
0.000104
115.568810
0.000001
0.945933
0.000000
2.069229
0.000016
73.871990
0.000005
1.625510
0.000005
0.402149
0.000014
0.833372
0.000013
0.801622
0.000012
0.399717
0.000028
0.149933
0.000030
0.411035
0.000008
162.181021
0.000008
383.024296
