0.000000
0.004385
0.067987
0.076236
0.038585
0.000801
0.242072
0.002790
0.011585
0.002175
0.024984
0.000482
0.301960
0.001806
0.004692
0.001529
0.004740
0.003389
0.180030
0.016570
0.014268
0.014678
0.009079
0.001789
0.239590
0.004477
0.015054
0.001912
0.007070
0.001300
0.358451
0.001799
0.007017
0.003624
0.016536
0.008908
0.017905
0.000970
0.002833
0.000813
0.002040
0.002116
0.256405
0.011930
0.054758
0.002589
0.031738
0.003603
0.019165
0.002146
0.336145
0.000425
0.036076
0.003024
0.200667
0.000664
0.015059
0.001650
0.164580
0.000402
0.185254
0.000276
0.009895
0.001176
0.002449
0.000890
0.010927
0.000000
0.174837
0.004360
0.013307
0.000779
0.115243
0.013990
0.113657
0.009494
0.044986
