0.000000
0.002638
0.074465
0.080118
0.038613
0.000182
0.242110
0.004280
0.013229
0.000374
0.329555
0.000121
0.006431
0.000664
0.006221
0.004162
0.180368
0.017116
0.013717
0.015009
0.009076
0.000565
0.225487
0.000481
0.014156
0.006067
0.015102
0.001764
0.007264
0.000229
0.358747
0.000224
0.007145
0.003380
0.016069
0.011924
0.017504
0.000393
0.002505
0.000000
0.001753
0.001170
0.256271
0.011528
0.056464
0.000996
0.033365
0.004246
0.020763
0.001919
0.203389
0.000383
0.171398
0.002402
0.201788
0.000615
0.016305
0.001680
0.351604
0.002278
0.011377
0.000377
0.191157
0.003276
0.014721
0.000696
0.116525
0.013066
0.114744
0.009188
0.044986
