0.000000
0.002496
0.075032
0.080394
0.038587
0.000128
0.242085
0.004366
0.013390
0.000233
0.329717
0.000000
0.006594
0.000566
0.006374
0.004232
0.180399
0.017187
0.013691
0.015060
0.009093
0.000453
0.225502
0.000504
0.014180
0.006195
0.015112
0.001720
0.007281
0.000133
0.358764
0.000096
0.007162
0.003324
0.016050
0.012166
0.017500
0.000292
0.004256
0.001070
0.256266
0.011520
0.056553
0.000834
0.033455
0.004304
0.020854
0.001884
0.203461
0.000430
0.171474
0.002335
0.201877
0.000575
0.016403
0.001733
0.351663
0.002385
0.011486
0.000319
0.191265
0.003253
0.014840
0.000644
0.116637
0.012979
0.114886
0.009155
0.044986
