0.000000
0.004313
0.048418
0.078540
0.076223
0.137917
0.027877
0.061657
0.110892
0.103008
0.087853
0.000148
0.004451
0.000213
0.006526
0.000082
0.104755
0.023784
0.145322
0.007729
0.121487
0.011473
0.138325
0.018727
0.190962
0.008800
0.148472
0.008695
0.168151
0.004022
0.100766
0.008383
0.129969
0.000026
0.124969
0.003847
0.098975
0.000028
0.102939
0.002579
0.081059
0.004351
0.310903
0.013136
0.060706
0.012803
0.186049
0.020177
0.053974
0.019398
0.052717
0.000590
0.139335
0.007983
0.188061
0.020572
0.052800
0.022072
0.104733
0.000000
0.067569
0.037922
0.027044
0.084177
0.007015
