0.000000
0.007304
0.047921
0.078511
0.075898
0.138207
0.028109
0.060835
0.110843
0.104152
0.091995
0.000269
0.001958
0.000005
0.001851
0.000032
0.001722
0.000045
0.000705
0.000694
0.002049
0.000000
0.102468
0.023678
0.144619
0.008241
0.122168
0.011310
0.138263
0.019112
0.190811
0.008649
0.148442
0.008715
0.131778
0.000023
0.036240
0.004033
0.101158
0.008215
0.129884
0.000138
0.124877
0.003917
0.098846
0.000071
0.102811
0.002594
0.080967
0.004410
0.058551
0.000008
0.026764
0.000002
0.225527
0.013142
0.060512
0.012854
0.185548
0.020863
0.053097
0.020907
0.052575
0.001394
0.002579
0.000599
0.069503
0.000446
0.066823
0.007909
0.188108
0.020021
0.052998
0.021164
0.019990
0.000544
0.083363
0.001364
0.066702
0.038987
0.026833
0.084704
0.006894
