0.000000
0.021951
0.107625
0.000000
0.000000
0.000015
0.000336
0.000007
0.000103
0.000008
0.025702
0.030985
0.031357
0.055395
0.000008
0.000746
0.000004
0.000004
0.000004
0.000078
0.000004
0.000086
0.000005
0.000094
0.000005
0.000005
0.000005
0.000024
0.000005
0.000005
0.000005
0.000005
0.000005
0.000025
0.000005
0.000005
0.000006
0.000026
0.000006
0.000006
0.000006
0.000006
0.000006
0.000006
0.000006
0.000006
0.000007
0.000028
0.000007
0.000028
0.000007
0.000007
0.000007
0.000029
0.000008
0.000008
0.026496
