0.142738
0.011615
0.402172
0.035752
0.264249
0.010869
0.371458
0.021269
0.041658
0.016203
0.445049
0.009949
0.394355
0.001780
0.496950
0.003165
0.414626
0.003353
0.631932
0.000844
0.326212
0.004002
0.120330
0.003635
0.557365
0.000545
0.368150
0.000860
0.336942
0.000737
0.357659
0.001026
0.360858
0.000780
0.360690
0.000553
0.617356
0.000435
0.361932
0.000551
0.366922
0.000521
0.361889
0.000300
0.324479
0.000110
0.311999
0.000214
0.362000
0.000275
0.362364
0.000201
0.343684
0.000090
0.302621
0.000106
0.356352
0.000165
0.365813
0.000153
0.368431
0.000098
0.615736
0.000068
0.368219
0.000084
0.371390
0.000071
0.372632
0.000036
0.607452
0.000027
0.374175
0.000032
0.373138
0.000021
3.578656
0.000000
5.112365
