0.000000
0.006874
0.062534
0.069461
0.044273
0.000696
0.236911
0.001366
0.010887
0.004858
0.325581
0.003257
0.003588
0.002354
0.003822
0.003203
0.179828
0.015435
0.014996
0.014251
0.009585
0.002363
0.239281
0.003486
0.015506
0.002173
0.007124
0.002250
0.343744
0.001783
0.013869
0.002481
0.007151
0.002652
0.015814
0.007082
0.019494
0.001651
0.004020
0.004327
0.257018
0.012534
0.053352
0.002579
0.030391
0.002867
0.017750
0.002412
0.341954
0.000933
0.026993
0.002924
0.212718
0.002731
0.162839
0.000968
0.198467
0.000930
0.012341
0.002144
0.022099
0.000000
0.138907
0.007106
0.011989
0.000138
0.114094
0.015188
0.111588
0.009935
0.087341
0.000394
0.000000
