0.097286
0.043170
0.083140
0.012258
0.077171
0.022350
0.132639
0.073780
0.006416
0.002180
0.007376
0.001959
0.008183
0.080710
0.123597
0.052834
0.127497
0.001404
0.172311
0.033638
0.018053
0.080934
0.079461
0.030903
0.088878
0.038383
0.048449
0.051369
0.196685
0.006884
0.014982
0.000000
0.048690
0.000887
0.015119
0.001060
0.010886
0.001206
0.008776
0.001369
0.218082
0.001719
0.007027
0.001636
0.149157
0.002521
0.005968
0.002712
0.209257
0.002747
0.009803
0.002408
0.111401
0.002951
0.003930
0.019108
0.086112
0.028052
0.100833
0.010947
0.010281
