0.106482
0.020187
0.441686
0.018944
0.232211
0.010166
0.333047
0.011576
0.080548
0.033307
479.488185
0.000275
29.378015
0.000380
0.565632
0.000359
1489.156802
0.000268
459.682780
0.000386
0.819510
0.000000
0.528716
0.000424
0.802906
0.000231
5.242315
0.000303
0.584852
0.000219
3.713064
0.000307
0.563315
0.000316
6.348707
0.000272
5.007397
0.000274
4.832846
0.000370
0.504210
0.000335
0.647928
0.000238
45.984078
0.000272
90.996989
0.000360
36.880500
0.000240
8.995307
0.000239
84.094433
0.000262
1.351170
0.000271
3.310570
0.000271
5.878077
0.000371
1.358460
0.000301
2.137960
0.000186
0.977910
0.000202
10.264210
0.000318
1.334661
0.000297
1.388788
0.000404
11.012291
0.000273
2.368090
0.000322
1.325291
0.000439
9.677621
0.000324
2.662113
