0.112081
0.020523
0.423999
0.023663
0.271157
0.010720
0.388293
0.018868
0.033600
0.011765
0.491176
0.005153
0.377011
0.005693
0.130344
0.003996
0.329420
0.000635
0.197793
0.000097
0.218358
0.000828
0.382923
0.002507
0.131713
0.002247
0.411070
0.000900
0.414170
0.000965
0.131351
0.000610
107.907235
0.000013
12.991417
0.000032
0.191667
0.000035
0.459354
0.000048
0.454933
0.000056
0.432234
0.000052
0.449290
0.000050
0.442713
0.000047
0.460157
0.000044
0.428219
0.000000
0.481746
0.000025
3.309608
0.000019
43.970155
0.000006
0.794643
0.000011
0.556259
0.000004
0.798906
0.000003
1.353517
0.000010
1.350836
0.000005
327.716709
0.000006
1.382082
0.000011
22.111494
