0.000000
0.010527
0.000000
0.000000
0.049564
0.076874
0.188780
0.000890
0.042406
0.000064
0.060591
0.010253
0.377081
0.000136
0.091978
0.000671
0.038237
0.002838
0.028872
0.028418
0.233229
0.000391
0.004272
0.001006
0.014168
0.009402
0.034734
0.000093
0.319798
0.000859
0.003466
0.000286
0.026510
0.004226
0.023991
0.016761
0.248960
0.008359
0.387685
0.003128
0.041025
0.003288
0.061312
0.001891
0.307910
0.001358
0.060850
0.000044
0.250179
0.001348
0.192696
0.001916
0.174789
0.000743
0.209547
0.000009
0.017835
0.004989
0.024910
0.002771
0.016238
0.000045
0.075759
0.010625
0.055696
0.001440
0.067903
0.004360
0.001732
