0.105909
0.020853
0.444691
0.018033
0.223963
0.010449
0.333138
0.012631
0.081801
0.033930
172.371640
0.000346
0.804726
0.000258
0.501951
0.000422
0.526591
0.000312
0.530648
0.000531
0.543325
0.000419
0.509616
0.000238
0.276890
0.000384
0.547722
0.000503
0.513037
0.000411
0.544271
0.000474
0.535078
0.000459
0.542063
0.000465
0.804799
0.000404
0.516694
0.000329
0.825259
0.000328
11.525299
0.000231
3.784304
0.000291
0.572504
0.000314
0.821785
0.000233
0.848216
0.000271
0.841827
0.000254
37.489031
0.000224
0.894806
0.000000
44.740276
0.000333
0.360372
0.000297
0.964062
0.000484
0.393944
0.000403
1.339023
0.000293
0.631556
0.000414
0.380761
0.000399
0.378105
0.000384
1.206065
0.001280
0.132480
0.001537
0.382036
0.000413
1.611804
0.000403
0.378292
0.000352
0.375387
0.000341
2.399558
0.000281
10.824148
0.000265
8.198261
0.000251
0.697904
