0.000000
0.014645
0.063569
0.048206
0.122846
0.011872
0.181283
0.001691
0.174539
0.001771
0.199686
0.005619
0.042429
0.000151
0.004357
0.000132
0.001626
0.000014
0.026111
0.074209
0.171031
0.005298
0.030455
0.000095
0.060979
0.012471
0.046653
0.000154
0.241605
0.000016
0.009846
0.000391
0.047104
0.017523
0.261946
0.000057
0.028380
0.010920
0.143652
0.000157
0.222690
0.001181
0.074335
0.000593
0.079123
0.000257
0.190307
0.003837
0.194099
0.001634
0.009766
0.000020
0.114759
0.000081
0.000646
0.000018
0.003015
0.000023
0.021831
0.000000
0.036768
0.001840
0.065854
0.000008
0.003081
0.000009
0.007395
0.000012
0.028882
0.000086
0.079175
0.000000
0.057086
