0.000000
0.014634
0.063593
0.048220
0.122838
0.011863
0.181281
0.001692
0.174538
0.001784
0.199686
0.005638
0.042436
0.000135
0.004365
0.000115
0.027751
0.074197
0.171040
0.005284
0.030468
0.000075
0.060992
0.012467
0.046670
0.000139
0.251484
0.000375
0.047121
0.017524
0.261963
0.000046
0.028397
0.010930
0.143657
0.000139
0.222695
0.001191
0.074339
0.000595
0.079128
0.000258
0.190312
0.003850
0.194100
0.001612
0.009767
0.000001
0.114760
0.000063
0.000646
0.000000
0.003016
0.000004
0.058599
0.001830
0.065854
0.000005
0.003081
0.000005
0.007395
0.000007
0.028882
0.000083
0.079175
0.000000
0.057086
