0.000000
0.014682
0.063481
0.048150
0.122878
0.011898
0.181294
0.001685
0.174545
0.001721
0.199693
0.005544
0.042407
0.000207
0.004335
0.000190
0.001604
0.000073
0.026089
0.074259
0.171001
0.005347
0.030406
0.000169
0.060930
0.012487
0.046590
0.000210
0.241543
0.000079
0.009784
0.000453
0.047043
0.017528
0.261888
0.000100
0.028322
0.010896
0.140821
0.000026
0.002809
0.000221
0.222676
0.001142
0.074320
0.000586
0.079109
0.000262
0.190292
0.003783
0.190290
0.000055
0.003803
0.001709
0.009763
0.000090
0.110256
0.000016
0.004500
0.000149
0.000643
0.000087
0.003013
0.000092
0.021828
0.000063
0.036765
0.001858
0.065854
0.000022
0.003081
0.000027
0.001450
0.000000
0.005945
0.000037
0.028882
0.000107
0.079175
0.000000
0.057086
