0.082671
0.004331
0.009070
0.003524
0.123812
0.012072
0.028199
0.003440
0.021051
0.004590
0.011489
0.009294
0.005504
0.009460
0.004890
0.007218
0.005374
0.005666
0.006294
0.004493
0.007448
0.003563
0.277091
0.004217
0.003797
0.003476
0.004889
0.002671
0.006422
0.002049
0.008833
0.001553
0.013089
0.001062
0.009034
0.000000
0.010163
0.000599
0.015122
0.000607
0.013997
0.001246
0.011817
0.002243
0.007148
0.003085
0.005102
0.004092
0.339588
0.002565
0.006687
0.002812
0.398960
0.013568
0.252258
0.005177
0.007815
0.004574
0.008931
0.004158
0.009692
0.003827
0.010375
0.003509
0.011343
0.003172
0.012310
0.003023
0.087162
0.006079
0.027647
