0.000000
0.004967
0.071408
0.017416
0.275204
0.010086
0.360578
0.003573
0.025991
0.000257
0.102663
0.004310
0.324908
0.000349
0.033357
0.003007
0.367040
0.017367
0.243596
0.000000
0.004872
0.004233
0.001080
0.001153
0.004604
0.003169
0.029342
0.011545
0.034148
0.002291
0.001490
0.001980
0.009559
0.006156
0.070464
0.000076
0.002757
0.000358
0.000717
0.001407
0.000619
0.000270
0.001072
0.000518
0.001158
0.000881
0.004476
0.000383
0.001768
0.010641
0.093306
0.001643
0.005021
0.001004
0.039217
0.002340
0.037381
0.000054
0.000679
0.000057
0.000068
