0.045557
0.000040
0.039118
0.000165
0.060628
0.024464
0.062955
0.000052
0.204589
0.000163
0.025856
0.000005
0.193915
0.011044
0.042974
0.000233
0.003900
0.000144
0.196829
0.007948
0.040198
0.000076
0.216392
0.009002
0.226381
0.004368
0.324550
0.000021
0.060366
0.009644
0.160890
0.000099
0.112617
0.001909
0.060264
0.000090
0.022785
0.000144
0.199433
0.015261
0.176130
0.000094
0.048436
0.000102
0.233549
0.005295
0.068196
0.000235
0.024736
0.000063
0.155513
0.000909
0.004321
0.000134
0.216451
0.001989
0.016358
0.000084
0.008064
0.000039
0.001857
0.000012
0.092932
0.000266
0.020157
0.000068
0.003202
0.000252
0.003000
0.000035
0.004494
0.000020
0.006421
0.000108
0.000270
0.000167
0.022014
0.001343
0.067624
0.002421
0.018901
0.000000
0.003517
0.000042
0.002984
0.000062
0.000500
0.000181
0.000756
0.000115
0.009025
0.000244
0.029345
0.000893
0.045596
0.000000
0.055304
