0.107719
0.020799
0.439413
0.019097
0.235768
0.010232
0.333730
0.012024
0.076756
0.033769
204.159352
0.000494
144.872393
0.000451
1.550890
0.000301
0.340057
0.000300
0.767456
0.000461
3.710316
0.000307
0.794355
0.000343
1.355238
0.000306
0.522249
0.000374
0.794703
0.000438
1.112750
0.000294
0.779888
0.000268
3.805206
0.000319
0.748243
0.000280
1.939980
0.000395
0.772471
0.000351
1.925043
0.000497
1.953722
0.000440
0.793993
0.000000
1.134275
0.000323
0.777510
0.000332
2.380855
0.000224
0.728651
0.000251
1.981328
0.000259
16.497277
0.000276
2.236035
0.000298
1.962185
0.000401
303.755009
