0.107646
0.021077
0.439599
0.018881
0.234978
0.010256
0.334089
0.011878
0.077635
0.033445
204.158501
0.000454
144.873112
0.000395
1.890874
0.000308
0.774375
0.000381
3.709483
0.000260
0.789788
0.000367
1.356983
0.000292
0.526094
0.000361
0.789245
0.000445
1.110526
0.000292
0.788614
0.000279
3.794232
0.000311
0.748068
0.000258
1.938932
0.000388
0.778331
0.000322
1.920393
0.000455
1.955840
0.000423
1.910697
0.000000
0.796124
0.000329
21.598817
0.000267
2.226461
0.000293
1.968360
0.000383
303.755009
