0.107725
0.021028
0.440964
0.018469
0.230769
0.009740
0.332705
0.011695
0.081725
0.032971
169.013054
0.000016
4.684677
0.000257
0.505253
0.000425
0.542126
0.000513
0.520029
0.000469
0.519181
0.000502
0.536530
0.000495
0.546460
0.000588
0.799126
0.000587
0.537558
0.000788
0.793331
0.000799
0.535550
0.000766
0.804407
0.000663
0.538222
0.000537
0.808168
0.000671
0.532157
0.000491
0.806648
0.000447
0.805994
0.000097
6.447694
0.000244
0.219484
0.000000
0.580064
0.000388
0.563835
0.000355
0.573341
0.000239
92.893362
0.000303
47.460862
0.000374
0.503251
0.000340
0.794319
0.000398
0.506438
0.000420
0.775643
0.000322
12.026755
0.000126
50.976246
