0.000000
0.002662
0.081580
0.082080
0.252857
0.009568
0.277672
0.002877
0.025395
0.000439
0.301065
0.008208
0.248398
0.002989
0.000715
0.000072
0.006156
0.017034
0.018276
0.007276
0.014824
0.004408
0.014562
0.000385
0.359689
0.003833
0.245163
0.052020
0.057260
0.030026
0.067127
0.000682
0.035510
0.007860
0.180291
0.012942
0.168157
0.004426
0.154588
0.000868
0.012956
0.001594
0.034948
0.006952
0.104250
0.007844
0.378137
0.004726
0.034621
0.000893
0.030786
0.000651
0.093996
0.000132
0.208595
0.000028
0.001227
0.000032
0.000723
0.000000
0.000330
0.000032
0.002493
0.000165
0.018395
0.001242
0.326995
0.010323
0.090575
0.012829
0.092965
0.007200
0.036082
