0.082653
0.004274
0.008947
0.003513
0.124749
0.011983
0.028820
0.003658
0.022067
0.005311
0.011403
0.011108
0.005863
0.009918
0.005858
0.007312
0.006809
0.005611
0.008403
0.004401
0.278647
0.004808
0.004442
0.003689
0.005905
0.002769
0.008283
0.002105
0.013072
0.001255
0.013575
0.000664
0.015534
0.000604
0.020377
0.001188
0.013753
0.002165
0.008343
0.003213
0.005738
0.004436
0.339797
0.002566
0.006735
0.002812
0.398839
0.013585
0.253654
0.007077
0.011620
0.005991
0.013426
0.005295
0.014782
0.004685
0.008293
0.000000
0.008625
0.004289
0.089590
0.006075
0.002588
