0.000000
0.020680
0.034084
0.066726
0.177788
0.004603
0.050198
0.001121
0.060863
0.009313
0.461221
0.001411
0.036002
0.000000
0.034617
0.031867
0.195805
0.002684
0.028264
0.001409
0.031913
0.005272
0.206925
0.000631
0.032914
0.002735
0.142288
0.012843
0.226692
0.012926
0.009558
0.005740
0.010262
0.001386
0.000083
0.000556
0.000338
0.001969
0.000721
0.000300
0.007225
0.024333
0.023447
0.000079
0.000894
0.003283
0.001005
0.000715
0.000724
0.001658
0.006211
0.001169
0.005944
0.007506
0.007937
0.016829
0.048179
0.008405
0.039301
0.002134
0.025490
0.000000
0.012381
