0.000000
0.020685
0.034035
0.066792
0.177755
0.004614
0.050181
0.001096
0.060845
0.009368
0.461182
0.001392
0.070584
0.031832
0.195828
0.002788
0.028310
0.001358
0.031961
0.005331
0.206928
0.000570
0.032917
0.002725
0.142283
0.012979
0.226689
0.012891
0.009613
0.005677
0.010327
0.001315
0.000149
0.000485
0.000405
0.001898
0.000788
0.000228
0.007291
0.024263
0.023512
0.000000
0.000960
0.003205
0.001071
0.000637
0.000789
0.001579
0.006276
0.001095
0.006008
0.007439
0.007986
0.016783
0.048174
0.008344
0.039322
0.002145
0.025490
0.000000
0.012381
