7.291544776943217698e+01
7.221600484569557921e+01
1.016367247242177712e+02
3.739799505962663062e+01
9.635360846667792600e+01
1.637623703602872354e+02
6.036262808452621087e+00
1.833742771287989015e+01
1.979221567195183127e+02
4.594339974979284591e+00
1.171717334831223489e+01
5.219487352751670528e+00
2.062878126125034726e+02
4.389096047489518071e+01
1.000000000000000021e-03
6.583644071234276396e+01
5.251162552607096501e+01
4.332057531737649470e+01
8.140862416141582969e+01
2.714335027940757428e+01
6.778754428946571409e+01
5.069630951037282784e+01
7.975079459502526902e+01
4.697330069864347735e+01
1.198846333807543942e+02
5.459258710550685834e+01
7.795807533756207164e+00
5.669081342439183402e+01
2.952981621887951746e+02
6.515641093662998173e+01
8.273299749536461434e+01
3.464900069386293069e+01
6.138466342592530367e+01
3.856573003006839429e+01
8.866967812672982063e+01
4.519740161979788695e+01
7.082114552371942295e+01
2.761321926477060629e+01
6.293716948126461830e+01
4.895328380009557634e+01
2.773717463781885613e+02
3.055084072320527255e+01
4.231029228768950645e+01
6.062441212988594685e+01
5.260028691711163873e+01
1.963184754306303148e+01
3.073233801059797088e+02
6.577123448475326484e+00
2.868157412467105587e+02
1.804789199059721128e+01
5.128271073549954195e+01
5.280989204409011251e+01
3.877757479319610923e+01
3.422995525388029847e+01
3.074155329430975598e+02
3.407683834839755832e+01
4.728564302729277813e+01
4.761516745754158819e+01
5.592994651665441808e+01
2.067753935566622303e+01
6.330958517161824517e+01
3.612650420586751565e+00
2.244444467422931311e+01
