1.150756266349088452e+00
6.426124082683568872e+01
7.718328979826188174e+01
9.205234297518107667e+01
4.174563526812145398e+01
9.086246641258931334e+01
1.276691712084627426e+02
9.345796192230803712e+00
4.506450451386283618e+01
2.115507462069865312e+02
1.121490214517804418e+01
2.195249012339192802e+02
6.317065764418616780e+00
1.941388845474247837e+00
9.276625702192191625e+01
5.981930488215302688e+01
3.390029804996332530e+01
9.299504233402389275e+01
1.002607525772660146e+01
1.617520562851483490e+01
1.035881766595937314e+01
6.313728480790953057e+00
1.000000000000000021e-03
7.260787752909595838e+01
4.832485503136261684e+01
8.356336700703774056e+01
4.668375130195862255e+01
1.125281970048523164e+02
1.209322947787567699e+02
2.964367233401127351e+02
6.229723849493645815e+01
8.369480131021120428e+01
3.402216684809795311e+01
5.938317600607133073e+01
3.869589381038345977e+01
9.051266446390965825e+01
4.319813335943288024e+01
6.057350658359924012e+01
2.992312413242142810e+01
6.399822027093453158e+01
4.838157164731197923e+01
2.604168921745971943e+02
4.169908469861690747e+01
2.279751056823428357e+01
8.508624478826664017e+01
5.883976133758571336e+01
1.704910119673943214e+01
3.400131325422615873e+02
3.232767142987537756e+00
2.433227572240450058e+02
2.393391018719804642e+00
1.162795753500895160e+02
1.397388327594909718e+00
1.030645302321856036e+02
