4.998240037988458617e+00
6.129880326034772509e+01
6.965777785701392588e+01
1.108363304693882867e+02
3.602052388015530227e+01
1.023614076975387803e+02
1.283526908524523549e+02
3.059948787803843384e+00
4.878065942802551547e+01
1.995040139545289719e+02
5.245034849018837875e+00
2.170526329234483001e+02
1.071894800102334386e+02
7.425290116661375350e+01
3.376960416064105175e+01
8.454989621993755122e+01
3.105652751026965319e+01
6.006453073167524082e+01
5.418286043728765833e+01
8.842728122911536559e+01
4.375153285863846975e+01
1.059710315848687969e+02
1.173821544800734955e+02
2.777292793490173040e+02
2.072649556731344234e+01
1.949741731873418615e+01
5.863550429976081801e+01
8.903084587956406892e+01
3.923572649132054835e+01
6.628784159746102489e+01
3.102775727812495532e+01
8.146063669354738579e+01
4.537194807116971873e+01
7.465587116541396995e+01
2.445565916156873598e+01
6.022978695061203780e+01
3.984895323266583489e+01
2.888637259676661415e+02
1.780103147358931182e+01
1.021073570217751012e+02
1.651598088117857444e+01
4.280276035288882497e+01
1.000000000000000021e-03
1.284082810586664891e+02
8.760631825965633501e-01
2.097344760057022768e+02
5.151245625961304420e+00
1.034761692127910351e+02
5.272638180590543122e+00
2.151007738976855990e+02
