6.557313740886009157e+01
8.202583995192465238e+01
1.058740894125747047e+02
3.048679522789133145e+01
1.103220145659698943e+02
1.035492001654312446e+02
1.421986433247653991e+01
5.739927844727461803e+01
1.847135793577870118e+02
1.000000000000000021e-03
2.282976823523210896e+01
1.453099415794769023e+01
2.362844580235677370e+02
8.036973958343448032e+01
6.563230182727274098e+01
2.561398055415661545e+01
1.421543415069148466e+02
8.593564393658919442e+00
1.070761381452855403e+02
4.672396337594030058e+01
7.892551539937609562e+01
4.771884541359118970e+01
1.185314238661340625e+02
4.957916409149903103e+01
2.582259028178555127e+00
6.846888046053766175e+01
2.879694952721323489e+02
7.126143813871586019e+01
8.520598258771435951e+01
3.374434457277053667e+01
6.011510106969771527e+01
4.083108727096974633e+01
8.224067263169462194e+01
4.239211908380159599e+01
7.887708944523556909e+01
2.298243722627031360e+01
3.521501333812579304e+01
9.265511913784442299e+01
2.626507399069315625e+02
2.845663518882155429e+01
2.336133323565230313e+01
6.926394483436749283e+01
3.755838227810181706e+01
1.560707994923438058e+01
2.870895700371985413e+02
1.224673242955284636e+01
3.088976724675095511e+02
3.338991681205167339e+01
3.687892231638402052e+01
6.137571703472188744e+01
5.395302282850769870e+01
1.864750243750025760e+01
2.513618719311986922e+02
2.033276471917934369e+00
9.091842397152700528e+01
5.802199362433304586e+00
2.020306453064019792e+00
