7.762950477759036971e+01
6.325847572976046962e+01
1.312531014773956031e+02
2.288912168234031697e+01
7.730561352799701069e+01
1.000000000000000021e-03
5.372085007877758756e+01
1.705884691568537619e+02
2.160545634304761791e+02
1.008512678020441378e+01
2.142311811434920514e+02
2.518185258037258123e+01
8.721068044866221669e+00
6.498349220131782999e+01
5.244632356317848121e+01
4.235661496238996193e+01
5.856541397253150905e+01
1.379563964385581443e+01
3.853324883881505514e+01
1.510443876534532315e+01
7.412513877285623209e+01
4.697323502248821114e+01
8.147239283647471098e+01
4.724231244747402059e+01
1.185069265785080859e+02
4.186302051383864153e+01
3.518241718928683426e+00
7.414297234089120536e+01
2.973674434319630109e+02
6.443541464507309513e+01
7.683410386333403608e+01
3.582238801932596317e+01
6.190083524915710456e+01
3.669124593425094361e+01
9.230730287635418563e+01
4.734278741603220908e+01
5.902822490473942452e+01
2.974413910153982243e+01
7.444022677943692656e+01
3.526672950011023033e+01
2.824826372085317985e+02
1.781055430815291984e+01
1.026384609856091004e+02
1.141929474524514809e+01
1.015477953594824072e+02
