6.559936185290443689e+01
8.212882401003720645e+01
1.060832149525414394e+02
3.044867065789144078e+01
1.101005420524687679e+02
1.045155640459018116e+02
1.444688585996050101e+01
5.675587526162736651e+01
1.828126674418136872e+02
1.000000000000000021e-03
7.617194476742213283e+00
4.251388062079089813e+00
1.285743225732970885e+01
5.211878568854432459e+00
1.053106998867109567e+01
6.390355793995016853e+00
2.269969313619527895e+02
7.993513719114841365e+01
6.523368071844787153e+01
2.580857322648980556e+01
1.423163515125744141e+02
8.206278380411426099e+00
1.088213243074237226e+02
4.634945152436487348e+01
7.889465097751919131e+01
4.785738816269564211e+01
1.184246312564282988e+02
4.996303604918883678e+01
2.417347310609682776e+00
6.830411008849131349e+01
2.877225994060144671e+02
7.134794031992925056e+01
8.501863633733880476e+01
3.379679821069356649e+01
6.018742731699204995e+01
4.074467241188823863e+01
8.220652080104339632e+01
4.238545356881257931e+01
7.866127273518412721e+01
2.282193472719024996e+01
3.526926579108368287e+01
9.314310744938946129e+01
2.626679539285548231e+02
2.833149400650609095e+01
2.337271381285204797e+01
6.901309889407603748e+01
3.716357301785075151e+01
1.573380660583582014e+01
2.876278081440896699e+02
1.231430277812703622e+01
3.087971533199913097e+02
3.343228831467276763e+01
3.670515040538059992e+01
6.144834715383914414e+01
5.387240531940717148e+01
1.860554960739928632e+01
2.519406495320669990e+02
2.121525198176787974e+00
9.050852811314111079e+01
5.839537416511533685e+00
2.020203064530756194e+02
