6.791423189330977550e+01
7.872995730984800389e+01
1.099595945067707419e+02
2.863001798084581395e+01
1.140458527570696532e+02
1.085197481164825888e+02
1.059723132906936449e+01
5.703825331748402760e+01
2.019733135009706757e+02
1.387735950103870586e+01
2.368279664368467081e+02
8.239964842451084337e+01
6.691406656810379161e+01
2.557163893907130259e+01
1.380902065995902603e+02
1.043540717487339897e+01
1.024179892576840842e+02
4.738496437433700237e+01
8.007724006282865048e+01
4.761356792949320038e+01
1.146318420157009541e+02
1.219064986512063484e+02
2.877009658940633585e+02
6.980226288366958443e+01
8.695416357320974043e+01
3.328562791084688399e+01
6.000238439836736148e+01
4.115033945185334829e+01
8.297494751580235572e+01
4.101228423993933347e+01
7.410156298703758182e+01
1.951630199099408358e+01
3.822715730500648590e+01
1.013754811833939868e+02
2.594954293596304638e+02
2.600575230744071220e+01
2.333876973562482249e+01
7.232086761133173525e+01
3.630092019798498626e+01
1.792808650347746635e+01
2.959656431696463414e+02
1.161564782430471610e+01
3.285418841685196298e+02
2.066561811401330928e+01
8.117463965639822732e+01
2.055320301557980756e+01
9.356197317961081694e+01
1.000000000000000021e-03
2.529638534115403274e+02
1.029242852424966159e+01
9.848004839193809801e+01
9.343779342570529778e+00
2.020306453055135343e+00
