7.411525608069844395e+01
6.748936377722682778e+01
1.227624127740872950e+02
2.531100179394366023e+01
1.284515152859796103e+02
1.708937880682138939e+02
2.234795858509333186e+02
7.457561908813870488e+00
2.103830971299871635e+02
3.163356349048341443e+01
4.083068821307025864e+00
6.196561996225674562e+01
5.505077293809166150e+01
3.690852725158135428e+01
6.691293921539660516e+01
1.389287743307645684e+01
3.147705147317803309e+01
1.295264437824551784e+01
7.740746896219052076e+01
4.893141909277518664e+01
8.106330348830212529e+01
4.791036761235510966e+01
1.167123983174300008e+02
2.507951251044690011e+01
1.406290701603501248e+01
8.506974506595727803e+01
2.961654611998420137e+02
7.051970476000224153e+01
7.078571815899468334e+01
3.513767009425609444e+01
6.429393196215438877e+01
3.834774742391399371e+01
8.879134884912970449e+01
4.708173215347046181e+01
6.895682530741534322e+01
2.667612736912828808e+01
6.573690501760795257e+01
3.994448542489509180e+01
3.337011176014991776e+01
1.402816982488446662e+01
2.023804650119163853e+02
1.080645499728498216e+00
1.532317405886198571e+02
1.000000000000000021e-03
1.015477953594810003e+02
