0.000000
0.001567
0.081188
0.063564
0.077386
0.051833
0.035186
0.000500
0.327315
0.073678
0.087646
0.039543
0.132485
0.004516
0.173526
0.006328
0.144125
0.019554
0.114847
0.041296
0.063840
0.037755
0.078372
0.042086
0.508191
0.005600
0.000995
0.000000
0.001311
0.000024
0.001053
0.000669
0.000217
0.000719
0.001421
0.000211
0.000104
0.000038
0.000212
0.000026
0.000078
0.000014
0.000142
0.000011
0.000384
0.000234
0.196976
0.007055
0.092515
0.001973
0.031799
0.010526
0.334218
0.030810
0.038720
0.077886
0.032788
0.035452
0.076153
0.010553
0.003805
