0.083412
0.166378
0.106346
0.145013
0.099714
0.159362
0.094209
0.165986
0.102538
0.135538
0.068252
0.079334
0.056535
0.114862
0.062872
0.016200
0.073518
0.131652
0.067950
0.091166
0.054167
0.113379
0.103948
0.128869
0.047418
0.076964
0.088537
0.109855
0.022171
0.035124
0.081991
0.054319
0.041271
0.094077
0.015745
0.062168
0.066503
0.060002
0.004065
0.146818
0.000319
0.000234
0.000234
0.000065
0.000065
0.000036
0.000036
0.000027
0.000027
0.000020
0.000020
0.000013
0.000013
0.000010
0.000010
0.000007
0.000007
0.000006
0.000006
0.000004
0.000004
0.000003
0.000003
0.000002
0.000002
0.000001
0.000001
0.000001
0.000001
0.000000
0.000000
0.000000
0.000000
0.087303
0.132435
0.078247
0.028339
0.080087
0.391270
0.069528
0.239291
0.073252
0.241440
0.044594
0.608617
0.047846
0.026623
