0.083412
0.166381
0.106345
0.145014
0.099714
0.159360
0.094210
0.165988
0.102535
0.135537
0.068252
0.079334
0.056535
0.114863
0.062870
0.016204
0.073516
0.131653
0.067949
0.091167
0.054168
0.113377
0.103947
0.128875
0.047417
0.076959
0.088540
0.109857
0.022166
0.035134
0.081988
0.054320
0.041271
0.094078
0.015741
0.062179
0.066499
0.060065
0.004062
0.146816
0.000317
0.000232
0.000232
0.000063
0.000063
0.000034
0.000034
0.000025
0.000025
0.000018
0.000018
0.000011
0.000011
0.000008
0.000008
0.000005
0.000005
0.000004
0.000004
0.000002
0.000002
0.000001
0.000001
0.000000
0.000000
0.087301
0.132441
0.078241
0.028339
0.080086
0.391272
0.069527
0.239292
0.073249
0.241443
0.044589
0.608619
0.047841
0.026623
