0.000000
0.115246
0.054130
0.000035
0.001032
0.000136
0.000889
0.000218
0.000794
0.008065
0.009295
0.010969
0.068940
0.002076
0.090666
0.003380
0.033129
0.000581
0.019567
0.001655
0.018269
0.000266
0.137270
0.031190
0.087365
0.000610
0.000225
0.000000
0.011245
0.002842
0.012513
0.000498
0.092493
0.012553
0.018251
0.009723
0.000307
0.000632
0.112329
0.003804
0.012488
0.000119
0.000023
0.000281
0.000015
0.000084
0.000004
0.000026
0.027221
0.059237
0.000007
0.000756
0.000007
0.000007
0.000007
0.000057
0.000007
0.000053
0.000007
0.000007
0.000007
0.000007
0.000007
0.000007
0.021610
