0.111618
0.020241
0.425190
0.023013
0.270322
0.011501
0.388737
0.023345
0.042048
0.009486
0.475336
0.005237
0.379704
0.005749
0.134372
0.004123
0.536017
0.000172
0.237245
0.000103
0.596203
0.003480
0.124779
0.006936
0.125605
0.004526
0.407381
0.001749
0.131740
0.001115
107.721649
0.000013
0.651495
0.000008
0.201035
0.000013
0.432080
0.000005
10.140392
0.000000
0.413894
0.000056
0.476332
0.000058
0.429144
0.000099
0.432662
0.000094
0.470601
0.000090
0.193249
0.000065
0.249591
0.000072
0.196033
0.000100
0.466601
0.000126
0.444845
0.000156
0.441330
0.000149
0.452357
0.000144
0.443472
0.000151
0.442190
0.000116
0.458269
0.000094
0.444669
0.000092
0.445019
0.000061
0.467377
0.000060
0.171130
0.000034
45.004167
0.000004
10.940665
