0.000000
0.016953
0.033004
0.088091
0.000003
0.000567
0.000000
0.000126
0.000001
0.001073
0.000004
0.000004
0.000008
0.000008
0.000010
0.000010
0.000038
0.000083
0.000017
0.000014
0.000014
0.000012
0.000012
0.000006
0.000006
0.000193
0.000020
0.000219
0.000023
0.000187
0.000027
0.000250
0.000032
0.001021
0.000053
0.000053
0.000328
0.000077
0.000077
0.000063
0.000063
0.000044
0.000044
0.000181
0.000181
0.000127
0.000127
0.000097
0.000097
0.064252
0.022831
0.020558
0.078311
0.002331
0.356162
0.009331
0.333967
0.002362
0.052090
0.001695
0.248054
0.027351
0.059926
0.050631
0.032474
0.047876
0.003744
