0.000000
0.155191
0.036329
0.002368
0.123388
0.035235
0.065325
0.031988
0.130309
0.016291
0.000000
0.000000
0.001060
0.000001
0.025987
0.007838
0.027918
0.015986
0.107307
0.000134
0.003819
0.000076
0.007971
0.000010
0.037210
0.032664
0.144894
0.019766
0.036530
0.004991
0.024922
0.000031
0.001174
0.000023
0.000361
0.000008
0.000359
0.000001
0.000430
0.000012
0.057488
0.004419
0.017100
0.000039
0.000338
0.000132
0.002314
0.000183
0.000245
0.000049
0.000433
0.000070
0.002506
0.000150
0.000022
0.000088
0.001559
0.000198
0.013402
0.047615
0.000433
0.000099
0.001533
0.000070
0.012190
