0.106500
0.184335
0.096530
0.164460
0.103246
0.163279
0.102911
0.160918
0.105941
0.155859
0.101273
0.169142
0.088965
0.193498
0.110038
0.098141
0.045374
0.098005
0.089718
0.039246
0.022027
0.120850
0.120837
0.111837
0.000000
0.000000
0.049568
0.057340
0.022177
0.063750
0.051754
0.096341
0.036471
0.064078
0.064466
0.129604
0.058512
0.060748
0.030369
0.079335
0.049599
0.105242
0.064807
0.063929
0.035319
0.103397
0.079131
0.110842
0.059878
0.119716
0.071212
0.130066
0.064960
0.102544
0.079807
0.103479
0.053112
0.015970
0.055191
0.104253
0.059529
0.099096
0.090834
0.114571
0.056938
0.093492
0.051856
