0.000000
0.004169
0.066128
0.061946
0.163668
0.009117
0.101886
0.001597
0.008336
0.000458
0.002012
0.000168
0.051592
0.066858
0.035331
0.083529
0.117786
0.078311
0.018680
0.076337
0.036332
0.001968
0.007913
0.000044
0.012253
0.015724
0.154811
0.015199
0.111971
0.044460
0.062908
0.031431
0.096691
0.032650
0.000000
0.000000
0.502736
0.005116
0.004957
0.000031
0.000072
0.000052
0.000272
0.000061
0.000162
0.000092
0.000520
0.000167
0.000102
0.000471
0.002361
0.002267
0.002248
0.000173
0.000439
0.000021
0.000503
0.000260
0.196289
0.002802
0.013107
0.001280
0.102031
0.003095
0.006926
0.000922
0.007885
0.020444
0.076327
0.031900
0.093111
0.013020
0.120987
0.000497
0.002265
