0.000000
0.011661
0.052189
0.067970
0.190979
0.001307
0.002906
0.000318
0.076037
0.005340
0.023488
0.000931
0.000188
0.000205
0.001084
0.001424
0.020825
0.003997
0.191586
0.000070
0.272039
0.001171
0.020230
0.001449
0.007208
0.001030
0.000968
0.000321
0.025766
0.028109
0.249135
0.010719
0.392544
0.000041
0.015989
0.016975
0.235240
0.001340
0.024456
0.008773
0.180749
0.000060
0.188129
0.002772
0.041550
0.000363
0.026871
0.002973
0.259437
0.000114
0.055866
0.001417
0.302146
0.001590
0.049376
0.002380
0.191623
0.000218
0.035622
0.000472
0.123718
0.000000
0.005050
0.001059
0.035518
0.004440
0.138870
0.003724
0.159833
0.001577
0.003532
