0.000000
0.011733
0.052249
0.067703
0.190940
0.001368
0.002872
0.000368
0.076004
0.005240
0.023398
0.001050
0.000095
0.000324
0.000990
0.001552
0.003658
0.000000
0.017071
0.003956
0.463589
0.001196
0.020201
0.001532
0.007179
0.001111
0.000940
0.000401
0.025738
0.028066
0.224604
0.000069
0.024341
0.010635
0.392542
0.000102
0.015987
0.017012
0.235179
0.001436
0.000935
0.000033
0.023437
0.008644
0.369020
0.002688
0.037526
0.000020
0.004093
0.000450
0.026924
0.002979
0.259495
0.000090
0.021935
0.000009
0.033996
0.001387
0.302214
0.001590
0.017452
0.000005
0.031991
0.002309
0.191697
0.000197
0.035695
0.000546
0.123792
0.000053
0.005123
0.001108
0.035592
0.004351
0.138947
0.003638
0.159909
0.001504
0.003533
0.000045
0.000000
