0.000000
0.011552
0.051865
0.068845
0.191240
0.000849
0.079414
0.005310
0.023924
0.000288
0.001861
0.000781
0.021257
0.004122
0.191704
0.000415
0.046290
0.000803
0.225985
0.001009
0.020370
0.000875
0.007357
0.000431
0.026969
0.027984
0.249693
0.010912
0.408963
0.016731
0.235573
0.000934
0.024781
0.009414
0.180482
0.000462
0.187850
0.003199
0.041368
0.000000
0.026689
0.002796
0.259243
0.000356
0.055681
0.001561
0.301922
0.001661
0.049180
0.002616
0.191377
0.000237
0.035384
0.000083
0.128529
0.000461
0.035273
0.004887
0.138511
0.004079
0.065793
0.000165
0.093637
0.001729
0.003532
