0.108208
0.038303
0.491491
0.001855
0.311613
0.002647
0.365109
0.004497
0.331734
0.014552
0.273621
0.009585
0.478133
0.002148
0.182837
0.002991
0.147581
0.001555
487.304703
0.000127
30.964913
0.000136
1.599507
0.000156
1.639524
0.000170
1.602881
0.000190
0.437326
0.000105
0.870871
0.000191
3.921445
0.000118
1.619389
0.000104
23.441485
0.000114
39.486056
0.000144
65.177251
0.000111
95.182262
0.000127
1.152639
0.000252
1.176896
0.000169
0.790881
0.000147
0.760215
0.000253
0.424543
0.000160
0.368273
0.000149
0.396872
0.000203
0.775865
0.000309
0.777931
0.000277
0.397318
0.000283
0.396627
0.000285
0.382966
0.001082
0.127891
0.001004
0.393672
0.000395
0.769459
0.000238
1.189042
0.000132
0.790385
0.000185
2.202604
0.000119
0.537145
0.000000
1.419597
0.000191
24.093859
0.000147
80.412128
0.000150
47.461770
