0.108532
0.039014
0.483859
0.001835
0.318991
0.002937
0.366061
0.004666
0.330199
0.014347
0.272747
0.009589
0.478962
0.001980
0.188359
0.002742
0.150967
0.001470
487.306913
0.000152
30.955799
0.000166
1.598486
0.000172
1.643174
0.000189
1.603706
0.000206
0.424400
0.000163
0.876684
0.000261
3.921342
0.000150
1.621689
0.000135
62.917269
0.000149
65.184302
0.000148
95.191543
0.000106
1.149025
0.000197
1.180207
0.000227
1.545154
0.000260
0.425268
0.000173
0.766991
0.000191
0.774113
0.000326
0.778902
0.000211
0.398109
0.000257
0.397312
0.000000
0.382031
0.000745
0.129337
0.000666
0.400247
0.000249
0.748498
0.000177
6.157559
0.000177
24.093411
0.000164
80.420643
0.000159
47.461770
