0.000000
0.057647
0.146369
0.000001
0.000574
0.000000
0.002353
0.001306
0.000348
0.001131
0.002485
0.000894
0.003236
0.000317
0.000115
0.000372
0.007967
0.005401
0.103076
0.001612
0.002578
0.000668
0.002593
0.000327
0.130680
0.029622
0.145148
0.019981
0.049569
0.000622
0.000057
0.000463
0.001943
0.000553
0.106336
0.038221
0.043178
0.000149
0.002367
0.000126
0.001761
0.000098
0.001318
0.022490
0.083267
0.066274
0.000008
0.000123
0.000001
0.000013
0.000001
0.000014
0.000002
0.000009
0.000002
0.000002
0.000002
0.000002
0.000002
0.000002
0.000002
0.000002
0.023678
