0.000000
0.057480
0.083211
0.000025
0.000000
0.000000
0.063123
0.000045
0.000284
0.000041
0.000007
0.000042
0.000051
0.000043
0.000130
0.000044
0.002326
0.001349
0.000322
0.001174
0.002460
0.000934
0.003212
0.000351
0.000092
0.000405
0.007945
0.005403
0.103082
0.001655
0.002584
0.000709
0.002601
0.000365
0.130688
0.029571
0.145131
0.019920
0.049554
0.000666
0.000041
0.000507
0.001928
0.000598
0.106320
0.038135
0.043153
0.000175
0.002342
0.000155
0.001736
0.000129
0.001292
0.022522
0.083222
0.066269
0.000015
0.000118
0.000003
0.000008
0.000003
0.000010
0.000003
0.000005
0.000003
0.000003
0.000003
0.000003
0.000003
0.000003
0.000003
0.000003
0.023686
