0.083612
0.000000
0.000000
0.083596
0.031718
0.000000
0.000000
0.060024
0.000001
0.000000
0.015601
0.000044
0.001787
0.000032
0.001589
0.000100
0.001840
0.000109
0.001768
0.000143
0.001634
0.000161
0.001567
0.000207
0.000861
0.000028
0.000895
0.000256
0.000819
0.000004
0.000851
0.000286
0.000827
0.000081
0.000860
0.000299
0.000799
0.000132
0.000828
0.000350
0.001188
0.000390
0.000590
0.000003
0.000000
0.000000
0.000613
0.000485
0.001126
0.000485
0.000512
0.000103
0.000624
0.036909
0.000724
0.000284
0.000706
0.000458
0.000756
0.000244
0.000779
0.000339
0.000842
0.000221
0.036836
0.062673
0.008502
