1.234994723286185803e+02
7.938980626852165301e+01
3.415156612182450147e+01
1.875080243141931646e+01
2.131380361201491382e+02
8.099652882150667921e+00
1.123896190098687242e+01
1.156531053787918495e+02
2.540249393374259768e+01
8.610320968553859089e+00
2.116788848186959626e+02
7.193222040372181603e+00
2.622330545910300259e+01
9.880964440504371282e+01
2.193019942940379678e+02
9.041261471587846543e+00
2.261149401856144436e+01
1.150779662277779991e+01
1.585544795070763691e+01
1.678826558488373450e+02
2.033992758376899985e+02
9.898997862379056301e+01
6.963562375303470331e-01
1.041930287378007591e+02
5.181291691315531267e+01
2.530821357289606510e+01
1.138194855249861490e+02
2.437261385102170053e+01
5.435896883284472381e+01
1.617465213602351639e+02
5.178106779450200747e+01
1.900115480634208254e+01
1.960543531504074792e+02
4.335300125861989429e+00
1.228807295484926811e+02
1.164992782056166476e+01
1.090182878760989098e+02
6.994672739917614734e+00
1.009799999999653295e+02
1.000000000000000021e-03
1.019999999999654960e+00
