1.223719882936451029e+02
8.008746827579794569e+01
3.347374317279720657e+01
1.947715728083002418e+01
2.137891027878222872e+02
8.110903659988311531e+00
7.737328394817605925e+00
1.185855638047778484e+02
2.580503595506596426e+01
5.600889543041664531e+00
2.342635316969441988e+02
6.602619777635145404e+00
6.548740238377862788e+00
1.032258876874613662e+02
1.674398195440128632e+02
1.016073597406042595e+01
6.057847482583544263e+01
1.889389737413861212e+02
2.269131016746416378e+02
4.754773940153528855e+01
5.482463869907405751e+01
4.309668007065369011e+01
3.615052601364116924e+01
5.572441606264422376e+01
1.335088686608997932e+01
2.102972699296023791e+02
1.000000000000000021e-03
1.132369915005550922e+02
1.740738797405562721e+01
4.570724861748008294e+01
5.221600455076905689e+01
2.358031208024507919e+01
9.103476393238307196e+01
6.572809346806912423e+00
