0.102470
0.151433
0.102847
0.165231
0.103568
0.167206
0.100632
0.159937
0.102217
0.152447
0.101079
0.256224
0.000000
0.001869
0.000000
0.000639
0.000000
0.125597
0.047635
0.195512
0.074661
0.119875
0.047489
0.195640
0.040079
0.094899
0.047459
0.013996
0.077728
0.121096
0.056550
0.157821
0.032272
0.169077
0.064025
0.121024
0.050380
0.092006
0.051181
0.087219
0.159121
0.028127
0.043166
0.180246
0.061506
0.080921
0.069655
0.090069
0.073816
0.082702
0.039898
0.078167
0.207788
0.052696
0.021471
0.065102
0.047537
0.061997
0.686900
0.102406
0.049014
0.095811
0.056525
