0.104773
0.150926
0.105298
0.157812
0.104105
0.164019
0.099193
0.162720
0.104021
0.147896
0.100077
0.336641
0.090946
0.175847
0.079147
0.098188
0.040517
0.178917
0.065326
0.108916
0.036872
0.048256
0.056552
0.096833
0.041072
0.165569
0.054868
0.083510
0.001811
0.093531
0.049255
0.073332
0.083311
0.097151
0.040846
0.035664
0.176562
0.075688
0.054707
0.102288
0.068647
0.091981
0.081353
0.095407
0.051709
0.096521
0.053466
0.039565
0.294625
0.000000
0.090654
0.013433
0.715174
0.062493
0.060117
0.103392
0.038213
