0.000000
0.115713
0.048030
0.000939
0.128395
0.001934
0.225983
0.002696
0.200855
0.007024
0.144297
0.070162
0.138725
0.023782
0.160657
0.001269
0.025385
0.002518
0.038541
0.001060
0.170538
0.001555
0.036501
0.000214
0.120875
0.013677
0.096539
0.008156
0.000196
0.000295
0.000097
0.000154
0.001277
0.000417
0.012385
0.000608
0.155098
0.003954
0.087750
0.006518
0.124227
0.000596
0.036547
0.000000
0.170553
0.000172
0.020582
0.002431
0.041410
0.001220
0.126328
0.001661
0.037066
0.000503
0.234366
0.004870
0.047908
0.000402
0.030874
0.000721
0.104016
0.002173
0.091897
0.000233
0.111931
0.008776
0.060081
0.011590
0.181912
0.029707
0.031517
0.073568
0.010296
