0.106149
0.019593
0.441299
0.019943
0.232378
0.009792
0.334298
0.011800
0.078835
0.033301
1452.834558
0.000249
78.863391
0.000261
368.144598
0.000366
4.681571
0.000258
3.164940
0.000310
0.783773
0.000220
1.322658
0.000367
0.353719
0.000347
4.580243
0.000307
13.352336
0.000439
97.355756
0.000359
354.189883
0.000292
37.520052
0.000340
14.214937
0.000338
80.207446
0.000260
38.190710
0.000393
2.730455
0.000375
1.122516
0.000336
14.078940
0.000428
35.808900
0.000393
557.204208
0.000246
74.293185
0.000550
11.899662
0.000259
23.441297
0.000210
8.000537
0.000531
247.890826
0.000373
3.403631
0.000467
6.748032
0.000212
2.236009
0.000371
2.929813
0.000261
4.577182
0.000308
2.613787
0.000000
10.716526
0.000271
32.088350
0.000380
85.529535
0.000419
122.563027
0.000277
0.521718
0.000301
2.371205
0.000561
0.539501
0.000373
21.566779
