0.045828
0.004273
0.115371
0.010083
0.113260
0.028209
0.445543
0.020352
0.262854
0.025098
0.030762
0.105383
333.820158
0.000024
49.180765
0.000048
0.520229
0.000052
0.857064
0.000044
1.116143
0.000025
0.530846
0.000037
0.590526
0.000043
0.526253
0.000054
0.853659
0.000068
0.529131
0.000000
0.595273
0.000055
0.846832
0.000031
1.653805
0.000045
26.391900
0.000041
40.752379
0.000052
1.261261
0.000045
0.477414
0.000037
1.978469
0.000039
1.500053
0.000043
1.274481
0.000036
11.978092
0.000035
3.295444
0.000047
1.301050
0.000087
1.294241
0.000050
0.475569
0.000072
1.302151
0.000069
0.700392
0.000071
1.296027
0.000072
0.481612
0.000052
1.297661
0.000090
1.552116
0.000051
5.653934
0.000031
5.125080
