0.047673
0.004287
0.114097
0.010119
0.112884
0.028238
0.445328
0.020346
0.262774
0.025089
0.030740
0.105542
333.820749
0.000026
49.183445
0.000046
0.522057
0.000044
0.853865
0.000045
1.110542
0.000030
0.535188
0.000038
0.588346
0.000043
0.529713
0.000054
0.852717
0.000061
1.127004
0.000053
0.842121
0.000028
28.047227
0.000000
47.237436
0.000033
16.566187
0.000066
1.300807
0.000052
0.489212
0.000057
1.294081
0.000061
0.705076
0.000058
1.298098
0.000052
0.486954
0.000050
1.293781
0.000077
1.548222
0.000044
5.652363
0.000027
5.125080
