0.000000
0.011298
0.051916
0.070260
0.203709
0.002542
0.094109
0.009617
0.215595
0.001400
0.319764
0.027301
0.257826
0.012085
0.403692
0.018036
0.257108
0.009167
0.414215
0.003747
0.299663
0.001210
0.058567
0.000799
0.317303
0.003867
0.206706
0.000320
0.198768
0.003769
0.131898
0.001437
0.064105
0.000058
0.000050
0.000050
0.000044
0.000044
0.000039
0.000039
0.000033
0.000033
0.000029
0.000029
0.000024
0.000024
0.000020
0.000020
0.000015
0.000015
0.000011
0.000011
0.000007
0.000007
0.000004
0.000004
0.000000
0.000000
0.153771
0.000351
0.000000
