0.000000
0.011443
0.051852
0.069814
0.203654
0.002688
0.094123
0.009797
0.215422
0.001379
0.319535
0.027279
0.257870
0.012114
0.403586
0.018071
0.257095
0.009181
0.414326
0.003764
0.299652
0.001216
0.058532
0.000795
0.317283
0.003838
0.206783
0.000396
0.198845
0.003724
0.132121
0.001381
0.064138
0.000006
0.000006
0.000013
0.000013
0.000016
0.000016
0.000091
0.000084
0.000084
0.000077
0.000077
0.000072
0.000072
0.000067
0.000067
0.000062
0.000062
0.000057
0.000057
0.000053
0.000053
0.000049
0.000049
0.000045
0.000045
0.000041
0.000041
0.000037
0.000037
0.000033
0.000033
0.000030
0.000030
0.000026
0.000026
0.000023
0.000023
0.000019
0.000019
0.000009
0.000009
0.000003
0.000003
0.000000
0.000000
0.153804
0.000338
0.000000
