0.000000
0.031765
0.000000
0.000000
0.000000
0.000000
0.000000
0.000000
0.000001
0.000091
0.000000
0.000034
0.000000
0.000047
0.000000
0.000039
0.000000
0.000022
0.000001
0.000000
0.000000
0.000405
0.000002
0.000002
0.000002
0.000002
0.000003
0.000003
0.000005
0.000005
0.000012
0.000001
0.000001
0.000126
0.000007
0.000541
0.000024
0.087302
0.169610
0.002064
0.108554
0.025724
0.175407
0.010706
0.152294
0.013067
0.063245
0.053060
0.127885
0.002084
0.068272
0.006806
0.048547
0.075813
0.006611
0.043530
0.117532
