0.000000
0.031765
0.000000
0.000000
0.000000
0.000000
0.000000
0.000000
0.000000
0.000000
0.000001
0.000091
0.000000
0.000034
0.000000
0.000047
0.000000
0.000039
0.000000
0.000022
0.000001
0.000000
0.000000
0.000405
0.000002
0.000002
0.000002
0.000002
0.000003
0.000003
0.000005
0.000005
0.000012
0.000001
0.000001
0.000126
0.000007
0.000541
0.000024
0.087302
0.169598
0.002064
0.108567
0.025724
0.175397
0.010707
0.152302
0.013067
0.063244
0.053075
0.127825
0.002118
0.068212
0.006805
0.048499
0.075808
0.006599
0.043562
0.117532
