1.162578486892131053e+02
7.902487353386287339e+01
3.507410691576894379e+01
4.142270855156324671e+01
5.235104834697048659e+01
1.427657615114769953e+02
2.007375082570380087e+01
8.205365232335902093e+00
3.998561974181581604e+02
1.909248976390518715e+00
2.283261282704578150e+02
6.821934899134916463e+00
2.999707401029729681e+01
1.157979395584855240e+02
5.103550335598377075e+01
1.000000000000000021e-03
2.324950708439260723e+02
1.656551333629153788e+01
1.370931811339702051e+02
2.322852300697625338e+01
2.106152827036233930e+02
2.688223906933395213e+01
2.783601126792172664e+01
6.979163415325886888e+01
2.981568970258645024e+01
4.518503280176041415e+01
7.482037575381966121e+01
2.934300865629390742e+01
8.900407379001549657e+01
2.340857398204854434e+01
9.939088842053273254e+01
1.181169880510914894e+01
