1.183714932610263588e+02
1.723812776858413827e+02
1.717388350559520305e+01
1.849379012315587829e+02
3.792575974948746165e+01
3.284545989998513704e+01
3.059134350907130511e+02
2.034493384985463393e+01
5.827766929155752962e+01
1.443282490884369338e+02
5.885294352560305953e+01
1.000000000000000021e-03
4.315882525210890890e+02
3.182437542128235108e+01
2.066164900583427766e+02
2.172328570269447567e+01
2.500151415635146179e+01
1.235547108942506185e+02
3.112852130966312458e+01
1.267582966496526886e+01
2.514933207930641288e+02
1.559449129333304818e+01
2.049929828868490844e+01
1.300236245826843628e+02
3.870197511453729078e+01
2.048860220320532122e+01
