1.162350391851329903e+02
6.986585452444873567e+01
4.837167517416872187e+01
1.922700563714124300e+01
1.479364285506636634e+02
1.923889487218198369e+01
2.514635006523646155e+01
1.155606800464016573e+02
6.987928179468237033e+01
1.399661899613859539e+01
2.982729492443334038e+02
9.952048106816844708e+00
2.363350718569120659e+02
1.058913343181366429e+01
1.808850413232525156e+01
1.048951183354621577e+02
3.833822636813783902e+01
1.042885099430754359e+01
2.729441709671893364e+02
8.198416272659189374e+00
2.794188417465669616e+01
1.000000000000000021e-03
3.703924181291702666e+01
8.258757204630593662e+01
7.169971623733547972e+01
3.148784861886858266e+01
7.309837100846851854e+01
3.788390429849818730e+01
5.719627647930368397e+01
5.045285052892833733e+01
4.794429717432324622e+01
4.887887103778078313e+01
6.083337820420139508e+01
2.988722844932100386e+01
9.453606695686509909e+01
1.149166341627022803e+01
