1.163658699293941545e+01
7.682072426379912145e+01
3.064575960127797316e+01
2.215883706508569730e+02
8.928661289333806650e+00
3.073555126649625890e+02
4.577463364816024338e+00
3.022862570228894015e+02
9.416695729191353337e+00
2.830995927263937233e+02
1.344000809706907873e+01
2.599899290365788715e+02
1.000000000000000021e-03
2.042778013858833788e+02
8.227794936321856767e+00
1.788994141104580251e+02
1.186343577851432762e+01
1.522165835366542694e+02
1.989417325190897756e+00
2.017217949033392017e+02
1.007180410900424938e+01
