6.459668516220189360e+01
1.670997442336217631e+01
2.871202961417109734e+01
4.364033102350293802e+01
4.701211381962120299e+02
3.858412368413585813e+00
3.433257733523377624e+02
1.501164915747013673e+01
2.953320938398249496e+02
1.605554180155687760e+01
1.811858803180056441e+02
1.000000000000000021e-03
1.885812223718018288e+02
2.243770936981711372e+01
5.969599319660545689e+01
1.706758800375160234e+01
3.220953885820156870e+02
2.657635534159537727e+01
3.328487856880357043e+01
1.077234317934172907e+02
5.425207372497030889e+01
1.727800105318173962e+01
