0.076725
0.000829
0.002624
0.000569
0.006787
0.081301
0.070326
0.045669
0.190960
0.001061
0.198618
0.047904
0.081323
0.041577
0.000426
0.054671
0.068647
0.027411
0.180864
0.000442
0.038198
0.000996
0.004742
0.000932
0.157398
0.000433
0.022107
0.000000
0.000000
0.000770
0.106177
0.011424
0.199252
0.015235
0.178160
0.001131
0.000904
0.000169
0.031164
0.000650
0.089371
0.025575
0.105945
0.036938
0.078858
0.027587
0.073075
0.000000
0.003149
0.000000
0.009763
0.000008
0.000800
0.000069
0.004567
0.000298
0.003809
0.000448
0.000622
0.000269
0.001563
0.000116
0.019713
0.007534
0.086067
0.000000
0.002058
