0.082653
0.004270
0.008958
0.003503
0.125281
0.012577
0.021227
0.000000
0.014859
0.004673
0.021251
0.009429
0.007902
0.012218
0.006438
0.008878
0.007402
0.006565
0.009277
0.004974
0.278997
0.005049
0.004815
0.003821
0.006528
0.002788
0.009248
0.002028
0.014485
0.001329
0.023188
0.000766
0.019822
0.001061
0.015346
0.002130
0.009317
0.003308
0.006129
0.004592
0.339819
0.002565
0.006758
0.002811
0.398899
0.013578
0.253762
0.007114
0.011569
0.006019
0.013440
0.005293
0.014877
0.004665
0.017065
0.004272
0.089325
0.006069
0.003611
