0.000851
0.065486
0.045496
0.098926
0.039895
0.229306
0.024737
0.077486
0.059815
0.137663
0.216814
0.024064
0.109926
0.020613
0.141367
0.009315
0.127233
0.032585
0.179867
0.006705
0.176564
0.007484
0.107992
0.001506
0.096059
0.000000
0.192117
0.032423
0.043540
0.063574
0.036630
0.045461
0.053020
0.012852
0.186523
0.002177
0.253072
0.001421
0.054360
0.003099
0.242572
0.002402
0.176219
0.000628
0.230943
0.001769
0.209523
0.003611
0.079469
0.007062
0.076200
0.009812
0.068045
0.007784
0.207952
0.003147
0.197018
0.011503
0.061066
0.012832
0.194680
0.017264
0.058604
0.020206
0.081829
0.010784
0.069506
0.036966
0.032036
0.076109
0.011671
0.103510
0.001975
