0.000000
0.015175
0.062506
0.048075
0.121296
0.012497
0.166673
0.001617
0.183950
0.001028
0.207589
0.005129
0.035330
0.001021
0.036747
0.075004
0.175574
0.006105
0.018068
0.000560
0.067116
0.012505
0.044697
0.001536
0.246165
0.001146
0.051794
0.017684
0.288747
0.010460
0.151081
0.000596
0.215905
0.000953
0.081149
0.000621
0.077430
0.000279
0.186372
0.003561
0.174560
0.002922
0.038984
0.000113
0.043858
0.002071
0.047459
0.000327
0.034548
0.000000
0.018844
0.003154
0.074236
0.000911
0.051954
0.000049
0.003904
