0.000000
0.014355
0.063499
0.048388
0.123686
0.010516
0.222001
0.001591
0.019862
0.000382
0.319087
0.001242
0.035405
0.002986
0.012149
0.002615
0.007990
0.002650
0.016104
0.078162
0.173516
0.009238
0.015485
0.002748
0.064656
0.014213
0.034575
0.000125
0.006299
0.003307
0.242722
0.003757
0.048302
0.018356
0.253514
0.000194
0.033044
0.008234
0.150803
0.002130
0.081275
0.000792
0.215220
0.001517
0.033257
0.000055
0.043840
0.001578
0.087206
0.001235
0.032823
0.001805
0.065502
0.001091
0.174491
0.003806
0.038719
0.002860
0.043555
0.005323
0.000003
0.000115
0.000002
0.000032
0.024842
0.001564
0.022057
0.003412
0.024817
0.000540
0.009311
0.003062
0.018589
0.005831
0.014529
0.000000
0.059567
0.002198
0.026314
0.000918
0.025299
0.000804
0.003904
