0.058748
0.070179
0.068721
0.180172
0.013203
0.095783
0.101224
0.073171
0.213971
0.027992
0.264417
0.018311
0.140066
0.017279
0.191665
0.010755
0.148619
0.006491
0.150054
0.001372
0.121922
0.008756
0.239928
0.004242
0.183328
0.002367
0.108748
0.001653
0.171492
0.001056
0.138007
0.003293
0.252727
0.001514
0.184503
0.001455
0.213110
0.002561
0.065987
0.002870
0.138960
0.000000
0.114146
0.000397
0.269808
0.001323
0.061294
0.001747
0.200406
0.001394
0.198604
0.006946
0.061184
0.008662
0.182594
0.025083
0.036355
0.065057
0.015897
0.100711
0.003343
