0.136787
0.020054
0.436360
0.018614
0.250080
0.014473
0.443596
0.006095
0.240360
0.021364
0.720192
0.015475
0.105536
0.017643
0.360603
0.008085
0.104298
0.008344
0.431068
0.002173
0.415831
0.000376
0.556667
0.001206
0.142615
0.001137
0.601916
0.000201
0.399049
0.000142
0.415731
0.000091
0.152194
0.000175
0.393102
0.000266
0.367464
0.000171
0.358032
0.000185
0.372779
0.000117
0.594317
0.000077
0.359005
0.000126
0.368276
0.000153
0.363684
0.000109
0.352191
0.000080
0.628835
0.000086
0.362461
0.000082
0.352515
0.000095
0.371402
0.000071
0.320115
0.000023
0.321383
0.000032
0.331220
0.000061
0.371624
0.000073
0.355806
0.000047
0.356154
0.000043
0.631228
0.000039
0.356653
0.000035
0.357871
0.000046
0.379170
0.000030
0.961398
0.000023
0.376349
0.000021
0.346640
0.000000
0.360505
0.000011
28.180117
