0.081804
0.216406
0.087267
0.130738
0.137862
0.136153
0.082821
0.223177
0.079879
0.124961
0.072031
0.105722
0.063384
0.121927
0.091369
0.126696
0.086504
0.078023
0.054613
0.127645
0.128469
0.160982
0.000555
0.000379
0.000000
0.000000
0.000000
0.000000
0.000000
0.000038
0.000000
0.000042
0.000000
0.000046
0.000000
0.000000
0.000000
0.000051
0.000832
0.122325
0.047471
0.075132
0.041011
0.098544
0.062095
0.013571
0.071939
0.101890
0.033332
0.054438
0.190603
0.072755
0.058888
0.046994
0.039646
0.091406
0.045501
0.075753
0.047648
0.050835
0.030163
