0.000000
0.057379
0.149262
0.001407
0.000312
0.001307
0.000151
0.000037
0.000278
0.000038
0.001681
0.001042
0.001068
0.000246
0.010770
0.005505
0.103076
0.001747
0.002573
0.000836
0.000000
0.000000
0.133287
0.029570
0.145210
0.019878
0.041635
0.000054
0.001024
0.000055
0.007851
0.000695
0.001976
0.000785
0.105333
0.038130
0.043160
0.000192
0.001998
0.000170
0.003462
0.022581
0.083217
0.064942
0.000000
0.001299
0.000002
0.000002
0.000002
0.000002
0.000149
0.000070
0.000002
0.000002
0.000002
0.000002
0.000002
0.000002
0.000002
0.000002
0.000002
0.000002
0.000002
0.000002
0.000002
0.000002
0.023649
