0.000000
0.000426
0.000000
0.000000
0.132547
0.139271
0.122394
0.137621
0.121887
0.156779
0.098383
0.196354
0.103006
0.132014
0.025861
0.000980
0.085701
0.188654
0.094159
0.177829
0.091638
0.058567
0.012126
0.117686
0.079790
0.071560
0.028298
0.076209
0.042138
0.062469
0.044150
0.071620
0.047532
0.100172
0.137000
0.098876
0.000001
0.000001
0.009171
0.056606
0.060271
0.026352
0.040880
0.097742
0.070106
0.091174
0.046927
0.080379
0.048064
0.100825
0.071137
0.107434
0.046492
0.071676
0.051012
0.113153
0.077445
0.113910
0.069240
0.123436
0.076079
0.128958
0.071671
0.111684
0.095477
0.125082
0.079051
0.117774
0.076031
0.114346
0.065125
