0.082736
0.004205
0.008803
0.003480
0.126593
0.012579
0.022101
0.000000
0.015471
0.005345
0.022380
0.013122
0.008086
0.012734
0.008253
0.008677
0.010488
0.006216
0.280595
0.005160
0.004929
0.003847
0.006702
0.002794
0.009567
0.002011
0.014947
0.001280
0.022815
0.000720
0.017893
0.000939
0.015013
0.002001
0.010467
0.003420
0.006504
0.004759
0.339906
0.002572
0.006780
0.002804
0.398846
0.013581
0.253897
0.007150
0.011534
0.006043
0.013474
0.005295
0.015013
0.004623
0.017019
0.004240
0.089230
0.006059
0.001748
