0.082687
0.004280
0.008946
0.003513
0.124666
0.012011
0.028909
0.003666
0.022048
0.005342
0.011328
0.011142
0.005849
0.009897
0.005851
0.007299
0.006804
0.005603
0.008397
0.004395
0.278552
0.004655
0.004245
0.003613
0.005576
0.002741
0.007699
0.002105
0.011779
0.001315
0.012725
0.000726
0.014702
0.000639
0.023372
0.001203
0.014499
0.002167
0.008551
0.003228
0.005866
0.004502
0.339863
0.002565
0.006723
0.002812
0.398879
0.013577
0.252876
0.005984
0.009338
0.005190
0.010751
0.004662
0.011699
0.004209
0.012744
0.003783
0.006762
0.000000
0.007608
0.003562
0.088199
0.006073
0.001748
