0.079506
0.096365
0.213984
0.018826
0.039745
0.115727
0.286999
0.030138
0.051361
0.026082
0.495595
0.004548
0.305483
0.013225
0.506447
0.003383
0.193925
0.006591
0.446743
0.004324
0.383092
0.002103
0.109423
0.004220
0.436073
0.001047
1.010102
0.000251
0.471187
0.000054
0.315061
0.000126
0.403002
0.000131
0.410373
0.000163
0.386693
0.000081
0.364746
0.000149
0.415687
0.000204
0.376527
0.000388
0.127792
0.000423
0.395555
0.000111
0.370975
0.000076
0.405065
0.000064
0.382392
0.000039
0.393806
0.000042
0.399305
0.000030
0.379868
0.000025
0.400003
0.000025
0.394370
0.000019
0.386650
0.000017
0.398878
0.000016
0.387943
0.000015
0.392700
0.000013
0.387484
0.000011
0.387894
0.000012
1.578290
0.000000
0.384949
0.000009
49.541756
