0.079495
0.096336
0.214467
0.018920
0.039494
0.115512
0.286878
0.030106
0.051335
0.026164
0.495629
0.004558
0.305648
0.013205
0.506768
0.003432
0.193295
0.006622
0.447133
0.004306
0.382623
0.002043
0.109579
0.004193
0.437160
0.001041
1.009686
0.000247
0.483117
0.000053
0.303009
0.000119
0.401870
0.000116
0.414396
0.000154
0.391726
0.000064
0.351480
0.000132
0.425160
0.000181
0.370407
0.000307
0.127643
0.000346
0.392619
0.000081
0.366140
0.000068
0.421732
0.000051
0.369411
0.000036
0.415582
0.000036
0.385401
0.000023
0.369995
0.000000
1.988723
0.000015
52.638116
