0.079520
0.096357
0.213954
0.018828
0.039747
0.115731
0.286987
0.030157
0.051359
0.026086
0.495745
0.004541
0.305297
0.013225
0.506417
0.003386
0.193912
0.006589
0.446757
0.004322
0.383077
0.002097
0.109443
0.004214
0.436119
0.001045
1.010145
0.000251
0.472057
0.000054
0.314050
0.000126
0.403217
0.000130
0.410111
0.000162
0.386880
0.000080
0.364164
0.000147
0.415986
0.000202
0.376474
0.000381
0.127753
0.000417
0.395629
0.000109
0.370074
0.000076
0.406275
0.000064
0.380308
0.000037
0.394219
0.000041
0.401148
0.000030
0.378858
0.000026
0.403718
0.000025
0.390555
0.000019
0.385337
0.000020
0.402254
0.000016
0.385560
0.000014
0.390249
0.000000
0.780498
0.000012
1.965322
0.000010
49.541756
