0.000000
0.011318
0.067349
0.044095
0.187180
0.000004
0.000004
0.000021
0.000021
0.000029
0.000029
0.000038
0.000038
0.000048
0.000048
0.000061
0.000061
0.000228
0.000000
0.000000
0.000101
0.000101
0.000077
0.000077
0.000015
0.000015
0.000009
0.000009
0.210549
0.003464
0.057715
0.002398
0.338355
0.006432
0.373279
0.006188
0.304418
0.013157
0.264888
0.010269
0.469692
0.003359
0.160693
0.002234
0.042733
0.001064
0.313734
0.000548
0.145726
0.001786
0.164088
0.001765
0.413536
0.000914
0.120477
0.000029
0.061142
0.000456
0.000000
