0.000000
0.011323
0.067339
0.044096
0.187184
0.000000
0.000000
0.000008
0.000008
0.000025
0.000025
0.000032
0.000032
0.000041
0.000041
0.000052
0.000052
0.000064
0.000064
0.000232
0.000004
0.000004
0.000105
0.000105
0.000081
0.000081
0.000018
0.000018
0.000012
0.000012
0.210553
0.003470
0.057671
0.002391
0.338317
0.006432
0.373280
0.006187
0.304400
0.013156
0.264898
0.010269
0.469699
0.003358
0.160731
0.002233
0.042750
0.001082
0.313751
0.000544
0.145730
0.001782
0.164077
0.001766
0.413539
0.000914
0.120456
0.000029
0.061121
0.000456
0.000000
