0.106708
0.020666
0.441599
0.018781
0.233450
0.009878
0.331716
0.011461
0.081134
0.032202
168.713011
0.000234
0.503190
0.000215
0.788051
0.000300
0.512616
0.000277
0.785581
0.000464
0.784898
0.000461
0.534543
0.000631
0.786100
0.000662
0.537752
0.000414
0.231060
0.000326
0.552684
0.000732
0.786828
0.000570
0.541889
0.000665
0.788132
0.000733
0.543891
0.000309
0.239970
0.000318
0.549715
0.000762
0.795219
0.000562
0.546746
0.000764
0.798333
0.000640
0.544212
0.000531
0.810426
0.000515
0.543176
0.000333
0.810441
0.000256
16.247544
0.000216
0.578311
0.000304
0.844025
0.000252
0.572625
0.000429
0.589895
0.000349
0.831965
0.000447
0.584056
0.000371
0.831005
0.000375
0.585326
0.000412
299.708376
0.000108
44.267576
0.000083
1235.174619
0.000209
4.582626
0.000242
7.196758
0.000217
66.234074
0.000229
15.915613
0.000000
65.254014
0.000273
855.456776
