0.000000
0.020673
0.034307
0.066412
0.177970
0.004558
0.050122
0.001138
0.060801
0.009162
0.461506
0.001442
0.036103
0.000260
0.034717
0.032020
0.195754
0.002257
0.026925
0.001741
0.032990
0.004833
0.206968
0.000721
0.032957
0.002929
0.142360
0.012407
0.226611
0.013686
0.009005
0.006571
0.003359
0.001893
0.009429
0.000459
0.001410
0.001505
0.000000
0.000000
0.003929
0.024645
0.020006
0.000507
0.002318
0.006443
0.000327
0.001505
0.001217
0.000359
0.013557
0.007667
0.007764
0.016718
0.048526
0.008341
0.037671
0.001837
0.026491
0.000000
0.086960
