0.000000
0.103835
0.071649
0.001300
0.063681
0.004898
0.022013
0.003846
0.188105
0.001167
0.078150
0.002697
0.107155
0.003853
0.076810
0.011487
0.150257
0.045527
0.135436
0.037510
0.195038
0.001702
0.023750
0.000044
0.002923
0.000000
0.000000
0.000021
0.146410
0.001370
0.078887
0.002542
0.104206
0.011953
0.096677
0.003572
0.022674
0.001303
0.142223
0.001894
0.000067
0.001709
0.100450
0.010751
0.191364
0.001648
0.030376
0.000556
0.042665
0.004207
0.119027
0.001699
0.096907
0.006463
0.148772
0.004920
0.045417
0.050668
0.023281
