0.000000
0.014518
0.066834
0.042947
0.137290
0.009824
0.185587
0.001452
0.178492
0.000688
0.182323
0.005349
0.036736
0.002018
0.012082
0.001186
0.017015
0.000768
0.004433
0.000299
0.001878
0.000638
0.003179
0.000199
0.000036
0.074090
0.181526
0.009391
0.009336
0.001250
0.064856
0.013727
0.043102
0.003252
0.238885
0.000318
0.004268
0.001827
0.050405
0.017531
0.243803
0.000084
0.009871
0.000709
0.033226
0.009057
0.155257
0.000782
0.281463
0.000047
0.046540
0.000027
0.035305
0.000269
0.137981
0.000000
0.008624
0.000722
0.050124
0.003457
0.158664
0.002810
0.066652
0.001806
0.062823
0.002639
0.082748
0.001795
0.022367
0.001514
0.000446
