0.000000
0.014536
0.066798
0.042953
0.137256
0.009863
0.185563
0.001491
0.178465
0.000746
0.182296
0.005402
0.036725
0.001992
0.012072
0.001151
0.017005
0.000728
0.004423
0.000259
0.001869
0.000598
0.003170
0.000159
0.000027
0.074050
0.181559
0.009318
0.009364
0.001216
0.064882
0.013726
0.043154
0.003222
0.238933
0.000295
0.004316
0.001808
0.050451
0.017559
0.243831
0.000057
0.009899
0.000686
0.033254
0.009113
0.155260
0.000785
0.281467
0.000064
0.046544
0.000000
0.035309
0.000259
0.146608
0.000679
0.050127
0.003484
0.158662
0.002806
0.066650
0.001808
0.062822
0.002610
0.082747
0.001790
0.022366
0.001507
0.000446
