0.000000
0.014618
0.066618
0.042977
0.137111
0.010041
0.185451
0.001676
0.178343
0.001028
0.182166
0.005650
0.036679
0.001854
0.012033
0.000971
0.016969
0.000524
0.004388
0.000053
0.001833
0.000392
0.003135
0.073842
0.181732
0.008938
0.000000
0.000000
0.009533
0.001040
0.065041
0.013689
0.043435
0.003078
0.239190
0.000139
0.004573
0.001660
0.050704
0.017613
0.253938
0.000527
0.033402
0.009405
0.155273
0.000688
0.221890
0.000158
0.059596
0.000138
0.081862
0.000246
0.146617
0.000497
0.050135
0.003573
0.158648
0.002800
0.066638
0.001826
0.062811
0.002475
0.082741
0.001778
0.022357
0.001455
0.000446
