0.000000
0.014527
0.066815
0.042951
0.137273
0.009844
0.185574
0.001472
0.178478
0.000718
0.182309
0.005376
0.036730
0.002005
0.012077
0.001168
0.017010
0.000748
0.004428
0.000279
0.001873
0.000618
0.003175
0.000179
0.000032
0.074069
0.181543
0.009348
0.000000
0.000000
0.009351
0.001237
0.064870
0.013726
0.043130
0.003237
0.238910
0.000307
0.004294
0.001817
0.050429
0.017546
0.243817
0.000070
0.009885
0.000697
0.033240
0.009085
0.155258
0.000784
0.281465
0.000056
0.046542
0.000014
0.035307
0.000264
0.146606
0.000701
0.050125
0.003471
0.158663
0.002809
0.066651
0.001806
0.062822
0.002624
0.082748
0.001793
0.022366
0.001509
0.000446
