0.000000
0.155800
0.098611
0.000239
0.000261
0.000231
0.001458
0.000281
0.018601
0.008251
0.019146
0.000666
0.016503
0.000548
0.001970
0.000593
0.102010
0.006996
0.016561
0.006150
0.106317
0.003142
0.102176
0.026188
0.052262
0.006651
0.111283
0.000275
0.004315
0.000207
0.007000
0.000179
0.001898
0.000150
0.001726
0.007920
0.120072
0.000116
0.002431
0.000102
0.005029
0.000064
0.048253
0.044296
0.043319
0.018543
0.108427
0.015036
0.009671
0.000041
0.030281
0.000000
0.001236
0.000016
0.000769
0.000031
0.001605
0.000031
0.000757
0.000079
0.001634
0.000448
0.000028
0.000263
0.029142
0.003469
0.104672
0.000808
0.014742
0.000485
0.002436
0.000085
0.008136
0.000549
0.000340
0.000035
0.000483
0.000030
0.000997
0.000526
0.008496
0.000238
0.001159
0.000249
0.046984
0.042830
0.017570
