0.000000
0.011445
0.077817
0.018768
0.169921
0.001562
0.207424
0.004213
0.029373
0.025417
0.242848
0.000383
0.019556
0.004357
0.419782
0.019429
0.232744
0.000228
0.025168
0.005971
0.041660
0.000524
0.352678
0.000228
0.005651
0.000433
0.000812
0.000215
0.000289
0.000120
0.001058
0.000443
0.008660
0.003819
0.007734
0.000121
0.001497
0.000213
0.000853
0.000117
0.005872
0.000115
0.001663
0.000106
0.043007
0.002832
0.069123
0.008684
0.000077
0.001511
0.000002
0.000023
0.107024
0.004549
0.013251
0.000000
0.000000
0.002149
0.061621
0.000558
0.064381
0.000071
0.004027
0.000271
0.012753
0.000720
0.006965
0.001023
0.072303
0.000079
0.060773
0.001514
0.010497
0.000052
0.020996
0.000190
0.041514
0.000060
0.055408
0.000869
0.001433
