0.105802
0.020842
0.442961
0.018671
0.227952
0.010271
0.334232
0.012050
0.081017
0.033402
179.571426
0.000372
0.816310
0.000340
0.516420
0.000303
0.817181
0.000320
0.540690
0.000280
0.809488
0.000293
12.549079
0.000219
1.998717
0.000299
0.844451
0.000286
0.864523
0.000206
0.543320
0.000258
0.572578
0.000383
82.330780
0.000243
0.972141
0.000319
0.990879
0.000000
0.374927
0.000297
0.613212
0.000245
0.390174
0.000442
0.974532
0.000335
0.387974
0.000365
0.364719
0.000356
0.386105
0.000273
0.595276
0.000397
0.390586
0.000421
0.991050
0.000351
21.152395
0.000255
27.933048
