0.113897
0.016273
0.437002
0.022629
0.243913
0.010297
0.320126
0.009558
0.079659
0.033847
0.524311
0.003026
1.114646
0.002334
0.147541
0.002234
0.939268
0.000522
0.461721
0.000000
0.211072
0.000554
0.409361
0.000413
3.251886
0.000074
175.999472
0.000063
15.387590
0.000052
0.787302
0.000061
0.586425
0.000088
0.598550
0.000090
82.333169
0.000073
0.999129
0.000074
0.988553
0.000122
0.366175
0.000119
0.611338
0.000086
0.366498
0.000153
0.380897
0.000127
0.593381
0.000082
0.379256
0.000141
0.372891
0.000141
0.373337
0.000077
0.595401
0.000125
0.376424
0.000122
0.982029
0.000070
21.270910
0.000037
27.933048
