0.000000
0.003574
0.108011
0.025133
0.177712
0.000000
0.003554
0.000300
0.003045
0.001089
0.225607
0.025256
0.266854
0.009044
0.015961
0.000186
0.396287
0.018262
0.051307
0.000213
0.045605
0.000009
0.177762
0.007441
0.022596
0.000849
0.010160
0.000602
0.002317
0.000200
0.002250
0.000020
0.112973
0.000108
0.004643
0.000597
0.009394
0.000458
0.001200
0.000847
0.035390
0.002338
0.358010
0.000122
0.007083
0.000651
0.031452
0.001232
0.125715
0.000148
0.185729
0.000925
0.029045
0.000419
0.020290
0.000438
0.092242
0.000085
0.005739
0.000573
0.002349
0.000343
0.018386
0.002851
0.144669
0.000944
0.006376
0.000037
0.000121
0.000524
0.023949
0.000651
0.086694
