0.000000
0.003685
0.107651
0.025070
0.177590
0.000055
0.003432
0.000351
0.002924
0.001125
0.225494
0.025136
0.266815
0.009080
0.015920
0.000222
0.396247
0.018270
0.051289
0.000231
0.223346
0.007462
0.008845
0.000010
0.013715
0.000889
0.010134
0.000639
0.002291
0.000235
0.002224
0.000053
0.108517
0.000000
0.004429
0.000157
0.004616
0.000643
0.009368
0.000495
0.001175
0.000883
0.035365
0.002300
0.357992
0.000157
0.007064
0.000677
0.031435
0.001160
0.125702
0.000126
0.185716
0.000941
0.022197
0.000028
0.006822
0.000464
0.020275
0.000453
0.092228
0.000135
0.005724
0.000618
0.002335
0.000385
0.018373
0.002837
0.144665
0.000977
0.006369
0.000082
0.000113
0.000569
0.023941
0.000550
0.086694
