0.000000
0.009487
0.069136
0.037767
0.052750
0.103887
0.000000
0.000000
0.000000
0.000000
0.000000
0.000000
0.000001
0.000001
0.000001
0.000001
0.000001
0.000001
0.000001
0.000001
0.000001
0.000001
0.000002
0.000002
0.000002
0.000002
0.000002
0.000002
0.000003
0.000003
0.000008
0.000006
0.000006
0.000005
0.000005
0.000004
0.000004
0.000003
0.000003
0.000003
0.000003
0.000002
0.000002
0.000001
0.000001
0.000001
0.000001
0.000001
0.000001
0.000000
0.000000
0.000000
0.000000
0.000000
0.000000
0.000000
0.000000
0.092345
0.048653
0.081101
0.072853
0.128011
0.025216
0.048255
0.077064
0.024656
0.036678
0.123556
0.040298
0.049062
0.083726
0.006800
0.050735
