0.000000
0.065137
0.014929
0.099201
0.016080
0.068645
0.155578
0.005616
0.064245
0.001938
0.017431
0.000000
0.109563
0.000566
0.072618
0.004040
0.110622
0.007671
0.092215
0.015816
0.128931
0.004705
0.003470
0.072663
0.000257
0.001645
0.000116
0.000146
0.000168
0.000121
0.000006
0.000006
0.000008
0.000008
0.000010
0.000010
0.000012
0.000012
0.000015
0.000015
0.000017
0.000027
0.000020
0.000020
0.000023
0.000034
0.000028
0.000039
0.000033
0.000045
0.000041
0.000041
0.000050
0.000062
0.000064
0.000075
0.000084
0.000095
0.004671
