0.079261
0.141331
0.124781
0.139578
0.085733
0.208069
0.081046
0.126165
0.064901
0.091151
0.059944
0.116709
0.112569
0.120480
0.050235
0.059486
0.083608
0.152773
0.000006
0.001944
0.000002
0.000041
0.000004
0.000001
0.000001
0.000001
0.000001
0.000000
0.000000
0.001083
0.000008
0.000008
0.000012
0.000012
0.000016
0.000016
0.000025
0.000025
0.000046
0.000046
0.001529
0.093144
0.049158
0.074408
0.028781
0.093739
0.049069
0.052493
0.072962
0.116569
0.018479
0.045070
0.059780
0.064957
0.027655
0.214828
0.438193
0.030244
0.274331
0.023226
0.140990
0.012427
2.196250
0.009801
0.198628
0.039279
0.025590
