0.079260
0.141333
0.124779
0.139578
0.085740
0.208057
0.081047
0.126166
0.064900
0.091155
0.059946
0.116700
0.112572
0.120485
0.050234
0.059489
0.083600
0.152775
0.000007
0.001945
0.000003
0.000042
0.000006
0.000003
0.000003
0.000002
0.000002
0.000001
0.000001
0.000000
0.000000
0.000000
0.000000
0.001085
0.000009
0.000009
0.000013
0.000013
0.000017
0.000017
0.000026
0.000026
0.000047
0.000047
0.001530
0.093146
0.049147
0.074443
0.028766
0.093727
0.049077
0.052468
0.072984
0.116523
0.018487
0.045045
0.059780
0.064934
0.027654
0.214892
0.438160
0.030273
0.274326
0.023241
0.140992
0.012422
2.196297
0.009797
0.198588
0.039282
0.025593
