0.000000
0.010513
0.000000
0.000000
0.049579
0.076907
0.188775
0.000885
0.040388
0.000065
0.062616
0.010249
0.377067
0.000135
0.091975
0.000683
0.038238
0.002832
0.028872
0.028428
0.233244
0.000394
0.004266
0.001011
0.014169
0.009394
0.034734
0.000093
0.319798
0.000880
0.004649
0.000275
0.025329
0.004214
0.023984
0.016760
0.248940
0.008360
0.387686
0.003123
0.041021
0.003291
0.061285
0.001887
0.307588
0.001357
0.060908
0.000060
0.250453
0.001345
0.192812
0.001923
0.174396
0.000749
0.209785
0.000009
0.017855
0.004982
0.024906
0.002774
0.016237
0.000046
0.075758
0.010624
0.055708
0.001446
0.067919
0.004360
0.002644
