0.000000
0.010667
0.049416
0.076534
0.188763
0.000937
0.040375
0.000092
0.062603
0.010313
0.377070
0.000181
0.091977
0.000584
0.038240
0.002790
0.028873
0.028324
0.233235
0.000414
0.004256
0.001032
0.014159
0.009404
0.025183
0.000040
0.009520
0.000137
0.319782
0.000931
0.004633
0.000327
0.025312
0.004256
0.023965
0.016806
0.248908
0.008299
0.387702
0.003118
0.041027
0.003267
0.061297
0.001885
0.307598
0.001368
0.060916
0.000050
0.250462
0.001302
0.192820
0.001894
0.174400
0.000711
0.209787
0.000037
0.017857
0.004961
0.024910
0.002798
0.016238
0.000103
0.004457
0.000020
0.071302
0.010668
0.040424
0.000000
0.015295
0.001492
0.067932
0.004363
0.002644
