0.000000
0.010069
0.050171
0.077841
0.188825
0.000754
0.103086
0.010119
0.377057
0.000000
0.091965
0.000956
0.038233
0.002913
0.028871
0.028654
0.233248
0.000357
0.004270
0.000960
0.014177
0.009316
0.354623
0.000721
0.004709
0.000116
0.025389
0.004113
0.024045
0.016666
0.249023
0.008522
0.387647
0.003057
0.040994
0.003419
0.061238
0.001849
0.307556
0.001313
0.060873
0.000107
0.250419
0.001476
0.192781
0.002020
0.174376
0.000843
0.227626
0.004959
0.024883
0.002664
0.091973
0.010526
0.055665
0.001379
0.067868
0.004367
0.002644
