0.075328
0.000455
0.002744
0.000000
0.000588
0.000220
0.008220
0.080939
0.071570
0.045269
0.191213
0.000825
0.198883
0.048948
0.079383
0.042941
0.000151
0.000151
0.000194
0.000191
0.000191
0.000166
0.000166
0.052234
0.069664
0.027096
0.181045
0.000927
0.031168
0.000387
0.019953
0.000810
0.164769
0.000452
0.004204
0.000192
0.110601
0.011632
0.197612
0.015147
0.147735
0.000745
0.035462
0.000089
0.005455
0.000809
0.111128
0.025291
0.108020
0.035668
0.080703
0.026945
0.075285
0.000002
0.001016
0.000002
0.013700
0.000149
0.000292
0.000131
0.001397
0.000122
0.002440
0.000042
0.023004
0.007974
0.079478
0.000000
0.001839
