0.118285
0.019343
0.427192
0.022139
0.262881
0.014042
0.387052
0.024528
0.042721
0.009365
0.475016
0.005948
0.377706
0.004474
0.124544
0.002688
0.350546
0.001341
0.452380
0.001350
0.720603
0.001879
0.148577
0.002497
0.434615
0.001790
0.135762
0.000893
0.586974
0.000441
0.163090
0.000438
0.461550
0.000280
0.687536
0.000286
0.409323
0.000208
0.942159
0.000136
0.391732
0.000097
0.303633
0.000065
0.374791
0.000101
0.344185
0.000052
0.353933
0.000067
0.630468
0.000048
0.356139
0.000051
0.359174
0.000063
0.368517
0.000049
0.355822
0.000021
0.612347
0.000000
0.363581
0.000026
0.356432
0.000025
22.386279
