0.109918
0.016943
0.437623
0.021830
0.242471
0.010457
0.331938
0.011919
0.070349
0.035083
0.484427
0.002442
0.345783
0.004804
0.126104
0.003398
0.379082
0.000830
0.479107
0.000553
109.142261
0.000027
12.028061
0.000119
0.475272
0.000142
0.429567
0.000168
0.445456
0.000191
0.442386
0.000232
0.445963
0.000265
0.447788
0.000293
0.447255
0.000307
0.450738
0.000304
0.450272
0.000300
0.449195
0.000246
0.451035
0.000206
0.444799
0.000155
0.447414
0.000106
0.469539
0.000073
1.936794
0.000011
120.507997
0.000012
12.855534
0.000031
0.446984
0.000060
0.439552
0.000059
0.465101
0.000062
0.447549
0.000071
0.696550
0.000071
0.467189
0.000064
0.487322
0.000054
7.336200
0.000000
7.629648
0.000029
1.696014
0.000031
0.713368
0.000056
0.957178
0.000043
0.747628
0.000048
1.641507
0.000072
0.111853
0.000036
171.505740
