0.000000
0.010982
0.104520
0.035516
0.104605
0.059756
0.140133
0.002455
0.037571
0.002557
0.053298
0.014315
0.098490
0.000000
0.000000
0.043541
0.125790
0.041169
0.460511
0.031272
0.093004
0.032242
0.125197
0.002493
0.008353
0.000069
0.135040
0.000656
0.002524
0.000106
0.019635
0.008735
0.172844
0.000246
0.000805
0.000123
0.002631
0.001142
0.000841
0.000432
0.002522
0.001846
0.023781
0.015698
0.286281
0.002477
0.020428
0.000055
0.194427
0.002644
0.002198
0.000511
0.000502
0.000157
0.014629
0.004884
0.180935
0.003816
0.162979
0.017137
0.012897
0.000232
0.082231
0.025296
0.104085
0.011555
0.065693
0.000876
0.001280
