0.083612
0.000000
0.000000
0.083596
0.000000
0.000000
0.031718
0.000000
0.000000
0.060025
0.015493
0.000045
0.002905
0.000105
0.002015
0.000103
0.001793
0.000147
0.001693
0.000163
0.001746
0.000210
0.000878
0.000042
0.000913
0.000258
0.000868
0.000000
0.000835
0.000309
0.001622
0.000353
0.000838
0.000078
0.000806
0.000392
0.001243
0.000403
0.001264
0.000501
0.001104
0.000515
0.000548
0.000021
0.000617
0.036972
0.000832
0.000353
0.000775
0.000478
0.000750
0.000182
0.000779
0.000365
0.000786
0.000155
0.036721
0.062673
0.019131
