0.082770
0.004217
0.008776
0.003494
0.125740
0.011766
0.028000
0.003761
0.022820
0.005788
0.013016
0.013908
0.006879
0.010531
0.007611
0.007447
0.009578
0.005517
0.005497
0.000000
0.274835
0.005039
0.004729
0.003779
0.006357
0.002769
0.008926
0.002026
0.013767
0.001363
0.022586
0.000802
0.021823
0.001115
0.015605
0.002167
0.009004
0.003274
0.006039
0.004583
0.339956
0.002570
0.006761
0.002808
0.398797
0.013585
0.253041
0.006149
0.009670
0.005356
0.011236
0.004813
0.012324
0.004107
0.012165
0.003465
0.013171
0.003464
0.088439
0.006072
0.003661
