0.000000
0.016156
0.036476
0.076286
0.179300
0.000110
0.022590
0.000033
0.001417
0.002280
0.094312
0.004537
0.006508
0.000019
0.023666
0.000875
0.203386
0.002137
0.240514
0.000148
0.021867
0.000068
0.002888
0.000012
0.001331
0.000000
0.032607
0.030091
0.235576
0.008437
0.021968
0.000105
0.034089
0.001640
0.308167
0.000193
0.004480
0.000024
0.052765
0.015463
0.258652
0.010578
0.068140
0.000782
0.302307
0.000156
0.018833
0.005719
0.081793
0.001579
0.032363
0.000128
0.005993
0.000178
0.034120
0.001097
0.204623
0.004387
0.122945
0.000241
0.037782
0.002101
0.181557
0.004153
0.111543
0.002155
0.054857
0.000092
0.005966
0.004922
0.112089
0.000049
0.000003
0.006384
0.006784
0.000992
0.080999
0.003319
0.028727
0.000060
0.018531
0.001203
0.030433
0.001297
0.034615
