0.000000
0.016050
0.036510
0.076669
0.179261
0.000151
0.023966
0.002105
0.094272
0.004367
0.030149
0.000973
0.203339
0.002357
0.240479
0.000017
0.058656
0.030189
0.235617
0.008359
0.056239
0.001691
0.308261
0.000000
0.057351
0.015461
0.258742
0.010549
0.068215
0.000832
0.321284
0.005589
0.081834
0.001508
0.072607
0.001159
0.204658
0.004507
0.122968
0.000170
0.037805
0.002055
0.181573
0.004379
0.111505
0.002451
0.060813
0.004741
0.112079
0.006181
0.006800
0.000813
0.081015
0.003207
0.047279
0.001091
0.030445
0.001359
0.034615
