0.082705
0.004267
0.008912
0.003515
0.124764
0.011928
0.028192
0.003599
0.021981
0.005123
0.011925
0.011035
0.005923
0.010093
0.005881
0.007407
0.006826
0.005667
0.008430
0.004436
0.278629
0.004536
0.004089
0.003542
0.005306
0.002701
0.007173
0.002085
0.010625
0.001420
0.013425
0.000837
0.016170
0.000669
0.023317
0.001205
0.014583
0.002177
0.008538
0.003228
0.005846
0.004490
0.339866
0.002566
0.006736
0.002811
0.398853
0.013579
0.252970
0.006181
0.009800
0.005388
0.011369
0.004853
0.012453
0.004092
0.011952
0.003402
0.012865
0.003452
0.006943
0.000000
0.081577
0.006080
0.001733
