0.142826
0.011652
0.518592
0.007059
0.858827
0.019697
0.199072
0.003030
0.299549
0.020404
0.507877
0.006002
0.141780
0.005555
0.327183
0.003440
0.448679
0.006097
0.423108
0.003474
0.507901
0.000329
0.256585
0.002350
0.440974
0.001557
0.442181
0.000548
0.284610
0.000989
0.461092
0.001520
0.486697
0.000595
0.260813
0.000556
0.452925
0.000559
0.447616
0.000383
0.272773
0.000249
0.483214
0.000561
0.468072
0.000283
0.606694
0.000085
0.120696
0.000231
0.454825
0.000263
0.503714
0.000150
0.258702
0.000053
0.236309
0.000089
0.463591
0.000040
0.442948
0.000053
0.265030
0.000050
0.502958
0.000142
0.159303
0.000044
0.613808
0.000139
0.137726
0.000116
0.405444
0.000019
0.342280
0.000047
0.497766
0.000045
0.502053
0.000032
1.164337
0.000023
0.488480
0.000023
0.512286
0.000022
1.397719
0.000016
0.512401
0.000014
1.624847
0.000006
0.531832
0.000000
1.163382
