0.143993
0.012988
0.511386
0.007565
0.861161
0.019787
0.199265
0.003661
0.298841
0.019522
0.506242
0.006211
0.143587
0.006170
0.323583
0.003652
0.454308
0.006475
0.417337
0.003244
0.424241
0.000616
0.345831
0.002043
0.435179
0.001851
0.446734
0.000787
0.291741
0.000602
0.447513
0.001162
0.479672
0.000693
0.250862
0.000368
0.483530
0.000537
0.440910
0.000388
0.444400
0.000065
0.301488
0.000315
0.461563
0.000332
0.462810
0.000072
0.735346
0.000127
0.465093
0.000103
0.523718
0.000000
1.904428
0.000073
9.943128
