0.042634
0.004437
0.116629
0.010169
0.114176
0.028114
0.445731
0.020173
0.262453
0.025093
0.030861
0.105676
306.236048
0.000051
0.720184
0.000051
1.013907
0.000061
0.744763
0.000090
1.752625
0.000065
0.716285
0.000050
1.020227
0.000058
0.740142
0.000056
1.753795
0.000048
63.588592
0.000040
94.985007
0.000019
1.743766
0.000044
3.735955
0.000000
3.068820
0.000062
1.548932
0.000085
1.546845
0.000057
0.977883
0.000030
1.262830
0.000050
1.540292
0.000056
1.542830
0.000056
14.179714
0.000039
3.862455
0.000052
1.325491
0.000060
1.556996
0.000061
1.318503
0.000061
1.082301
