0.042316
0.004454
0.116510
0.010319
0.113937
0.028179
0.446104
0.020222
0.262710
0.025059
0.030922
0.105352
234.161561
0.000053
72.067155
0.000055
0.728281
0.000066
1.021680
0.000058
0.732541
0.000090
1.749354
0.000069
0.720539
0.000050
1.024904
0.000068
0.742224
0.000061
1.756314
0.000045
0.739974
0.000055
1.756686
0.000040
14.059851
0.000055
0.771553
0.000036
0.741875
0.000045
45.508739
0.000052
94.987184
0.000020
1.737180
0.000037
3.739398
0.000048
1.773749
0.000069
1.297727
0.000077
1.362925
0.000000
0.181723
0.000089
1.556444
0.000090
0.435379
0.000071
0.492446
0.000064
0.372812
0.000051
0.460506
0.000062
0.457899
0.000082
1.545599
0.000072
1.554890
0.000051
14.177319
0.000030
3.875491
0.000068
1.320219
0.000072
1.544756
0.000060
1.318137
0.000072
1.082301
