0.000000
0.150258
0.049829
0.014207
0.103980
0.016004
0.043940
0.000228
0.001637
0.000316
0.015496
0.007994
0.154404
0.003105
0.033478
0.002768
0.198837
0.007768
0.034471
0.004266
0.133373
0.002513
0.266827
0.000202
0.117240
0.000083
0.234484
0.002829
0.101514
0.000304
0.046400
0.008932
0.146670
0.004096
0.215126
0.000000
0.163199
0.002556
0.042393
0.001453
0.195924
0.006274
0.090496
0.001030
0.054363
0.013740
0.145364
0.001149
0.101605
0.001171
0.004016
0.001226
0.099574
0.001700
0.325677
0.030610
0.133649
0.053503
0.070879
0.002026
0.073767
0.034801
0.045731
0.027570
0.180178
0.002362
0.163270
0.003752
0.096854
0.005420
0.098220
0.023949
0.017360
