0.000000
0.149772
0.050219
0.013974
0.104352
0.016676
0.043681
0.000811
0.001398
0.000813
0.015281
0.007545
0.154631
0.003224
0.033689
0.002868
0.199052
0.008327
0.034703
0.005003
0.133579
0.003012
0.266910
0.000929
0.117316
0.000598
0.234568
0.003249
0.101579
0.000008
0.046456
0.009835
0.147111
0.004269
0.033784
0.000000
0.181592
0.000850
0.163452
0.002714
0.042689
0.001726
0.196228
0.006956
0.090602
0.000480
0.054464
0.013902
0.145033
0.001241
0.101300
0.001231
0.003770
0.001083
0.099391
0.002096
0.325584
0.030439
0.134093
0.053156
0.071033
0.002305
0.073990
0.034894
0.046100
0.028075
0.180320
0.002570
0.163323
0.003351
0.096936
0.005350
0.098390
0.023465
0.017362
