0.106907
0.020642
0.441358
0.018866
0.233505
0.009785
0.331948
0.011190
0.081855
0.031795
168.490084
0.000106
4.136490
0.000331
0.810960
0.000488
0.520203
0.000544
0.533716
0.000272
0.253736
0.000484
0.528110
0.000603
0.794155
0.000474
0.527774
0.000508
0.529818
0.000454
0.532046
0.000618
0.531978
0.000687
0.802796
0.000618
0.529057
0.000474
0.287348
0.000324
0.521041
0.000701
0.537265
0.000441
0.277848
0.000229
0.535275
0.000484
0.565602
0.000338
17.620810
0.000286
0.839300
0.000294
0.575291
0.000495
0.576454
0.000421
0.845261
0.000413
0.581300
0.000433
0.839300
0.000354
0.577869
0.000420
75.696502
0.000279
44.203222
0.000305
1.026076
0.000318
0.751497
0.000237
2.888973
0.000288
1.483925
0.000000
1.806517
0.000243
164.118231
0.000368
1.271061
0.000420
1.567795
0.000355
1.291495
0.000435
6.361377
