0.000000
0.115313
0.056533
0.000037
0.001079
0.000734
0.000185
0.007315
0.009204
0.011039
0.068879
0.002260
0.090635
0.004023
0.052818
0.001449
0.155513
0.031313
0.085574
0.000097
0.013588
0.002618
0.012605
0.000578
0.092569
0.012456
0.018283
0.009887
0.000232
0.000398
0.112301
0.003706
0.012450
0.000076
0.000533
0.000000
0.026669
0.057966
0.000001
0.001157
0.000001
0.000510
0.000001
0.000047
0.000001
0.000452
0.000001
0.000039
0.000001
0.000001
0.000001
0.000001
0.000001
0.000001
0.000001
0.000001
0.000001
0.000001
0.000001
0.000001
0.021791
