0.106549
0.020715
0.440576
0.019069
0.233597
0.010145
0.334633
0.012008
0.077593
0.033464
202.145067
0.000193
0.582466
0.000304
0.862260
0.000244
0.562862
0.000356
0.583036
0.000349
0.590270
0.000357
78.447358
0.000291
0.375060
0.000229
0.589345
0.000253
0.394490
0.000291
0.998916
0.000284
0.952113
0.000244
61.160299
0.000355
0.810202
0.000302
0.509406
0.000372
1.338166
0.000408
0.806551
0.000000
2.621290
0.000275
5.310169
0.000167
0.332040
0.000446
2.670618
0.000378
1.107319
0.000215
1.570737
0.000311
1.109707
0.000269
0.819738
0.000263
0.777227
0.000244
1.109656
0.000223
0.805886
0.000328
0.792599
0.000387
1.117725
0.000305
0.810728
0.000331
1.934102
0.000330
5.553017
0.000245
5.421846
0.000319
2.728053
0.000270
17.763851
0.000211
23.378284
