0.079991
0.137668
0.128195
0.137164
0.080069
0.211290
0.087168
0.126809
0.072119
0.110197
0.053969
0.102373
0.078663
0.172290
0.088861
0.071964
0.044916
0.103139
0.124446
0.117032
0.008502
0.071817
0.140994
0.236099
0.067301
0.008179
0.015857
0.151035
0.000000
0.000000
0.000000
0.000000
0.000001
0.000001
0.000022
0.000000
0.000000
0.124069
0.132916
0.103921
0.042294
0.058386
0.181373
0.042247
0.054027
0.094347
0.027648
0.071704
0.097016
0.029226
0.048326
0.084147
0.025002
0.071543
2.122084
0.017004
0.196602
0.036915
0.026647
