0.105796
0.020128
0.441523
0.019293
0.233025
0.010230
0.333687
0.011684
0.079230
0.032934
969.152581
0.000337
19.635906
0.000267
12.658379
0.000336
5.409470
0.000274
0.585940
0.000313
1.684619
0.000333
0.574582
0.000347
15.123738
0.000344
2.871741
0.000326
0.255968
0.000140
17.319562
0.000396
2.955967
0.000322
1.114893
0.000285
1.786756
0.000329
12.787932
0.000319
0.808267
0.000288
15.223302
0.000319
4.029884
0.000337
1.614526
0.000372
2.652454
0.000367
2.707423
0.000313
4.900760
0.000275
38.171455
0.000096
2.754469
0.000319
0.561819
0.000334
0.635508
0.000424
0.369910
0.000000
2.325146
0.001068
0.128260
0.000867
2.300135
0.000323
3.440850
0.000261
36.836679
0.000359
35.688047
0.000423
2.821742
0.000397
4.029872
0.000440
6.630665
0.000395
0.512918
0.000447
2.531514
