0.000000
0.037215
0.127769
0.057145
0.165118
0.000000
0.185757
0.043904
0.074277
0.000156
0.001518
0.000040
0.000199
0.000035
0.000090
0.000031
0.000056
0.000028
0.000081
0.000025
0.000049
0.000022
0.000073
0.000020
0.000069
0.000018
0.000090
0.000017
0.000107
0.000015
0.000078
0.000014
0.000093
0.000013
0.000098
0.000012
0.000089
0.000011
0.000081
0.000010
0.000074
0.000009
0.000126
0.000008
0.000104
0.000008
0.000047
0.000007
0.000114
0.000004
0.000004
0.000007
0.000085
0.000006
0.000082
0.000005
0.000078
0.000005
0.000066
0.000496
0.000004
0.000004
0.000004
0.000004
0.000003
0.000003
0.000003
0.000003
0.000002
0.000002
0.000002
0.000002
0.000002
0.000002
0.000001
0.000001
0.000001
0.000001
0.000001
0.000001
0.000001
0.000001
0.154109
0.010964
0.172072
0.011081
0.000000
