0.000000
0.037283
0.128150
0.056712
0.351473
0.043806
0.074272
0.000151
0.001514
0.000036
0.000194
0.000031
0.000086
0.000027
0.000052
0.000023
0.000076
0.000020
0.000045
0.000018
0.000068
0.000015
0.000065
0.000014
0.000086
0.000012
0.000103
0.000011
0.000073
0.000009
0.000089
0.000008
0.000093
0.000007
0.000084
0.000006
0.000077
0.000005
0.000069
0.000005
0.000122
0.000004
0.000100
0.000003
0.000042
0.000003
0.000110
0.000000
0.000000
0.000002
0.000080
0.000001
0.000077
0.000001
0.000074
0.000000
0.000061
0.000491
0.154104
0.010869
0.172954
0.011013
0.000000
