0.103064
0.019687
0.443964
0.020060
0.235809
0.010271
0.329969
0.011652
0.079919
0.031478
194.810070
0.000301
0.823626
0.000299
0.550442
0.000500
0.559542
0.000209
0.564883
0.000387
0.557312
0.000460
0.304389
0.000347
0.545571
0.000371
0.568157
0.000551
0.568610
0.000659
0.843169
0.000450
0.576954
0.000706
0.582749
0.000498
0.845344
0.000681
0.576998
0.000718
0.845676
0.000573
0.584316
0.000778
0.582605
0.000372
0.842066
0.000661
0.589556
0.000504
0.855374
0.000354
0.582292
0.000577
0.864698
0.000297
0.565906
0.000450
1.457933
0.000000
2.672877
0.000231
0.884601
0.000258
11.164049
0.000056
9.740144
0.000208
52.323581
0.000159
0.408807
0.000126
0.566902
0.000144
0.407965
0.000218
50.619448
0.000299
2.345599
0.000267
3.659090
0.000295
1.310947
0.000212
1.861346
0.000369
2.656193
0.000257
1.044899
0.000247
2.662575
0.000464
1.077961
0.000124
0.501316
0.000199
0.345543
0.000383
0.755127
0.000295
189.579477
0.000340
213.297379
