0.000000
0.111593
0.071824
0.000225
0.001222
0.000330
0.001235
0.000948
0.150117
0.010034
0.155135
0.011072
0.148295
0.003558
0.039726
0.007968
0.152368
0.000288
0.016459
0.061319
0.032185
0.000567
0.104736
0.027861
0.164435
0.005508
0.095641
0.000274
0.023168
0.000144
0.048897
0.001527
0.109453
0.008089
0.105363
0.010734
0.099677
0.000556
0.008565
0.002727
0.006750
0.000901
0.017352
0.000241
0.012820
0.001631
0.115540
0.003661
0.030077
0.000718
0.072661
0.003725
0.036047
0.000051
0.055889
0.029471
0.030902
0.069032
0.000000
0.000000
0.012900
