0.000000
0.111193
0.071945
0.000078
0.001349
0.000134
0.001369
0.000709
0.150276
0.010018
0.155226
0.011114
0.148401
0.003235
0.039787
0.008086
0.169163
0.061108
0.032255
0.000208
0.104798
0.000013
0.000026
0.027918
0.000000
0.000000
0.164516
0.005316
0.095770
0.000068
0.023295
0.000295
0.049021
0.001462
0.109593
0.007741
0.105590
0.010830
0.099683
0.000460
0.008565
0.002739
0.006719
0.000968
0.017317
0.000218
0.012789
0.001355
0.115541
0.003751
0.030158
0.000649
0.072736
0.003565
0.092078
0.029824
0.030632
0.069341
0.012664
