0.000000
0.111550
0.071833
0.000210
0.001232
0.000310
0.001245
0.000925
0.150130
0.010036
0.155151
0.011082
0.148302
0.003526
0.039728
0.007981
0.152389
0.000235
0.016479
0.061294
0.032199
0.000530
0.104749
0.027875
0.164442
0.005490
0.095654
0.000247
0.023180
0.000165
0.048909
0.001520
0.109467
0.008053
0.105388
0.010746
0.099678
0.000547
0.008565
0.002729
0.006747
0.000908
0.017349
0.000235
0.012818
0.001597
0.115541
0.003675
0.030087
0.000715
0.072670
0.003706
0.036058
0.000036
0.055899
0.029506
0.030871
0.067712
0.000000
0.001354
0.012872
