0.099026
0.043771
0.137271
0.017097
0.051414
0.007158
0.117037
0.071001
0.003640
0.001468
0.004106
0.001357
0.004731
0.001119
0.004358
0.000896
0.004628
0.083514
0.120079
0.059740
0.066233
0.012169
0.189341
0.020750
0.048047
0.066648
0.085812
0.027060
0.084973
0.043214
0.042350
0.069042
0.252809
0.000662
0.002326
0.000633
0.002420
0.000606
0.002508
0.000582
0.002587
0.000561
0.002656
0.000543
0.002713
0.000527
0.002757
0.000515
0.002789
0.000505
0.002807
0.000497
0.002810
0.000491
0.002806
0.000488
0.002796
0.000487
0.002773
0.000487
0.208324
0.000953
0.002716
0.000890
0.002917
0.000833
0.162500
0.002723
0.000000
0.003315
0.199101
0.000638
0.001749
0.000638
0.142132
0.022828
0.067377
0.044105
0.060905
0.024633
0.083454
0.006216
0.000885
