0.099028
0.043770
0.137277
0.017100
0.051432
0.007161
0.116986
0.071454
0.005852
0.002162
0.006991
0.001854
0.008589
0.083909
0.120081
0.059743
0.066222
0.012173
0.189355
0.020746
0.048046
0.066649
0.085801
0.027062
0.084979
0.043207
0.042357
0.069041
0.253454
0.001016
0.003697
0.000948
0.003912
0.000891
0.004094
0.000845
0.004233
0.000809
0.004324
0.000783
0.004368
0.000766
0.004367
0.000758
0.002208
0.000000
0.002123
0.000758
0.209122
0.000955
0.002719
0.000889
0.002915
0.000833
0.162469
0.006039
0.199994
0.001272
0.143023
0.022825
0.067383
0.044101
0.060911
0.024632
0.083460
0.006215
0.000885
