0.000000
0.112420
0.049177
0.002845
0.000787
0.000000
0.002863
0.003502
0.100090
0.000841
0.041503
0.002356
0.034376
0.006686
0.101870
0.001411
0.046260
0.005356
0.027250
0.003974
0.180359
0.002074
0.142107
0.000257
0.005627
0.068885
0.137204
0.000007
0.002550
0.000007
0.000024
0.026600
0.059500
0.000296
0.119047
0.003999
0.230301
0.000123
0.014299
0.006288
0.124792
0.006325
0.096559
0.000005
0.001104
0.000005
0.000914
0.000005
0.003692
0.000006
0.014267
0.004035
0.018497
0.002519
0.116811
0.000184
0.021317
0.000453
0.003044
0.000588
0.085258
0.003089
0.116562
0.003754
0.093814
0.000028
0.004254
0.000023
0.101515
0.001192
0.140316
0.001784
0.050607
0.028938
0.032921
0.070161
0.011563
