0.000000
0.008221
0.129908
0.011098
0.120271
0.028513
0.447625
0.019421
0.260912
0.025494
0.031511
0.105644
0.659562
0.000953
0.505269
0.000103
0.066748
0.000063
0.205824
0.000055
0.214070
0.000355
0.374457
0.000024
0.069703
0.000104
0.450080
0.000069
0.199847
0.000098
0.218787
0.000081
0.194437
0.000140
0.203581
0.000093
0.161905
0.000047
0.049815
0.000059
88.672616
0.000007
3.593333
0.000010
6.341170
0.000010
0.404094
0.000000
20.204704
0.000001
3.473795
0.000002
0.466485
0.000008
0.170283
0.000009
0.508681
0.000008
0.195979
0.000008
0.219289
0.000012
0.468410
0.000015
0.447064
0.000021
0.452108
0.000019
0.451085
0.000023
0.451092
0.000019
0.458747
0.000015
0.206169
0.000006
0.078009
