0.000000
0.008253
0.129645
0.011184
0.120175
0.028546
0.447723
0.019400
0.260845
0.025491
0.031538
0.105659
0.659389
0.000956
0.505242
0.000093
0.066717
0.000063
0.205795
0.000064
0.214048
0.000351
0.374504
0.000022
0.069748
0.000104
0.450126
0.000070
0.199902
0.000098
0.218829
0.000084
0.194471
0.000142
0.203592
0.000109
0.161908
0.000067
0.049814
0.000048
88.672621
0.000002
3.593339
0.000008
6.341178
0.000010
0.213936
0.000015
0.190165
0.000020
0.194204
0.000015
0.201972
0.000015
5.437639
0.000000
14.370902
0.000001
3.473803
0.000001
0.466493
0.000009
0.170291
0.000007
0.508688
0.000010
0.195985
0.000007
0.219295
0.000011
0.468415
0.000018
0.447068
0.000020
0.452113
0.000020
0.451088
0.000021
0.451094
0.000017
0.458750
0.000013
0.206169
0.000006
0.078009
