1.120799545708329070e+01
7.914854563714642666e+01
2.881744607520726476e+01
2.135083228408541345e+02
5.356972090286835630e+00
1.460049914820775641e+01
5.111333614440429329e+00
3.041227573707548686e+02
4.908500056382636423e+00
2.990769922232844920e+02
8.443298965466716766e+00
2.705138499656279123e+02
9.631475633876400266e+00
2.680207858059908332e+01
5.271974265940115423e+00
2.178865941778829551e+01
1.000000000000000021e-03
2.203075563354150006e+02
6.978749960005409259e-01
2.001034122783239297e+02
7.935528378241842873e+00
1.848141767529170920e+02
1.113960423980705805e+01
1.684660321529248677e+02
1.729609675350324505e+00
1.851150686696576031e+02
1.036422285125390097e+01
