3.673616957247579506e+01
4.814693885602578938e+00
3.112569103206947929e+01
9.447303242195690132e+01
1.075851922502620397e+02
6.454600060312291276e+00
1.602000703366837513e+02
3.429626074533668145e+01
2.726153894008879419e+01
1.027090706924232677e+02
2.231022381485985591e+02
3.867977599211463513e+01
2.289397947451618975e+01
9.780405031220441003e+01
3.935943619744828226e+01
2.185582940572569299e+01
0.000000000000000000e+00
1.000000000000000021e-03
1.575364060955274397e+02
2.431128118301467822e+01
5.026167624320689242e+01
9.504752960266711170e+01
2.985591298882951961e+01
2.040941543005341074e+01
3.744371728934762444e+00
