7.609779807893308146e+01
1.025361531565874031e+02
8.145369741495866833e+01
1.144826248658614887e+01
3.805618307658719459e+02
4.248513910848616959e+00
2.727290691813994954e+02
1.566117751077002929e+01
2.712458999026653714e+02
3.957253088623435389e+01
4.641408916926683048e+01
4.152958339043162539e+01
4.989932814395894667e+01
1.635282995516149640e+01
1.559211504630639809e+02
1.000000000000000021e-03
2.538251286608019086e+01
8.492074934208877934e+00
3.947300265074205186e+02
2.002423184008856438e+01
5.439782642724509998e+01
8.281938128936259602e+01
1.542634372854468161e+01
3.124466640538535245e+01
5.095353557801325906e+01
1.365797655597821070e+01
