8.898378604428934580e+01
9.233290374142563905e+01
6.968556863847501859e+01
6.220692496768527313e+00
2.941148353488929246e+01
1.069236824184433488e+01
3.651852277877972028e+02
3.756813989058460646e+00
2.766900324560940021e+02
2.152596213596117991e+01
8.419669223227748489e+01
1.000000000000000021e-03
2.525900766968325115e+02
8.433117729065783053e+00
1.463458822278578850e+02
1.066892192950827223e+01
1.630341867902380386e+02
5.405512614826412765e+00
3.140282694704503115e+02
8.686395353873193059e+00
3.245369471002030082e+02
6.630021578350114630e+00
4.151544079352225367e+02
5.668674670582976916e+00
1.304743767447363609e+02
1.121639498283293790e+01
1.221897428917364152e+02
7.993286473232106282e+00
1.247251673580453790e+01
