3.672399912475795247e+01
4.833817603590463641e+00
3.111339962364306189e+01
9.443927104853348453e+01
1.075672847195726689e+02
6.421482194849352787e+00
1.604157446878420785e+02
3.429779639984008810e+01
2.726289855590778188e+01
1.026561170356134198e+02
2.231106135797986951e+02
3.868712669541310589e+01
0.000000000000000000e+00
1.000000000000000021e-03
2.289593412989525234e+01
9.779689775556570908e+01
3.937445351599404120e+01
2.185008572813698535e+01
1.575423101182959726e+02
2.431543209857295551e+01
5.024945394550339728e+01
9.505110437786723310e+01
2.986597569144191411e+01
2.040102552210298015e+01
3.744371728935707910e+00
