1.792454521311868021e+01
4.922488644812591474e+01
7.550887823013864875e+01
3.450144003566346385e+01
7.218036201142487585e+01
3.901963205692864278e+01
3.342922632678161676e+01
1.352724426877537667e+02
1.117056689248841650e+01
3.858669680678140423e+01
1.822657749592693790e+02
1.534987577190923957e+02
7.718084401911275982e+00
0.000000000000000000e+00
1.000000000000000021e-03
6.285640965068069619e+01
9.679615760053304996e+01
1.808352450917305276e+01
3.649025149977073568e+01
9.563039502352931320e-01
