1.406420965429411396e+01
6.704706914325721812e+01
3.692424811517732763e+01
2.033690226507308978e+02
6.841672691129055295e+00
3.837621379218088009e+02
1.000000000000000021e-03
2.352090522746570400e+02
2.000973891375762292e+01
2.966309285568984251e+02
4.606445322765805983e+00
5.096955579280709685e+02
1.687929948323256157e+00
1.803014761516674866e+02
1.037956922576795371e+01
3.398001688846371735e+02
6.949023818115620088e+00
3.808685443265547406e+02
1.120937431277203356e+00
4.271868498049685741e+02
7.922609269122554920e+00
1.072156417849159453e+02
1.072036347726948158e+01
3.171036932802253432e+02
2.163421547233838638e+01
5.078799661028133983e+01
5.285548261565467243e+01
4.306540696071692054e+01
2.962641266007473106e+01
2.937328848812369415e+02
2.820524929587135787e+01
4.659150805595378131e+01
4.251713618629043623e+01
5.515188095761860154e+01
1.734820953764927864e+01
2.842219003452825632e+02
1.417207798876825642e+01
6.866269189193857869e+01
2.486873439939729735e+01
6.451696394305598403e+01
2.047300780074088067e+01
8.297711953407316798e+01
9.615444393599366535e+00
1.078328161233336715e+02
2.223017086354924565e+00
5.915053895931758898e-01
