1.708161831536423563e+02
8.247290890593800938e+00
1.240208764205424927e+02
1.038270015959927228e+01
2.854350671829396902e+01
2.264307296434222749e+01
1.299619209223268790e+01
1.849161747538045120e+01
5.826509800817150335e+02
9.644282729699005685e+00
2.532707185236241685e+02
1.010871866059577329e+01
2.792788282215547042e+02
4.495965010935508488e+00
4.372773245401317581e+02
9.023243352959928743e+00
3.207143895016286592e+02
2.033584384123271249e+00
2.445688125945812885e+02
4.716294390660193514e+00
2.605577284514105258e+02
8.500011335851825223e+00
3.082805721963414314e+01
1.542387022038356470e+01
2.051623835918472594e+01
8.672813265851411302e+01
1.838909699527588870e+01
3.199868906072123664e+01
2.773391815945159351e+02
2.741431773340374534e+01
3.606418370213657454e+01
4.081777464663875321e+01
3.648419970887059094e+01
2.025866088005411214e+01
2.839781204129977823e+02
2.307252700998591166e+01
4.094584808521549490e+01
7.530204856308992056e+00
1.583210726056775286e+01
3.530030647669386923e+01
5.021494468618907092e+01
2.280382178660027037e+01
5.901878036948407669e+01
3.852584482104246977e+00
1.208294487299515652e+01
1.000000000000000021e-03
1.071506432133532627e+01
3.552752437338964064e+00
8.103698690658058013e+01
