1.533971601748595504e+01
6.122425728447087323e+01
4.086016096692007693e+01
2.027997347539647137e+02
4.001892552394959779e+00
2.457026297923074765e+02
1.463286000100768591e+00
3.719198347090402308e+02
2.168691398562259565e+01
3.059558354438082688e+02
4.317553938588647888e+00
4.465367234949100066e+02
1.651645115904483152e+00
2.432680076348828493e+02
8.744803446977121197e+00
3.342714424099002599e+02
5.011753942823031771e+00
2.825834654596121709e+02
1.011812124304721561e+00
2.810855728256418047e+02
1.000000000000000021e-03
3.045093705611118935e+02
6.630898820937277449e+00
1.144113797734201938e+02
9.850148847397621310e+00
3.746431542552550127e+02
1.336876290461899686e+01
1.009053936660868942e+02
1.430187070487375856e+01
3.441273533031538818e+02
1.879851286198505278e+01
8.074020576599512822e+01
2.505120966106834857e+01
9.085826245734529039e+01
1.132302027907956266e+01
3.562245766816006949e+02
2.360443464942229230e+00
1.220918476987795032e+02
1.375587788352290675e+00
5.915053914813957192e+01
