1.121201791353280086e+01
7.093844494129683653e+01
3.985914915825889437e+01
2.255811675172844559e+02
5.455258483541472359e+00
1.861267023539169259e+02
1.708674431285056139e+00
4.101179210651708331e+02
2.040996889722825713e+01
3.055616556016388472e+02
6.085005417391315063e+00
4.440866909663978390e+02
2.206768281372850637e+00
2.421397740102162857e+02
8.652170331728225250e+00
3.368313541051942366e+02
6.036012617918944834e+00
4.015684879698086434e+02
1.000000000000000021e-03
4.350325286339592594e+02
6.725839532060900794e+00
1.059267806382910067e+02
9.061493455124969287e+00
3.016431207701185144e+02
1.885179761315567148e+01
5.533632475525791961e+01
5.026682915738818735e+01
4.557333292849597939e+01
3.097262289182571848e+01
3.037434409182436070e+02
2.766312531837318645e+01
5.418044498470425907e+01
3.783847535512926896e+01
6.658600675974207661e+01
1.525890172950929902e+01
3.133961236167004358e+02
6.498932408927343474e+00
1.028161821587455478e+02
6.837334550482297324e+00
1.087280042177371229e+02
2.354305755077604978e+00
5.915053914568477467e+01
