1.356670634953005994e+01
6.204650096168446538e+01
4.756997399409972616e+01
5.892509423764490606e+01
1.000000000000000021e-03
4.321173577427293253e+02
5.511206890675770964e+00
3.338739808783877265e+02
1.425226168266638993e+01
2.932484548445696078e+02
1.760737445652101130e+01
1.277661482324611484e+02
5.908895079051871058e+00
2.729942391219053661e+02
9.975065628018279895e+00
4.435584609459456829e+02
1.497738271400337062e+01
8.383825073759325619e+01
3.305393151767547977e+01
8.936799214485996856e+01
1.001565730771332419e+01
