1.792454507464007563e+01
4.922488574395710970e+01
7.550887975991568624e+01
3.450144077937763143e+01
7.218035814643478432e+01
3.901963481678084378e+01
3.342922522570115262e+01
1.352724469773804685e+02
1.117056614944780080e+01
3.858669771058682585e+01
1.822657756565403986e+02
1.534987515735726333e+02
7.718084712424136740e+00
0.000000000000000000e+00
1.000000000000000021e-03
6.285641291975115763e+01
9.679615771227392429e+01
1.808352440498921965e+01
3.649025184633692476e+01
9.563039502367507438e-01
