7.594221568043724346e+01
1.025958358252411671e+02
7.839160321386130192e+01
3.670622524441214729e+00
4.339897905432093417e+00
7.841221466395489337e+00
3.775938718552334308e+02
2.025633578625496423e+00
5.483396241359813850e+00
2.167720278664365896e+00
2.629099083296028994e+02
7.175387220594120485e+00
4.619404212990843916e+00
4.220814968675249190e+00
6.351456999639434997e+00
2.994836179925531194e+00
9.061488040964231772e+00
2.070589075713607841e+00
7.674879005240491381e+00
1.000000000000000021e-03
2.481544211694425712e+02
3.846912368854105324e+01
4.698461097655847141e+01
4.106845216915147034e+01
5.076560710286784683e+01
1.773341262737481117e+01
1.479765990265278219e+02
1.813176845100465506e+00
8.773406548442913788e+00
1.739307847136091878e+00
9.006369328625689619e+00
1.710006011005230198e+00
9.401785266910069438e+00
1.796507459749992819e+00
1.014985008273164446e+01
2.022104270854698793e+00
1.009309904109396427e+01
2.510669277738994065e+00
1.018552785588785099e+02
1.279842032367687565e+00
2.657879953664902359e+02
1.233895143159112173e+01
8.287854625377933715e+00
4.304203306433836751e+00
1.355832208877719403e+01
3.192331028442651153e+00
1.838164857048472811e+01
3.304770917482119152e+00
1.806260790614220113e+01
8.472326363775599134e+01
1.739177386000480396e+01
2.707825502336652335e+01
4.900416789134594353e+01
1.284637816555666667e+01
