2.377053658866938335e+01
2.925255247496912858e+01
7.254097308708244896e+01
1.585611337613205478e+02
2.182018344172809154e+00
1.403823038573904114e+02
1.364279953999778172e+01
7.788340880441550951e+01
1.899110472676810346e+01
3.027528592728647254e+02
7.970817577946036181e+01
3.521014002794562003e+01
2.495628484280162596e+01
7.945738894614834180e+01
2.856809124218446527e+01
4.483116500580359798e+01
1.137971882540719264e+02
2.366330446978237845e+01
1.792545489595568142e+01
2.689470139454049900e+02
1.589628299004568568e+01
3.182106699831113872e+01
5.604037216869979687e+01
1.085885847154921535e+01
1.000000000000000021e-03
1.085885847154921535e+01
3.965447010771059411e+01
7.851464660417306618e+01
6.159913088545811100e+00
3.339707166281104200e+00
