3.662555778193117106e+01
1.000000000000000021e-03
3.812047850772427893e+01
1.015582669042323687e+02
1.048339436073374600e+02
9.559430834018705525e+00
1.456933589193617138e+02
3.485647716440293920e+01
2.818193989386187681e+01
1.039695985514127727e+02
2.257348786502916482e+02
3.809420132501777090e+01
2.366746423145478317e+01
9.630817627802883862e+01
3.756601341960498530e+01
2.323136259985130891e+01
1.534048713418598595e+02
2.410261335467277632e+01
5.251039511040336549e+01
9.465301601298151013e+01
2.864441899228634369e+01
2.168547246689778873e+01
3.744371728934465793e+00
