1.122135635491277661e+01
7.913583382333011684e+01
2.880692780448368850e+01
2.110769842059927726e+02
3.650976087035950002e+00
9.630174705770288668e+00
3.523481664729754215e+00
1.010259903802994508e+01
3.421742319280581146e+00
2.982074860006524091e+02
2.481257955393975312e+00
7.438654250989594097e+00
2.393654059016038005e+00
2.829526691679164969e+02
1.000000000000000021e-03
5.774544268732995533e+00
4.187774918371756527e+00
1.133620918576264458e+01
4.296682674399272983e+00
2.595504054375863348e+02
4.785603781928081446e+00
7.401707269779761234e+00
3.743616724207165181e+00
9.545440786379165488e+00
2.895676510820966332e+00
1.233768159142762677e+01
2.271748293779049632e+00
1.544991599593601528e+01
1.881580796859666727e+00
2.254666456642409287e+02
5.571137858342953830e-01
2.037532609831753234e+02
8.098713478327063342e+00
1.833969132730451008e+02
1.109195875279488952e+01
1.712167472914406119e+02
1.620630152341272723e+00
1.833966870769349100e+02
1.039352366331227095e+01
