7.728083671309451574e+01
9.733743189554469666e+01
8.370049501303866180e+01
6.822897215946300165e+00
2.127143677635144172e+02
8.191083074591450242e+00
1.160090947210273384e+02
1.030493365586380961e+01
3.105979301512793427e+02
2.431369772981395982e+01
2.014718501700943705e+02
1.000000000000000021e-03
8.229131908355967084e+01
3.641734375134156210e+01
6.013990461926690045e+01
4.079463976149293813e+01
2.969375181125246286e+02
1.358376407176502809e+01
9.988858761383146145e+01
1.743432165784228616e+01
3.357574469357379598e+02
3.411502067287057827e+01
5.998756527428231067e+01
2.727579759264928327e+01
7.486908715618272936e+01
7.329330926152849202e+00
