2.383499308278234707e+01
3.033361543857836296e+00
1.025165953669360590e+02
1.483144158162828852e+01
2.233196132014768409e+02
2.316351688570748379e+01
2.393949422696865099e+02
1.758532006422979022e+00
3.622680026285154895e+02
1.245863346079213763e+01
2.646198073238227835e+02
9.049314854322696888e+00
2.764486066339035233e+02
2.504015865173033983e+00
2.028855188752990841e+02
4.031176119756951337e+00
1.972965669140094747e+02
2.049850634418466822e+00
2.669812658038964628e+02
1.939061422294368242e+01
7.218319529593514972e+01
2.074442220791562974e+01
3.508871396758511310e+02
3.844901262888604787e+00
4.012892940825572623e+02
3.961271135892147299e+00
2.569692807188814072e+02
1.000000000000000021e-03
1.265669591600460535e+02
9.799020164239550468e+00
1.008020377600552280e+02
1.095480735504441938e+01
3.630777595178007005e+02
1.148150761109045526e+01
1.022461774225449886e+02
1.578523410751780531e+01
1.021450920714980981e+02
7.683632870497074663e+00
1.000456629039216097e+02
