1.054395378983556100e+02
9.127080473030589758e+01
8.644616022882935624e+01
2.138719904801834204e+01
2.954163835875991140e+02
1.233927774345323947e+01
2.885027239598340998e+02
9.966048645893540936e+01
2.183964080921212059e+01
2.066170378685665909e+01
2.444548749801230656e+02
8.918741794243139509e+00
3.387152382704115894e+01
8.224022504963609492e+01
4.210859745819603717e+01
2.316821318567848209e+01
1.390066192652941481e+02
1.000000000000000021e-03
3.695112664014149573e+01
1.833567209579629065e+01
6.358281481499073351e+01
4.236593339877487097e+01
1.249427707182659191e+02
7.754470969271012315e+00
9.491945310725390073e+01
1.205930229884975802e+02
1.368584294991321038e+01
1.718507544602978498e+01
2.447450992068885398e+02
1.682739835130264083e+01
1.544256216248096081e+01
8.736743015082721797e+01
1.963003451422267176e-01
4.237665102770282743e+01
4.744507463983831030e+01
1.575063586481437028e+01
1.247251673580307418e+01
