1.792454520056442746e+01
4.922488655450976580e+01
7.550887781609168314e+01
3.450144238363137816e+01
7.218035683875871200e+01
3.901963482451561305e+01
3.342922565834498982e+01
1.352724450771387694e+02
1.117056530907583500e+01
3.858670101999907587e+01
1.822657761326608750e+02
1.534987593897816964e+02
7.718084422803618949e+00
0.000000000000000000e+00
1.000000000000000021e-03
6.285640920072196991e+01
9.679615543388382548e+01
1.808352495468729515e+01
3.649025237827930823e+01
9.563039502366801337e-01
