1.692953492586233040e+02
8.180506204201217102e+00
1.169948045229051559e+02
5.305968930027954222e+00
2.313425744978161802e+01
7.523118931718021152e+00
1.390545411271795118e+01
1.353056263205851373e+01
7.906203113288430728e+00
1.515578327826467486e+01
8.486485033848959247e+00
9.868662579580670169e+00
5.807611478348823084e+02
9.500972368075546015e+00
2.450214873173451053e+02
6.440480726240550347e+00
1.827084438752560658e+01
4.375341675398597197e+00
2.675056767093481085e+02
4.378415525761277571e+00
4.309596511114675081e+02
4.783910184999505155e+00
1.474090309586071790e+01
4.646311489074558487e+00
3.128028595032637327e+02
1.652516658362426671e+00
2.332501972772180352e+02
1.000000000000000021e-03
1.227632617248517022e+01
5.160027183578629995e+00
2.526557847222850910e+02
4.322663606230147337e+00
2.114916943662659676e+01
5.847839447958719461e+00
1.555101655117412207e+01
7.981257973336974842e+00
1.220078332904527052e+01
9.661021476594727986e+00
1.131579306194373657e+01
7.493988293129609701e+01
1.202306641132117626e+01
1.376985686156838007e+01
8.851362305028548150e+00
2.336810114252151038e+01
2.756703274246781916e+02
2.709142991366427466e+01
3.617875345292626577e+01
4.158565580640586745e+01
3.680501369423586056e+01
2.046030843357048568e+01
2.834634561033778937e+02
2.254971767660654791e+01
3.632868536016313499e+01
4.423657525754306263e+00
1.188974737190619102e+01
5.428424671743850460e+00
9.140814385102773443e+00
3.303416399174912499e+01
4.955676077788295686e+01
2.253208822245006360e+01
4.959015175454996438e+01
1.735849306999071251e+00
1.038357915322874092e+01
1.591008273578182752e+00
9.725769904708535307e+00
1.503233521226565728e+00
9.234153355791576701e+00
1.468961948310404386e+00
8.753733406395996397e+00
1.488379293120896119e+00
8.103698690497212453e+01
