1.113945598907303207e+02
4.874760550450736218e+01
5.015326682040304718e+02
7.066300593005903075e+00
3.422672335159047634e+02
1.454207762837082107e+01
2.630455705505403330e+02
8.347310505605463504e+00
4.140907095968557314e+02
6.122359245681425755e+00
3.522462854001126402e+02
5.647438728465931312e+00
2.184639071746609602e+02
7.290597277587524516e+00
3.711850095059078853e+02
6.126924653088903661e+00
4.144239114346017345e+02
3.195374595386239136e+00
4.586917161108760865e+02
1.035675805217126211e+00
3.991713845444820663e+02
1.927779536477189692e+00
3.682686398967090895e+02
8.407664029824848395e-01
4.805563606038675744e+02
5.672447022320880050e-01
4.326235027844278420e+02
2.956278438757973248e-01
4.297283350422771377e+02
4.947602649391895091e-01
1.550536065745498604e+02
4.678615466748266005e-01
4.773595924461665732e+02
1.661457898856451565e-01
4.136202954195766210e+02
2.385474763843179469e-01
4.429154475538998668e+02
2.210723246990970170e-01
4.226258425109204495e+02
4.480847385421209972e-01
1.454148656882224770e+02
4.082104992535899868e-01
1.138550895275884159e+03
2.185558938030349729e-01
1.545135519212028896e+02
2.020296630068215693e-01
8.708450188483959664e+02
1.004312481932567169e-01
8.441607806593534633e+02
1.000000000000000021e-03
1.121527894304569600e+04
