1.047462270633261454e+02
7.009889819622749485e+01
9.545664679947573461e+01
6.940779191173143126e+00
3.364095324241860112e+02
6.140993761837449050e+00
3.241898963911710325e+02
5.400780106205985476e+01
4.625481511700587589e+01
2.691790335396970946e+01
3.483710772620449347e+02
2.940421276090408043e+01
7.912727474887012136e+01
1.911663357481138803e+01
3.302891913901887619e+02
1.573514565135322663e+01
3.048549912232908810e+02
3.147950394235731153e+01
6.659471878242463561e+01
2.789737011905102904e+01
2.527681262654489274e+02
1.000000000000000021e-03
7.982151355751017263e+01
2.760852718696029484e+01
6.411255167284868151e+01
3.496358292650685229e+01
7.292002346131899060e+01
1.378882667395616224e+01
1.247251673580228726e+01
