7.594227833550196749e+01
1.025956129220210613e+02
7.839105637952644656e+01
3.670704228104661571e+00
4.340698560465598987e+00
7.841020735943745379e+00
3.775928175745108888e+02
2.025661980526234807e+00
5.483815260632586508e+00
2.167509241953692545e+00
2.629111226189819490e+02
7.175203631347575772e+00
4.619085075756683700e+00
4.220681017001894908e+00
6.350707011948347969e+00
2.994764011141871407e+00
9.059292826965908318e+00
2.071339066532360551e+00
7.675003860798529587e+00
1.000000000000000021e-03
2.481584581658191269e+02
3.846904402596718597e+01
4.698494261827645602e+01
4.106897449925556742e+01
5.076523023563637338e+01
1.773372582589647450e+01
1.479655321904796779e+02
1.799263735972918665e+00
8.646951951173850404e+00
1.732392238889721048e+00
9.050532063839492380e+00
1.737042906405324993e+00
9.649328852644408983e+00
1.815733070050324249e+00
1.009033660156483414e+01
2.010220701652089215e+00
1.000929242654270546e+01
2.496940382712961704e+00
1.018287142239808389e+02
1.279063749209570222e+00
2.658016946229480482e+02
1.233751997425323488e+01
8.282547755666731959e+00
4.303421051226369087e+00
1.354564515376189249e+01
3.185918424796563286e+00
1.830432210547811422e+01
3.303196881436454735e+00
1.815666293610019721e+01
8.473484393850490903e+01
1.739187502521814821e+01
2.707852389720252262e+01
4.900432463418002982e+01
1.284617715735803856e+01
