7.605000873989676791e+01
1.025554228686279572e+02
8.151283519998943916e+01
1.149567437006192350e+01
3.800549291846560891e+02
4.259237112990244434e+00
2.731674463246942537e+02
1.561829836521379278e+01
2.713208883253739145e+02
3.930754549392527508e+01
4.664810987335142300e+01
4.132418913908971092e+01
5.003111100653347165e+01
1.684389584684196706e+01
1.622234357707871766e+02
4.500270105952317579e+00
2.914401416708334480e+01
5.131324760242366168e+00
1.143075019689282641e+02
1.000000000000000021e-03
2.667175045941659732e+02
2.020704950072614281e+01
5.359415694015935117e+01
8.575331977297334163e+01
1.551400999369894862e+01
2.980489323051527961e+01
5.031610515569688857e+01
1.341538336284778055e+01
