2.383126073373705367e+01
2.921919098528172754e+01
7.244064134225445173e+01
1.587348148761645348e+02
2.151016837468854082e+00
1.404885106122395086e+02
1.362899199895979940e+01
7.789485323639024728e+01
1.900312033589601768e+01
3.027307194893509745e+02
7.966210972731396112e+01
3.545391508126164126e+01
2.507052119525915401e+01
7.969187701604900553e+01
2.879519540706144909e+01
4.501488651004073915e+01
9.962204315614971506e+01
1.064166108201410443e+00
3.610424492153649911e+00
2.158829711115580974e+00
3.916247951311316644e+00
3.356324738985144052e+00
2.864357287948260833e+00
3.784056347935218501e+00
2.434198265993744670e+00
3.986086417052199682e+00
2.433003622716449321e+00
4.116719371883823086e+00
2.729262032464749854e+00
3.696324347347326622e+00
3.270212707234189775e+00
3.098850781789435516e+00
4.143775278996301381e+00
2.527907203640778810e+00
5.006176951864157232e+00
2.657291531551585422e+02
1.560659955628658579e+01
3.203299026117267090e+01
5.093824875459636559e+01
3.139413586509801402e+00
1.599971933917730738e+00
2.934651025372182254e+00
1.424246640651636087e+00
2.254140786648584083e+00
1.417889823244848913e+00
2.765263016962839160e+00
1.655858245891810521e+00
2.861546528116936550e+00
1.696379154810615741e+00
2.855322925078595642e+00
1.676783112735288794e+00
2.776284263844329026e+00
1.547036829818279946e+00
1.988179465024983106e+00
6.146903149781873799e-01
1.169738399165544340e+00
3.333476819941202507e+01
7.866289813253129637e+01
5.990319668095496652e+00
0.000000000000000000e+00
1.000000000000000021e-03
3.339707166311457698e+00
