1.735967548142461681e+01
6.141446783052494851e+01
3.700794287555149253e+01
1.941482641866253402e+02
6.547959581685791619e+00
6.095396499916184894e+02
6.158776547735952178e+00
1.816114740129465588e+01
1.630082042892150085e+01
2.750290057265589780e+02
3.319766470042870399e+00
3.275336380580498599e+02
6.584184421162531109e-01
3.917341172587431402e+02
1.126758025712801903e+01
3.579419477924351440e+02
9.346335159228349454e+00
1.373963057908144378e+02
9.530263451615983428e+00
3.525415328806769253e+02
2.690194948478680104e+01
5.098796017918591872e+01
5.475783237443513229e+01
4.904544870040439264e+01
2.641006259841584836e+01
3.055738854705011249e+02
2.406888037403813030e+01
3.341688017348331385e+01
1.331276592126493483e+02
2.077045408162463858e+01
1.684826529877846113e+01
2.584544000954576504e+01
1.186437540569824911e+01
1.571389439738345573e+02
3.589528207698387874e+00
9.240427853834241034e+01
2.801258520981327038e+01
3.916193657773074221e+01
4.805856566735882751e+01
4.454324094836944425e+01
2.283149004752509015e+01
4.119494373616093696e+01
1.000000000000000021e-03
2.162734546148449226e+02
7.634042102423122422e+00
3.460426997034269192e+01
2.855708246908175241e+01
2.171850241993038111e+01
8.159065987203308623e+01
1.305484539138919864e+01
1.622963504997037631e+01
1.186139929133479143e+01
2.739902917877055799e+01
5.074773867359893131e+01
6.408842589705098902e+00
1.622566197749291206e+01
9.098751638058535818e+00
9.287062160004100519e+01
2.852278973025045961e+00
5.915338964255046905e-01
