1.011426374108092716e+02
3.624080786887355998e+01
5.596700116420719269e+02
7.804124587043737016e+00
2.883446187787753843e+02
9.665061682213021754e+00
2.886772150465407094e+02
1.100074135662257113e+01
4.067844528047489803e+02
6.221784981810264625e+00
3.184415156163374832e+02
5.093618684760243376e+00
2.775202869238138419e+02
4.976509384752587195e+00
3.417269704603280047e+02
4.208995136219565225e+00
2.072054411596154750e+02
1.000000000000000021e-03
1.912665610704142978e+02
2.226942523053520695e+00
1.247251644628588885e+01
