0.000000
0.011784
0.069391
0.039678
0.157593
0.000144
0.020953
0.003347
0.195492
0.001112
0.041775
0.000833
0.370720
0.004993
0.205801
0.000018
0.169065
0.004629
0.312685
0.014168
0.261346
0.000458
0.010679
0.010821
0.065547
0.000200
0.302741
0.000000
0.073839
0.000021
0.000017
0.003308
0.003078
0.000090
0.012820
0.000518
0.052081
0.000583
0.095526
0.001548
0.026250
0.000038
0.165079
0.000857
0.050980
0.001006
0.093661
0.002044
0.198050
0.000709
0.176998
0.004165
0.085710
0.000912
0.064938
0.003808
0.131454
0.001098
0.031385
0.000825
0.050399
