0.094053
0.157478
0.103120
0.160625
0.104342
0.167317
0.101349
0.157222
0.099566
0.164025
0.084654
0.129959
0.055622
0.102163
0.082619
0.127115
0.085037
0.117455
0.055115
0.102467
0.076502
0.132088
0.056576
0.056744
0.055759
0.105726
0.043589
0.044533
0.115259
0.121066
0.005675
0.004464
0.000005
0.000094
0.000007
0.000098
0.000023
0.000023
0.000074
0.000001
0.000001
0.000000
0.000000
0.112058
0.082286
0.074403
0.039752
0.089091
0.049807
0.034383
0.076410
0.104180
0.047531
0.013241
0.173957
0.074009
0.184182
0.079423
0.040066
0.066055
0.202293
0.049098
0.054690
0.088491
0.020991
