0.000000
0.109333
0.203578
0.039459
0.126678
0.002665
0.042966
0.048163
0.131866
0.000417
0.000633
0.000026
0.000567
0.000025
0.000332
0.000112
0.001439
0.028198
0.007284
0.001028
0.103322
0.000109
0.004266
0.000294
0.063972
0.009445
0.226965
0.000996
0.004189
0.003390
0.024256
0.012930
0.022538
0.000251
0.001361
0.001356
0.001677
0.000284
0.006258
0.006005
0.105881
0.001254
0.016956
0.015033
0.057828
0.001860
0.004371
0.002342
0.003197
0.002519
0.075438
0.007716
0.002842
0.000000
0.001075
0.003558
0.015958
