0.000000
0.149773
0.050218
0.013975
0.104354
0.016674
0.043680
0.000811
0.001398
0.000813
0.015281
0.007544
0.154633
0.003224
0.033689
0.002868
0.199055
0.008327
0.034703
0.005004
0.133581
0.003013
0.266913
0.000929
0.117317
0.000597
0.234571
0.003248
0.101579
0.000006
0.046456
0.009835
0.147114
0.004269
0.033785
0.000000
0.181593
0.000851
0.163453
0.002713
0.042689
0.001726
0.196229
0.006954
0.090601
0.000475
0.054472
0.013895
0.145034
0.001241
0.101300
0.001231
0.003768
0.001084
0.099391
0.002096
0.325589
0.030436
0.134094
0.053157
0.071035
0.002303
0.073993
0.034895
0.046100
0.028078
0.180319
0.002571
0.163323
0.003348
0.096937
0.005352
0.098391
0.023460
0.017362
