4.274346509941268835e+01
1.355607150394403781e+01
5.900851381066049584e+01
7.742130806709408830e+01
3.017636915162124112e+01
8.726523385085832585e-01
1.544769910784989690e+02
3.209756884736952198e+00
1.363266696970509173e+01
5.540198467669864790e+00
8.510785960507107006e+00
9.150294931326186543e+00
6.104220796803869753e+00
4.437913722888455936e+01
7.845244882611479120e+00
1.172464796377506531e+02
4.660308913039135348e+01
1.739646290477985602e+01
9.526833873838843658e+01
1.276369881526566985e+01
2.396968956021763475e+01
3.665990515485259493e+01
4.057826927015605634e+01
3.221895747414860267e+01
1.151973546795053522e+02
1.000000000000000021e-03
1.279970607550059469e+01
4.311337642613668919e+00
2.073708115696784304e+01
5.374453317359559001e+00
1.545891581376016433e+01
6.844225604824673681e+00
1.249383028407581797e+01
7.742951378602988655e+00
1.163399879836340212e+01
7.475239116749278878e+00
1.239189669917592873e+01
6.632709539735226478e+00
1.429987762422735464e+01
1.411425619390735733e+02
1.008535314584601750e+01
1.105010097625679855e+01
7.679034963451377394e+01
2.206111420959944880e+01
7.281743152456151336e+01
3.870936413435326529e+01
2.696799810337740766e+01
3.664520997034529870e+01
3.237659938705978391e+01
2.391788401286511956e+01
7.954366371714340289e+01
4.373883056974658068e+00
4.613457826142063567e+01
5.426394123943091508e+00
3.117209825537817736e+01
1.247159841780977807e+01
3.526298822944961131e+01
1.646856641246994855e+02
3.374898406527204742e+01
1.943366328594943937e+01
4.488244764792887764e+01
3.913510884084485664e+00
2.867797939346321456e+01
