1.265291946772921960e+02
1.037707793046025131e+02
1.886866590881526307e+00
3.381744412171390479e+01
2.060356518324043691e+02
1.114923683055339509e+01
1.368797807724103421e+01
1.127394352402168209e+02
3.683810601655201111e+01
1.426007673132108877e+01
1.917632541704911091e+02
1.027302747723610139e+02
1.455542207193693471e+01
1.242606908106371222e+01
2.288254728974775105e+02
1.685560775016573842e+01
2.756194851880476548e+01
1.162129480880371801e+02
1.226466631240291782e+01
3.349716636591194341e+00
2.204728865452151751e+02
9.507890255592462836e+01
4.218246991205910490e+01
5.955123692082246123e+01
1.735113133693660714e+01
5.396764640980892835e+01
1.000000000000000021e-03
1.146812486208439736e+02
6.952037750180470432e+00
1.884582771142731872e+02
2.074676525927731774e+01
9.838423764881680356e+00
2.431503083069017919e+02
3.193624406679832006e+01
6.464089300271052707e+01
2.399575170091797816e+01
1.367858438749979655e+02
3.082959251159289593e+01
4.010772950648283341e+01
5.323852615019636403e+01
5.789443758882651991e+01
1.697412395266181306e+01
1.000000000000656257e+02
