4.248686601136064667e+01
1.357019337432656059e+01
5.913794867012473588e+01
7.745544441020823001e+01
3.285432359851210293e+01
7.894004310840357919e-01
1.561514769243847809e+02
5.182743434270345340e+00
1.516092579570445764e+01
1.048225504985566126e+01
8.964229300459587435e+00
4.629792625188295574e+01
7.976524037915783794e+00
1.172806550111300936e+02
4.624292420404925963e+01
1.751566920766954993e+01
9.594448170883312343e+01
1.351959007436655824e+01
2.376133824790644056e+01
3.618194892563714404e+01
4.034795804386345708e+01
3.179143581578266620e+01
1.163610536330735670e+02
1.000000000000000021e-03
1.894249710305848566e+01
6.405551781309245740e+00
2.637345285886944879e+01
9.064968104262307591e+00
1.849952543310262243e+01
1.110736997542413818e+01
1.697112715074430866e+01
1.023607617019970384e+01
1.966012884637921587e+01
1.423685606929662413e+02
1.096870937799733703e+01
1.075396487826613168e+01
7.648423589029656000e+01
2.194203180931758013e+01
7.256568834984003047e+01
3.879988455992313590e+01
2.720203160957564492e+01
3.726615196062713409e+01
3.352400748497353788e+01
2.341173875466228793e+01
9.289816262657599566e+01
6.295114690976148175e+00
5.901772503277398130e+01
1.487384380857798227e+01
3.963522417175015988e+01
1.651190353638951080e+02
3.392201671730244783e+01
1.939861559604304730e+01
4.484496083226245844e+01
3.856226779986908326e+00
2.867797939275195418e+01
