1.524639982272178145e+02
1.120555621073197869e+02
1.000000000000000021e-03
1.076612263384052710e+02
5.032421128301417212e+01
1.335274656953913848e+02
1.173278721725208698e+02
1.962297897800662128e+01
4.592452002253669008e+01
2.407844998502385465e+02
2.153451005426622444e+01
1.609996206923931652e+02
1.612004557721372677e+01
2.175780154167906630e+02
3.867555721001020075e+00
1.702803992319349504e+02
8.677642870267018083e+00
1.426243966533336334e+02
4.521915782702600950e+01
2.245283596741166932e+01
1.002608561174373847e+02
7.924029091163960814e+00
