3.471136656197771231e+02
1.944708531370846316e+01
1.926670073127980345e+02
6.537766438856226614e+01
7.286830364895764944e+01
3.323519761680631746e+01
1.363330894099237298e+02
5.047925820069021796e+01
4.131010362647629108e+02
8.989382445049551507e+01
3.172931923435261865e+02
6.974032519620826598e+00
2.992874329004098968e+02
4.239088047915306845e+01
4.063542159845815718e+02
2.391320178222897042e+01
4.431292148641541644e+02
3.404474782859652748e+01
4.561800884178783235e+02
1.870412762766360260e+01
2.975653177070740867e+02
7.999297720827123648e+00
3.597252888816943255e+02
1.361968255511741965e+01
2.561071541706103858e+02
1.859728829178310949e+00
4.794669924041297691e+02
9.817477253595187747e+00
4.331008094901403638e+02
5.422304231556254628e+00
3.424920025637474623e+02
1.165492850371029476e+01
1.279406954544589610e+02
6.353615601082754694e+00
3.847685563299532987e+02
7.352894195945029132e+00
3.419233720972034121e+02
1.378522822514201662e+00
4.154335653848038419e+02
2.880041011484745450e+00
4.342212974377204091e+02
1.658245412283046782e+00
3.468671497552476239e+02
3.245019285960633493e+00
5.888692624018558490e+02
2.942769903487161720e+00
1.579136513140598197e+02
2.541258028281455861e+00
3.756604869079449145e+02
1.504357272791554401e+00
4.142659799306717900e+02
1.080709056975935001e+00
3.498518795021038272e+02
5.654770910135611395e-01
4.715387245653116111e+02
1.372177095135215463e+00
3.547123268154318225e+02
2.621115664933385325e+00
1.402669076951047771e+02
2.424224770687711583e+00
3.706032769250281831e+02
8.835442061413240067e-01
4.148470174753330753e+02
5.097756019762501589e-01
3.812929626398919822e+02
1.000000000000000021e-03
2.144772914849392578e+02
2.487827167055930433e-01
5.444294576181102912e+02
3.432900119612402601e-01
2.999961482643591921e+02
3.699492449608292044e-01
5.118905446747067458e+02
2.139907433124235425e-01
3.788540467788513411e+02
1.898059396164026025e-01
3.698213224155333023e+02
2.020067905581869050e-01
8.408715043667816644e+02
2.420287155164679571e-01
3.967878035100091552e+02
1.466126513371264206e-01
1.788716076210655501e+02
1.326804160733095761e-01
3.183860242196288937e+02
