0.055117
0.003851
0.111330
0.009739
0.111372
0.028526
0.445035
0.020708
0.261951
0.025209
0.030017
0.105869
168.973297
0.000023
1.321215
0.000019
11.009164
0.000027
3.223251
0.000056
0.794849
0.000000
0.556395
0.000080
0.815889
0.000057
0.544484
0.000110
0.820034
0.000092
0.546172
0.000113
0.289164
0.000048
0.540521
0.000118
0.554165
0.000166
0.550828
0.000067
0.288488
0.000111
0.535284
0.000173
0.320659
0.000077
0.524590
0.000175
0.552392
0.000166
0.575056
0.000184
0.530575
0.000118
0.304444
0.000137
0.558565
0.000176
0.552848
0.000160
0.554781
0.000121
0.310851
0.000152
0.497130
0.000109
0.078604
0.000054
0.269668
0.000114
0.539615
0.000183
0.580661
0.000100
0.550854
0.000144
0.288736
0.000043
0.573912
0.000120
0.547862
0.000096
0.600531
0.000100
0.550647
0.000055
0.858025
0.000071
3.546233
0.000008
32.096892
