0.053796
0.003953
0.112464
0.009728
0.111298
0.028436
0.444546
0.020638
0.262482
0.025321
0.030108
0.105572
168.952661
0.000032
1.327428
0.000029
15.617801
0.000047
0.809269
0.000059
0.533880
0.000064
0.828141
0.000088
0.547590
0.000056
0.273216
0.000035
0.555003
0.000106
0.565878
0.000106
0.524713
0.000045
0.286076
0.000103
0.558221
0.000117
0.306848
0.000055
0.516060
0.000120
0.571564
0.000128
0.568556
0.000129
0.521210
0.000042
0.309483
0.000129
0.555761
0.000115
0.579515
0.000105
0.515608
0.000098
0.343862
0.000110
0.458382
0.000053
0.085523
0.000124
0.294660
0.000000
0.540211
0.000118
0.580406
0.000072
0.558093
0.000085
0.620645
0.000012
0.216459
0.000062
0.592604
0.000042
0.569983
0.000047
5.015995
0.000000
32.096892
