0.000000
0.121426
0.065232
0.000050
0.001292
0.000053
0.081004
0.004630
0.092712
0.001045
0.008304
0.000000
0.097567
0.000377
0.016709
0.000098
0.001381
0.000102
0.213578
0.001722
0.179435
0.057153
0.137554
0.038467
0.144662
0.000085
0.019268
0.015717
0.059130
0.011399
0.102991
0.000014
0.099031
0.014902
0.075491
0.015978
0.130147
0.000000
0.017452
0.015451
0.105988
0.000105
0.014083
0.001118
0.013315
0.000000
0.109577
0.010173
0.171957
0.000844
0.080788
0.000069
0.098346
0.004281
0.101035
0.002300
0.089787
0.003565
0.047206
0.003269
0.039381
0.006049
0.167785
0.028339
0.031673
0.063911
0.000001
0.001230
0.000000
0.000025
0.000000
0.000025
0.000003
0.000003
0.011741
