0.106469
0.021056
0.442159
0.018494
0.228851
0.010190
0.334502
0.011936
0.080942
0.033364
179.030004
0.000385
0.546725
0.000434
0.802990
0.000418
0.534727
0.000305
0.806722
0.000290
10.547396
0.000309
0.585654
0.000240
0.787543
0.000301
0.579230
0.000364
174.563855
0.000000
181.546410
0.000241
1.326080
0.000230
3.322892
0.000134
4.651693
0.000158
5.433501
0.000221
1.967604
0.000237
1.374180
0.000349
1.356999
0.000326
0.597034
0.000247
0.416966
0.000173
0.353825
0.000305
0.595931
0.000292
0.766083
0.000311
0.287840
