0.105313
0.020094
0.442681
0.018877
0.230056
0.010038
0.334774
0.012318
0.078436
0.034127
179.032991
0.000265
0.550598
0.000360
0.795242
0.000298
0.524536
0.000240
0.818615
0.000191
10.564147
0.000286
0.560924
0.000420
0.795231
0.000514
0.561565
0.000363
108.699633
0.000302
33.772140
0.000000
11.553627
0.000361
0.501026
0.000334
0.811822
0.000244
2.908589
0.000223
0.776607
0.000321
4.561752
0.000340
1.081642
0.000404
1.086740
0.000296
1.568897
0.000272
6.463032
0.000335
0.814680
0.000309
6.158151
0.000326
4.319963
0.000221
25.124044
0.000316
2.849232
0.000280
11.225198
0.000330
95.638357
0.000283
36.184984
0.000151
1.357286
0.000293
3.321307
0.000265
4.646813
0.000143
5.413549
0.000219
1.625814
0.000307
0.340456
0.000373
1.371511
0.000505
1.027814
0.000513
0.366507
0.000473
0.563221
0.000345
0.399168
0.000291
0.384500
0.000383
0.578030
0.000231
0.773978
0.000455
0.287840
