0.050654
0.004121
0.113084
0.010063
0.111831
0.028394
0.445204
0.020538
0.262878
0.025159
0.030573
0.105193
191.692141
0.000079
0.537728
0.000047
0.577803
0.000070
0.552854
0.000057
0.846137
0.000082
0.843073
0.000084
0.532368
0.000065
0.848672
0.000074
1.992911
0.000071
39.459120
0.000045
80.083439
0.000064
1.759636
0.000053
1.064110
0.000063
0.740104
0.000024
2.522023
0.000045
1.784691
0.000038
39.641761
0.000051
1.087133
0.000063
0.500947
0.000000
0.843700
0.000062
19.263230
0.000053
0.834673
0.000052
0.538743
0.000023
0.601827
0.000022
15.239488
0.000050
3.728612
0.000044
12.225371
0.000025
43.640099
0.000047
21.840234
0.000046
1.336098
0.000049
1.282922
0.000056
0.491689
0.000043
1.285567
0.000083
12.648608
0.000042
1.573272
0.000043
2.871739
0.000050
5.704595
0.000090
1.339434
0.000046
2.612725
0.000031
36.242477
0.000055
7.836148
0.000058
1.672272
0.000049
10.697857
0.000041
1.681658
0.000049
0.033721
