0.038388
0.100604
0.081506
0.116230
0.030272
0.068843
0.111334
0.085835
0.212259
0.024986
0.266804
0.016762
0.136736
0.015268
0.192303
0.006671
0.145430
0.009387
0.175161
0.004462
0.095141
0.009636
0.254703
0.002792
0.301296
0.002982
0.299483
0.005027
0.083470
0.002105
0.187737
0.001774
0.179817
0.000000
0.218907
0.000612
0.193856
0.003001
0.073359
0.002596
0.198578
0.001128
0.202223
0.000334
0.206403
0.000695
0.183524
0.000700
0.205686
0.001415
0.198089
0.008445
0.060085
0.011273
0.182162
0.030690
0.031625
0.076783
0.010172
