0.105941
0.020201
0.441556
0.019152
0.233644
0.010157
0.333681
0.011440
0.079897
0.032356
180.111109
0.000513
0.522002
0.000370
0.542115
0.000344
0.543966
0.000424
18.739197
0.000510
0.833288
0.000523
0.861283
0.000420
0.540184
0.000465
0.593941
0.000324
0.850842
0.000467
36.366091
0.000315
40.896895
0.000325
223.013093
0.000347
3.656183
0.000432
1.348030
0.000268
1.031311
0.000353
2.115275
0.000361
0.736924
0.000353
132.149792
0.000341
24.628714
0.000305
1.546186
0.000385
33.666054
0.000292
3.679787
0.000295
21.735333
0.000301
2.199928
0.000380
1.904458
0.000000
0.793524
0.000240
4.544039
0.000342
3.105204
0.000252
8.532396
0.000284
1.593539
0.000251
1.935422
0.000330
1996.258753
