0.106004
0.020093
0.441671
0.019128
0.233781
0.010233
0.333327
0.011430
0.079816
0.032414
180.109147
0.000499
0.518168
0.000380
0.549584
0.000332
0.540917
0.000418
18.739631
0.000533
0.835619
0.000564
0.859497
0.000399
0.538237
0.000467
0.596974
0.000297
0.849503
0.000480
36.370820
0.000353
40.891454
0.000291
223.013551
0.000322
3.658464
0.000449
1.342088
0.000296
1.036097
0.000393
2.111220
0.000392
0.741725
0.000357
132.149147
0.000371
24.626425
0.000277
1.548774
0.000387
33.660815
0.000288
1.867711
0.000312
1.809071
0.000298
21.740940
0.000272
2.196898
0.000364
1.894216
0.000312
0.806983
0.000253
2.673612
0.000000
1.871528
0.000382
3.107376
0.000249
8.526291
0.000287
1.593779
0.000235
1.939431
0.000352
1996.258753
