0.065239
0.123217
0.006593
0.122236
0.043288
0.023327
0.330631
0.012636
0.317860
0.025766
0.047891
0.044975
0.477366
0.010714
0.379775
0.003590
0.379739
0.001638
0.364723
0.001937
0.169789
0.000406
0.665410
0.000329
0.351701
0.000422
0.401596
0.000315
0.355120
0.000535
0.398529
0.000516
0.382212
0.000759
0.387137
0.002768
0.122789
0.003037
0.382588
0.002624
0.124315
0.002050
0.385853
0.000464
0.394289
0.000168
0.373223
0.000127
0.411883
0.000068
0.347277
0.000051
0.437256
0.000055
0.757408
0.000039
0.755117
0.000030
0.466429
0.000000
0.276942
0.000020
38.209340
