0.108586
0.015627
0.439966
0.022890
0.245298
0.008421
0.433343
0.013485
0.260757
0.013242
0.375083
0.009816
0.118854
0.008441
0.378175
0.001530
0.395227
0.000916
0.325728
0.000478
0.410137
0.000405
0.411889
0.000580
0.409610
0.000458
0.377657
0.000338
0.376183
0.000350
0.389161
0.000521
0.117137
0.000400
0.377631
0.000265
0.413117
0.000296
0.412206
0.000191
0.684384
0.000076
0.942454
0.000073
0.428197
0.000059
0.221647
0.000055
0.430227
0.000086
0.431537
0.000032
0.214364
0.000033
0.701605
0.000025
0.688173
0.000030
0.657143
0.000030
0.663886
0.000000
33.194321
