0.000000
0.002625
0.140450
0.018199
0.095552
0.082614
0.010056
0.000000
0.001871
0.000117
0.001225
0.000240
0.018973
0.024292
0.164990
0.000162
0.214072
0.000138
0.021954
0.002649
0.041115
0.000123
0.258112
0.003267
0.209404
0.000036
0.013100
0.000300
0.197797
0.011863
0.010178
0.000030
0.250525
0.000254
0.015995
0.017767
0.028631
0.000606
0.010779
0.000033
0.172425
0.000015
0.002399
0.000022
0.000569
0.000061
0.002983
0.000031
0.001954
0.000024
0.000978
0.000032
0.146329
0.004147
0.048523
0.000207
0.054609
0.003359
0.247919
0.001542
0.023187
0.001260
0.002732
0.000628
0.048426
0.000422
0.050200
0.001207
0.003901
0.000504
0.022661
0.006033
0.016115
0.000606
0.005881
0.000307
0.097562
0.001279
0.018190
0.003210
0.108050
