0.000000
0.002581
0.140804
0.018105
0.095688
0.082571
0.011971
0.000051
0.001270
0.000175
0.019017
0.024335
0.164963
0.000223
0.214044
0.000137
0.021926
0.002636
0.041090
0.000069
0.258087
0.003284
0.209394
0.000011
0.013090
0.000318
0.197785
0.011883
0.010228
0.000000
0.250575
0.000223
0.016045
0.017855
0.028627
0.000563
0.183198
0.000021
0.002396
0.000022
0.000566
0.000060
0.002979
0.000024
0.001950
0.000015
0.000975
0.000022
0.146326
0.004221
0.048547
0.000168
0.054632
0.003467
0.247938
0.001547
0.023213
0.001199
0.002759
0.000566
0.048452
0.000412
0.050227
0.001169
0.003927
0.000466
0.022687
0.006048
0.016143
0.000564
0.005910
0.000261
0.097591
0.001248
0.018225
0.003200
0.108050
