0.000000
0.012043
0.067165
0.040960
0.193412
0.001496
0.201160
0.002856
0.060423
0.001495
0.339268
0.005976
0.188930
0.000268
0.181484
0.005181
0.036026
0.000614
0.271332
0.012804
0.265242
0.011733
0.082334
0.000893
0.345408
0.000105
0.000000
0.000000
0.021519
0.002973
0.041195
0.000429
0.109270
0.000539
0.191958
0.000048
0.025570
0.000027
0.061825
0.002534
0.075296
0.002229
0.072568
0.002158
0.075469
0.002293
0.158491
0.002141
0.135337
0.004071
0.073714
0.000903
0.060665
0.003327
0.001182
0.003424
0.111042
0.002658
0.012014
0.002174
0.015681
0.001536
0.121171
0.001831
0.001506
