0.000000
0.118325
0.173392
0.016600
0.081244
0.000602
0.162696
0.000605
0.170823
0.032507
0.139519
0.051531
0.139159
0.020107
0.099327
0.000109
0.103299
0.018100
0.170918
0.002260
0.176921
0.009079
0.092108
0.000000
0.001842
0.000002
0.001047
0.000001
0.002769
0.015347
0.164478
0.005901
0.081115
0.007597
0.116651
0.000067
0.103694
0.001275
0.107714
0.000353
0.033251
0.002263
0.149482
0.002577
0.083925
0.000402
0.119950
0.000599
0.026216
0.000026
0.057351
0.003719
0.185718
0.007111
0.046452
0.007310
0.033492
0.004221
0.113941
0.000258
0.079627
0.003118
0.108288
0.000063
0.038654
0.000035
0.043487
0.003268
0.193949
0.009130
0.059943
0.012354
0.129981
0.002312
0.048771
0.034661
0.028556
0.079731
0.009042
