0.000000
0.118336
0.173494
0.016535
0.081307
0.000453
0.162760
0.000530
0.170881
0.032513
0.139484
0.051493
0.139224
0.020085
0.099300
0.000000
0.103272
0.018118
0.170935
0.002212
0.176948
0.009100
0.097812
0.015392
0.164376
0.005918
0.081078
0.007618
0.116633
0.000057
0.103677
0.001335
0.107698
0.000288
0.033235
0.002253
0.149464
0.002614
0.083944
0.000381
0.119967
0.000597
0.083593
0.003659
0.185693
0.007128
0.046488
0.007326
0.033486
0.004235
0.113958
0.000259
0.079647
0.003117
0.108297
0.000009
0.082156
0.003210
0.193957
0.009140
0.059968
0.012371
0.130002
0.002222
0.048802
0.034544
0.028614
0.079679
0.009066
