0.067016
0.140751
0.018887
0.080562
0.051582
0.017994
0.345337
0.018528
0.325049
0.019294
0.058098
0.037516
122.777274
0.000681
51.189101
0.000736
30.433858
0.001194
1.424601
0.001159
1.173385
0.001360
0.876362
0.001009
0.588273
0.001548
0.185475
0.000811
0.403797
0.001457
0.840771
0.000973
20.708222
0.001028
2.142441
0.001068
9.893426
0.001225
0.879378
0.001112
0.652283
0.001055
0.888236
0.001092
1.320585
0.000000
0.924409
0.001086
0.900423
0.001148
0.407072
0.001233
0.897461
0.001370
0.658112
0.001207
0.910324
0.001182
71.421800
