0.000000
0.016979
0.037049
0.073605
0.198536
0.001466
0.059963
0.005233
0.062032
0.005688
0.210766
0.001995
0.291402
0.028787
0.238444
0.009781
0.047449
0.000531
0.296322
0.003321
0.071214
0.018957
0.255913
0.010759
0.151749
0.000104
0.200225
0.005659
0.037324
0.008529
0.068436
0.002030
0.003767
0.004269
0.017940
0.003562
0.279270
0.003775
0.060387
0.000618
0.006802
0.000000
0.042753
0.003664
0.045407
0.000561
0.207001
0.004295
0.102650
0.013047
0.053952
0.002661
0.047600
0.010043
0.172169
0.000052
0.000283
0.000265
0.130716
0.006007
0.038280
0.003122
0.003219
0.000141
0.013071
0.001871
0.021281
0.006682
0.058534
0.009628
0.065249
0.001430
0.029092
0.003064
0.000565
