0.000000
0.014809
0.035712
0.080734
0.199962
0.000191
0.061410
0.002459
0.063925
0.003573
0.211169
0.003880
0.291231
0.029345
0.239893
0.008558
0.048730
0.000637
0.297592
0.000189
0.072537
0.016333
0.258778
0.010430
0.061479
0.000683
0.293537
0.000000
0.039138
0.005756
0.073678
0.000758
0.240667
0.000645
0.059235
0.005832
0.111138
0.000740
0.046221
0.000520
0.207780
0.010568
0.105111
0.016909
0.054963
0.000344
0.048839
0.009321
0.224333
0.000239
0.076820
0.002861
0.073856
0.005495
0.057589
0.003379
0.064779
0.001690
0.028448
0.001747
0.000565
