0.000000
0.017178
0.037391
0.072443
0.198278
0.001979
0.059698
0.005825
0.061597
0.006058
0.210864
0.001452
0.211594
0.000028
0.080070
0.028298
0.238136
0.010361
0.046977
0.000718
0.295863
0.004029
0.045616
0.000457
0.024719
0.019390
0.255630
0.010715
0.151557
0.000114
0.200038
0.006335
0.036922
0.009399
0.021292
0.000278
0.046733
0.002571
0.003471
0.004831
0.017625
0.004125
0.278976
0.003446
0.059953
0.001198
0.006372
0.000540
0.042326
0.003877
0.044975
0.001113
0.206566
0.002589
0.045816
0.000164
0.055831
0.011870
0.053595
0.002692
0.022163
0.000039
0.024939
0.010200
0.303593
0.006003
0.038384
0.003511
0.003297
0.000549
0.013147
0.002352
0.021346
0.007297
0.034431
0.000000
0.024102
0.010811
0.006423
0.000189
0.058907
0.001473
0.029158
0.003390
0.000565
