0.079323
0.138888
0.128732
0.137946
0.081082
0.213666
0.084057
0.128846
0.073162
0.105229
0.052842
0.108000
0.080621
0.187546
0.065914
0.077305
0.050030
0.108236
0.142439
0.100690
0.033411
0.063013
0.069844
0.069845
0.021506
0.151393
0.121189
0.060477
0.001387
0.191155
0.000151
0.000151
0.000174
0.000174
0.000339
0.000244
0.000244
0.000221
0.000221
0.000183
0.000183
0.000167
0.000167
0.000148
0.000148
0.000053
0.000053
0.000046
0.000046
0.000022
0.000022
0.000013
0.000013
0.000006
0.000006
0.000000
0.000000
0.072540
0.051812
0.108342
0.021963
0.050616
0.060498
0.012663
0.136258
0.028072
0.215182
0.021589
0.085819
0.043467
0.039479
0.087059
0.031125
0.069348
2.120567
0.015466
0.184062
0.042564
0.028462
