0.079322
0.138884
0.128729
0.137949
0.081075
0.213671
0.084054
0.128850
0.073166
0.105218
0.052835
0.108019
0.080611
0.187548
0.065910
0.077303
0.050028
0.108252
0.142434
0.100678
0.033415
0.063019
0.069837
0.069833
0.021492
0.151442
0.121166
0.059936
0.001406
0.191174
0.000169
0.000169
0.000193
0.000193
0.000358
0.000263
0.000263
0.000240
0.000240
0.000202
0.000202
0.000186
0.000186
0.000166
0.000166
0.000071
0.000071
0.000065
0.000065
0.000041
0.000041
0.000031
0.000031
0.000024
0.000024
0.000019
0.000019
0.000000
0.000000
0.072559
0.051786
0.108391
0.021979
0.050507
0.060549
0.012589
0.136257
0.028148
0.215185
0.021560
0.085814
0.043451
0.039497
0.087045
0.031127
0.069325
2.120574
0.015479
0.184044
0.042555
0.028472
