0.071807
0.188031
0.085343
0.158813
0.062005
0.038416
0.055551
0.118373
0.107720
0.143159
0.090266
0.110454
0.055173
0.088493
0.083764
0.226820
0.119312
0.112717
0.058069
0.072807
0.085542
0.150074
0.000263
0.000071
0.000000
0.000060
0.000001
0.000075
0.000001
0.000047
0.000002
0.000095
0.000003
0.000079
0.000005
0.000046
0.000007
0.000108
0.000010
0.000065
0.000014
0.000074
0.000019
0.001602
0.000079
0.001076
0.014089
0.083540
0.027222
0.077934
0.018446
0.111232
0.050374
0.167969
0.030552
0.091405
0.027838
0.042708
0.070778
0.010702
0.133785
0.000000
0.064259
