0.071794
0.188066
0.085353
0.158790
0.061992
0.038420
0.055547
0.118368
0.107725
0.143166
0.090269
0.110457
0.055177
0.088490
0.083767
0.226752
0.119357
0.112665
0.058065
0.072957
0.085544
0.150076
0.000000
0.000000
0.000000
0.000000
0.000001
0.000001
0.000264
0.000073
0.000002
0.000061
0.000002
0.000077
0.000003
0.000048
0.000004
0.000097
0.000005
0.000081
0.000006
0.000048
0.000008
0.000001
0.000001
0.000001
0.000001
0.000000
0.000000
0.000000
0.000000
0.000109
0.000011
0.000066
0.000015
0.000076
0.000020
0.001603
0.000080
0.001078
0.014091
0.083541
0.026812
0.079106
0.018281
0.110566
0.050745
0.167792
0.030539
0.091188
0.027952
0.042374
0.071321
0.010917
0.133535
0.000000
0.064010
