0.000000
0.027814
0.073863
0.025023
0.089061
0.043154
0.039108
0.078388
0.000000
0.000000
0.000001
0.000001
0.000001
0.000001
0.000031
0.000001
0.000001
0.000000
0.000000
0.000000
0.000000
0.000000
0.000000
0.000000
0.000000
0.000000
0.000000
0.000101
0.000002
0.000012
0.000002
0.000013
0.000002
0.000014
0.000002
0.000015
0.000003
0.000017
0.000003
0.000019
0.000003
0.000020
0.000003
0.000022
0.000003
0.000024
0.000004
0.000002
0.000002
0.000002
0.000002
0.000001
0.000001
0.000001
0.000001
0.000001
0.000001
0.000001
0.000001
0.000001
0.000001
0.000001
0.000001
0.000195
0.000008
0.000165
0.000014
0.000227
0.000022
0.000825
0.000045
0.000045
0.000066
0.000066
0.000402
0.000175
0.000175
0.000102
0.000102
0.051726
0.083897
0.032768
0.036209
0.093617
0.005189
0.040734
0.092809
