0.000000
0.016144
0.036471
0.076339
0.179298
0.000123
0.022588
0.000014
0.001414
0.002262
0.094309
0.004519
0.006508
0.000000
0.023665
0.000889
0.203383
0.002171
0.240514
0.000144
0.021867
0.000043
0.036827
0.030108
0.235578
0.008430
0.021978
0.000089
0.034099
0.001654
0.308175
0.000180
0.057265
0.015457
0.258663
0.010578
0.068149
0.000793
0.302316
0.000131
0.018842
0.005701
0.081798
0.001569
0.032369
0.000104
0.005999
0.000154
0.034126
0.001107
0.204627
0.004406
0.122948
0.000234
0.037784
0.002092
0.181559
0.004185
0.111538
0.002199
0.054856
0.000071
0.005965
0.004900
0.112088
0.006384
0.006785
0.000974
0.081001
0.003305
0.028728
0.000043
0.018533
0.001192
0.030434
0.001305
0.004386
