0.000000
0.015950
0.036519
0.076929
0.179187
0.000000
0.023892
0.002110
0.094172
0.004328
0.030104
0.000788
0.033858
0.000297
0.169380
0.002578
0.299075
0.030256
0.235655
0.008281
0.056352
0.001601
0.365713
0.015464
0.258793
0.010521
0.068265
0.000771
0.321336
0.005531
0.081856
0.001420
0.072638
0.001108
0.204677
0.004507
0.122986
0.000098
0.037823
0.002035
0.181584
0.004502
0.111482
0.002593
0.060813
0.004596
0.112073
0.006065
0.006811
0.000697
0.081026
0.003145
0.047291
0.000999
0.030455
0.001395
0.004386
