0.000000
0.016176
0.036486
0.076211
0.179303
0.000092
0.022592
0.000055
0.001419
0.002301
0.094315
0.004559
0.006507
0.000048
0.023665
0.000854
0.203389
0.002096
0.240512
0.000146
0.021864
0.000102
0.003608
0.000039
0.001302
0.000000
0.031911
0.030075
0.235571
0.008440
0.021952
0.000122
0.034073
0.001622
0.308154
0.000232
0.007852
0.000014
0.049386
0.015466
0.258641
0.010586
0.068129
0.000776
0.302294
0.000188
0.018821
0.005742
0.081786
0.001593
0.032355
0.000161
0.005985
0.000209
0.034112
0.001080
0.204618
0.004360
0.122943
0.000249
0.037779
0.002110
0.181555
0.004111
0.111550
0.002099
0.054860
0.000113
0.005969
0.004941
0.112092
0.006449
0.006781
0.001046
0.080997
0.003336
0.028725
0.000076
0.018530
0.001213
0.030432
0.001290
0.004386
