0.000000
0.001069
0.030465
0.076006
0.089387
0.065856
0.064964
0.136713
0.093570
0.026157
0.210536
0.037324
0.126142
0.000009
0.001198
0.000008
0.000235
0.000005
0.000108
0.000003
0.000041
0.000000
0.000071
0.000003
0.006091
0.005749
0.143244
0.015666
0.232592
0.005965
0.122818
0.011476
0.189979
0.009763
0.179682
0.011161
0.133288
0.004059
0.145781
0.005378
0.098976
0.034281
0.033042
0.092622
0.029954
0.049082
0.171232
0.029990
0.046258
0.022393
0.189854
0.005600
0.174059
0.003437
0.166425
0.029242
0.035978
0.072946
0.031336
0.046123
0.169272
0.026963
0.047126
0.024978
0.148529
0.026645
0.028743
0.068621
0.009799
