0.000000
0.002044
0.067043
0.069274
0.160304
0.013189
0.123252
0.094985
0.031581
0.069587
0.121854
0.085198
0.020247
0.059623
0.025410
0.002565
0.039243
0.014207
0.164460
0.014208
0.124356
0.040838
0.059928
0.036439
0.086899
0.035713
0.494470
0.005165
0.006508
0.002763
0.007054
0.001595
0.003349
0.000652
0.002116
0.000701
0.001754
0.000045
0.000206
0.000081
0.001083
0.000422
0.001014
0.000316
0.001208
0.000237
0.000653
0.000018
0.000081
0.000000
0.001979
0.000844
0.003134
0.000639
0.005467
0.001381
0.010009
0.002005
0.020407
0.002439
0.034978
0.004599
0.037716
0.009284
0.214239
0.003604
0.115076
0.025530
0.072458
0.039616
0.070369
0.023048
0.090849
0.006803
0.000413
