0.000000
0.005122
0.098607
0.025101
0.388874
0.002386
0.023912
0.026493
0.266231
0.006866
0.414017
0.018766
0.072677
0.000780
0.158457
0.000680
0.033859
0.006059
0.038496
0.001125
0.148947
0.000090
0.009201
0.001037
0.004114
0.000516
0.005759
0.000201
0.002535
0.000084
0.041295
0.000340
0.187399
0.001229
0.075645
0.000172
0.067209
0.001507
0.044880
0.000320
0.210543
0.000679
0.040389
0.001728
0.080967
0.001148
0.069616
0.001590
0.240624
0.001776
0.058515
0.003708
0.024587
0.000056
0.045093
0.005273
0.000000
0.000000
0.072574
0.004879
0.029288
0.000300
0.003826
0.001791
0.003270
0.000738
0.040425
0.000744
0.058617
0.002765
0.085598
