0.071267
0.107419
0.010263
0.128567
0.038055
0.023622
0.329831
0.013110
0.316598
0.034975
0.033702
0.057951
0.470057
0.009480
0.392270
0.002498
0.392866
0.000752
0.604293
0.001255
2.926041
0.000382
118.670662
0.000162
0.454402
0.000043
15.808277
0.000123
220.915490
0.000576
0.794336
0.000561
1.979989
0.000161
0.974803
0.000589
0.794479
0.000745
1.181533
0.000485
0.788644
0.000349
1.607548
0.000021
0.179090
0.000000
0.391758
0.000866
0.400309
0.001100
0.393050
0.001513
0.406894
0.001509
0.390139
0.001544
0.394346
0.001718
0.395926
0.001861
0.399966
0.001890
0.400151
0.002062
0.395286
0.001486
0.392154
0.001624
0.391798
0.001489
0.397485
0.001474
0.391901
0.001199
205.059312
