0.000000
0.020710
0.033875
0.067023
0.177518
0.004710
0.049988
0.000938
0.060652
0.009689
0.415139
0.000151
0.047986
0.001197
0.068137
0.031753
0.196063
0.003138
0.031061
0.001284
0.029845
0.005435
0.207043
0.000301
0.032959
0.002664
0.142436
0.013526
0.226963
0.013136
0.007794
0.005238
0.011785
0.001153
0.000442
0.001947
0.001039
0.000000
0.009563
0.023743
0.025269
0.002508
0.001833
0.001466
0.001311
0.000914
0.009800
0.007195
0.010652
0.016360
0.048359
0.008070
0.040444
0.001828
0.026173
0.000000
0.083089
