0.082662
0.004255
0.008914
0.003505
0.125421
0.012465
0.021289
0.000000
0.013735
0.004493
0.021468
0.008567
0.008445
0.012642
0.006516
0.009186
0.007438
0.006740
0.009341
0.005094
0.279350
0.005191
0.004980
0.003863
0.006794
0.002790
0.009710
0.002003
0.015385
0.001286
0.024917
0.000731
0.016771
0.000964
0.014009
0.002012
0.009948
0.003382
0.006272
0.004661
0.339878
0.002571
0.006751
0.002806
0.398871
0.013581
0.253762
0.007110
0.011573
0.006015
0.013438
0.005291
0.014862
0.004664
0.017035
0.004273
0.089380
0.006069
0.032792
