0.000000
0.017092
0.309264
0.005606
0.214171
0.010590
0.071269
0.000000
0.000000
0.000004
0.000004
0.000007
0.000007
0.000025
0.000070
0.000009
0.000002
0.000002
0.000001
0.000001
0.000000
0.000000
0.000000
0.000000
0.000000
0.000000
0.000116
0.000011
0.000106
0.000014
0.000111
0.000016
0.000149
0.000019
0.000126
0.000022
0.000862
0.000029
0.000029
0.000040
0.000040
0.000045
0.000045
0.000049
0.000049
0.000081
0.000036
0.000036
0.000032
0.000032
0.000158
0.000055
0.000179
0.000060
0.000245
0.000067
0.000217
0.000074
0.000990
0.000090
0.000090
0.000180
0.000124
0.000124
0.000111
0.000111
0.000100
0.000100
0.000285
0.000139
0.000395
0.000158
0.001277
0.000209
0.000209
0.000248
0.001756
0.000310
0.001846
0.000429
0.005319
0.000692
0.270010
0.009123
0.102269
0.026460
0.081644
0.022462
0.000000
