0.000000
0.017094
0.309288
0.005607
0.214120
0.010590
0.071269
0.000004
0.000004
0.000006
0.000006
0.000025
0.000070
0.000009
0.000002
0.000002
0.000000
0.000000
0.000000
0.000000
0.000000
0.000000
0.000116
0.000011
0.000106
0.000013
0.000111
0.000016
0.000149
0.000019
0.000126
0.000022
0.000862
0.000028
0.000028
0.000040
0.000040
0.000044
0.000044
0.000049
0.000049
0.000081
0.000036
0.000036
0.000032
0.000032
0.000158
0.000054
0.000179
0.000060
0.000245
0.000067
0.000217
0.000073
0.000990
0.000090
0.000090
0.000180
0.000124
0.000124
0.000111
0.000111
0.000100
0.000100
0.000285
0.000139
0.000394
0.000157
0.001276
0.000209
0.000209
0.000248
0.001756
0.000310
0.001846
0.000429
0.005319
0.000692
0.270010
0.009121
0.102306
0.026448
0.081672
0.022454
0.000000
