0.000000
0.017095
0.309301
0.005608
0.214094
0.010590
0.071268
0.000004
0.000004
0.000006
0.000006
0.000025
0.000070
0.000008
0.000002
0.000002
0.000000
0.000000
0.000000
0.000000
0.000116
0.000011
0.000106
0.000013
0.000110
0.000016
0.000149
0.000019
0.000126
0.000022
0.000862
0.000028
0.000028
0.000040
0.000040
0.000044
0.000044
0.000049
0.000049
0.000081
0.000036
0.000036
0.000032
0.000032
0.000158
0.000054
0.000179
0.000060
0.000245
0.000066
0.000217
0.000073
0.000989
0.000090
0.000090
0.000180
0.000124
0.000124
0.000111
0.000111
0.000100
0.000100
0.000285
0.000139
0.000394
0.000157
0.001276
0.000208
0.000208
0.000248
0.001755
0.000310
0.001846
0.000429
0.005319
0.000692
0.270009
0.009120
0.102324
0.026442
0.081686
0.022450
0.000000
