0.054936
0.022636
0.036971
0.038459
0.520116
0.009711
0.153671
0.016454
0.324521
0.026602
0.053229
0.049627
2549.759960
0.001073
4.429508
0.000783
2.409010
0.002409
0.150593
0.002347
44.029849
0.001289
1495.446079
0.001040
1682.379839
0.000838
0.761273
0.000974
0.819615
0.001033
0.563688
0.000960
15.232159
0.001266
24.249889
0.001474
10.142204
0.000880
2.167368
0.001209
2.813740
0.001266
17.598019
0.001122
18.126670
0.001219
96.147947
0.001656
58.444093
0.001216
10.857182
0.001152
34.686796
0.001392
55.473270
0.000000
6.029703
0.001480
46.685518
0.001064
801.616261
