0.106532
0.021035
0.441701
0.018611
0.232958
0.010106
0.332607
0.011342
0.081348
0.032015
168.495882
0.000228
4.130884
0.000354
0.792078
0.000319
0.536927
0.000490
0.540799
0.000341
0.784051
0.000452
0.795707
0.000293
0.521072
0.000467
0.528022
0.000329
0.543080
0.000486
0.522917
0.000430
0.804872
0.000532
0.800605
0.000425
0.541454
0.000556
0.553379
0.000372
0.254368
0.000255
0.541955
0.000494
0.564007
0.000403
17.619303
0.000360
0.834218
0.000345
0.575309
0.000440
0.586938
0.000459
0.836456
0.000464
0.578099
0.000382
0.838778
0.000377
0.589414
0.000371
124.539349
0.000000
177.913356
