0.106761
0.020941
0.441367
0.018715
0.233424
0.010010
0.331934
0.011268
0.081772
0.031890
168.488252
0.000132
4.138121
0.000349
0.795224
0.000289
0.538477
0.000540
0.538376
0.000380
0.785922
0.000501
0.788607
0.000387
0.523780
0.000536
0.525566
0.000402
0.541228
0.000535
0.526162
0.000488
0.808034
0.000576
0.802818
0.000473
0.531461
0.000624
0.554833
0.000367
0.254645
0.000307
0.541913
0.000468
0.568682
0.000355
17.620449
0.000351
0.835343
0.000326
0.574385
0.000507
0.581220
0.000460
0.836818
0.000477
0.581276
0.000396
0.843213
0.000284
0.581798
0.000417
124.552076
0.000230
167.438844
0.000301
1.276705
0.000000
1.554249
0.000338
1.290706
0.000396
6.361377
