0.000000
0.155187
0.036328
0.002372
0.123385
0.035240
0.065335
0.031982
0.130316
0.016277
0.027052
0.007833
0.027922
0.015977
0.107312
0.000129
0.005747
0.000080
0.006787
0.000000
0.036478
0.032660
0.144905
0.019766
0.036525
0.004995
0.024921
0.000028
0.001173
0.000020
0.000406
0.000004
0.000744
0.000008
0.057486
0.004420
0.014017
0.000173
0.003033
0.000019
0.002696
0.000060
0.000006
0.000039
0.000098
0.000085
0.000229
0.000140
0.001270
0.000028
0.004134
0.000171
0.008721
0.000127
0.003697
0.047606
0.002437
0.000098
0.000159
0.000048
0.011603
