0.000000
0.155203
0.036330
0.002361
0.123391
0.035232
0.065302
0.031996
0.130296
0.016324
0.001053
0.000021
0.025978
0.007849
0.018605
0.000008
0.009301
0.016006
0.107302
0.000136
0.005737
0.000097
0.006777
0.000030
0.036468
0.032685
0.144862
0.019747
0.036533
0.004978
0.024921
0.000040
0.001173
0.000032
0.000406
0.000016
0.000744
0.000021
0.002254
0.000000
0.055231
0.004446
0.014013
0.000204
0.001128
0.000009
0.001863
0.000000
0.000037
0.000049
0.002692
0.000088
0.000002
0.000067
0.000094
0.000113
0.000226
0.000168
0.001266
0.000055
0.004131
0.000195
0.008717
0.000141
0.003694
0.047617
0.002409
0.000111
0.000131
0.000061
0.011575
