0.000000
0.155193
0.036329
0.002369
0.123387
0.035237
0.065325
0.031988
0.130309
0.016293
0.027047
0.007839
0.027918
0.015985
0.107309
0.000130
0.005744
0.000085
0.006783
0.000014
0.036475
0.032669
0.144892
0.019760
0.036528
0.004991
0.024921
0.000032
0.001174
0.000024
0.000406
0.000007
0.000744
0.000012
0.000000
0.000000
0.057486
0.004429
0.014016
0.000183
0.003032
0.000029
0.002695
0.000070
0.000004
0.000048
0.000096
0.000094
0.000228
0.000150
0.001269
0.000037
0.004133
0.000179
0.008720
0.000132
0.003696
0.047609
0.002428
0.000103
0.000151
0.000052
0.011594
