0.085451
0.006565
0.186604
0.000063
0.003682
0.000092
0.025320
0.016557
0.025260
0.000072
0.000125
0.000070
0.000262
0.000075
0.001552
0.000104
0.000330
0.000100
0.000076
0.000102
0.027919
0.019304
0.034276
0.000112
0.003004
0.000081
0.003126
0.000079
0.309433
0.002552
0.044467
0.000061
0.370366
0.002018
0.028447
0.000063
0.418135
0.005674
0.209587
0.035005
0.015141
0.071084
0.024484
0.000095
0.000356
0.000089
0.018208
0.031348
0.092868
0.000060
0.000007
0.007764
0.000000
0.000000
0.101880
0.000002
0.017085
0.000001
0.006620
0.000000
0.011149
0.000017
0.002735
0.000013
0.001120
0.000012
0.009770
0.000286
0.114051
0.000000
0.003648
