0.000000
0.007086
0.058488
0.068516
0.067827
0.178067
0.016129
0.087095
0.049978
0.000630
0.052003
0.080712
0.211755
0.027864
0.103727
0.000604
0.035226
0.002884
0.124826
0.016450
0.138272
0.018658
0.087589
0.000018
0.001709
0.000115
0.100539
0.009986
0.073332
0.000000
0.001476
0.000004
0.077822
0.008154
0.195094
0.000328
0.081219
0.009746
0.093902
0.004318
0.025693
0.000000
0.161499
0.000114
0.093469
0.003525
0.109209
0.000325
0.070426
0.008435
0.066907
0.006489
0.103240
0.000065
0.099265
0.006364
0.101061
0.000361
0.068530
0.000335
0.028447
0.004899
0.070558
0.005488
0.094925
0.020397
0.042757
0.060342
0.019043
0.098035
0.003678
