0.000000
0.005089
0.098760
0.025053
0.389164
0.002200
0.023899
0.026477
0.265707
0.006852
0.415066
0.018156
0.039586
0.000552
0.038059
0.000168
0.153741
0.000442
0.032874
0.006407
0.039735
0.001113
0.153651
0.000053
0.009540
0.000982
0.005366
0.000469
0.004341
0.000000
0.000369
0.000035
0.236624
0.001928
0.069436
0.000431
0.066776
0.002276
0.045879
0.000245
0.208829
0.000157
0.038723
0.002022
0.071172
0.000430
0.067436
0.002036
0.245703
0.001578
0.067478
0.004003
0.024573
0.000250
0.041444
0.001334
0.005460
0.003437
0.068988
0.005151
0.027693
0.000172
0.005889
0.001493
0.002677
0.000817
0.045335
0.000770
0.052777
0.002702
0.034507
