0.000000
0.005052
0.098825
0.024920
0.389217
0.001579
0.024018
0.026664
0.266403
0.006938
0.415555
0.018277
0.039664
0.000108
0.038138
0.000174
0.153817
0.000140
0.032946
0.006834
0.039811
0.000829
0.163339
0.000893
0.005452
0.000324
0.241447
0.002508
0.069577
0.000672
0.066909
0.002921
0.046034
0.000167
0.208985
0.000000
0.038881
0.002016
0.071318
0.000540
0.067584
0.002299
0.245799
0.000812
0.067575
0.003717
0.066229
0.000634
0.005589
0.002745
0.069082
0.005204
0.033766
0.001021
0.002794
0.000356
0.045450
0.000944
0.052888
0.002438
0.034507
