0.000000
0.005150
0.098690
0.025246
0.389159
0.003373
0.023663
0.026113
0.264283
0.006688
0.414085
0.017895
0.039286
0.001426
0.037757
0.000209
0.153448
0.000899
0.032590
0.005707
0.039438
0.001574
0.153351
0.000078
0.000721
0.000000
0.008470
0.000947
0.005061
0.000530
0.003115
0.000049
0.000718
0.000177
0.000020
0.000261
0.004497
0.000045
0.231663
0.000733
0.135570
0.000940
0.045455
0.000279
0.208405
0.000002
0.008207
0.000049
0.030018
0.002188
0.137804
0.001173
0.245308
0.002811
0.024748
0.000896
0.041927
0.004363
0.024081
0.001185
0.040940
0.003256
0.004939
0.005057
0.068653
0.005119
0.026213
0.000705
0.000723
0.000947
0.005504
0.002189
0.002312
0.001502
0.044973
0.000276
0.052414
0.003480
0.034507
