0.102703
0.204082
0.081709
0.191300
0.110835
0.150780
0.106021
0.180705
0.090180
0.196216
0.081809
0.196407
0.108470
0.120743
0.098895
0.089140
0.028166
0.090971
0.065906
0.087519
0.043523
0.078978
0.000002
0.000001
0.000001
0.000001
0.000001
0.000000
0.000000
0.000000
0.000000
0.000000
0.000000
0.000000
0.000000
0.112825
0.067759
0.082971
0.036102
0.089537
0.076472
0.110175
0.050460
0.012790
0.042541
0.081528
0.047592
0.089590
0.045528
0.089828
0.076686
0.113281
0.096574
0.115494
0.070434
0.104600
0.073896
0.127480
0.111327
0.111305
0.063297
0.103957
0.081153
0.105853
0.039610
0.044550
0.050769
0.098145
0.078133
0.095022
0.057390
