0.102701
0.204086
0.081707
0.191301
0.110836
0.150778
0.106021
0.180704
0.090180
0.196215
0.081812
0.196406
0.108472
0.120741
0.098894
0.089143
0.028166
0.090969
0.065906
0.087521
0.043520
0.078978
0.000002
0.000001
0.000001
0.000001
0.000001
0.000000
0.000000
0.000000
0.000000
0.000000
0.000000
0.000000
0.000000
0.000000
0.000000
0.000000
0.000000
0.000000
0.000000
0.000000
0.000000
0.000000
0.000000
0.000000
0.000000
0.000000
0.000000
0.000000
0.000000
0.112825
0.067758
0.082971
0.036103
0.089536
0.076472
0.110179
0.050463
0.012778
0.042548
0.081525
0.047592
0.089591
0.045529
0.089826
0.076685
0.113281
0.096574
0.115495
0.070434
0.104598
0.073897
0.127476
0.111327
0.111311
0.063294
0.103956
0.081155
0.105850
0.039610
0.044550
0.050768
0.098145
0.078135
0.095019
0.057389
