0.000000
0.005074
0.098821
0.025035
0.389203
0.002142
0.023918
0.026489
0.265677
0.006853
0.415209
0.018114
0.039568
0.000561
0.038042
0.000166
0.150000
0.000448
0.036521
0.006472
0.040139
0.001074
0.155245
0.000060
0.009638
0.001080
0.004310
0.000310
0.003526
0.000000
0.001206
0.000037
0.237801
0.001972
0.071391
0.000171
0.063408
0.002347
0.252776
0.000131
0.040069
0.002161
0.070919
0.000435
0.067199
0.002070
0.246142
0.001651
0.067559
0.004048
0.022736
0.000243
0.041760
0.001539
0.006811
0.003361
0.068870
0.005208
0.027385
0.000169
0.005044
0.001370
0.002540
0.000922
0.043794
0.000826
0.055366
0.002735
0.075311
