0.106609
0.020316
0.441648
0.018911
0.232285
0.010192
0.333026
0.011552
0.080590
0.033210
479.489188
0.000291
29.375846
0.000386
0.565440
0.000313
1489.157913
0.000295
459.679930
0.000404
1.350785
0.000415
0.803264
0.000232
5.238277
0.000253
4.301268
0.000351
0.567342
0.000335
6.348705
0.000246
5.016433
0.000000
4.823493
0.000402
0.500943
0.000338
0.649749
0.000236
45.979369
0.000313
90.996187
0.000339
129.970385
0.000280
1.356414
0.000285
3.308886
0.000291
5.876507
0.000372
1.366101
0.000326
2.141406
0.000206
0.973863
0.000207
10.261134
0.000329
1.330770
0.000294
1.386443
0.000372
11.019788
0.000299
2.367285
0.000310
1.325356
0.000394
9.675648
0.000265
2.662113
