0.000000
0.014690
0.066460
0.042993
0.137018
0.010216
0.185302
0.001874
0.178187
0.001327
0.181999
0.005945
0.036608
0.001662
0.011981
0.000723
0.016919
0.000239
0.006166
0.000104
0.003090
0.073558
0.181921
0.008547
0.000000
0.000000
0.009754
0.000808
0.065256
0.013642
0.043767
0.002907
0.244273
0.001443
0.051007
0.017628
0.254128
0.000319
0.033593
0.009713
0.155236
0.000544
0.221825
0.000341
0.059635
0.000228
0.081909
0.000215
0.146687
0.000274
0.050168
0.003682
0.158642
0.002756
0.066625
0.001828
0.062800
0.002267
0.082738
0.001738
0.022180
0.001393
0.000442
