0.089321
0.154539
0.102459
0.167021
0.096028
0.200720
0.109343
0.165197
0.096006
0.156996
0.099356
0.157603
0.088260
0.131797
0.065381
0.105505
0.077007
0.135078
0.082144
0.133207
0.067866
0.095520
0.058283
0.133358
0.062888
0.072241
0.052305
0.127126
0.066648
0.081044
0.030143
0.096735
0.050976
0.055885
0.056724
0.022114
0.039723
0.109331
0.063259
0.066895
0.035167
0.110617
0.072983
0.028506
0.075661
0.062992
0.023098
0.095186
0.087408
0.027889
0.054197
0.091210
0.049897
0.003210
0.138300
0.043628
0.034491
0.095772
0.139086
0.000000
0.156472
0.026898
0.506356
0.065561
0.041604
0.016080
0.159677
0.054872
0.040175
0.086158
0.841510
0.074849
0.026423
