0.000000
0.165489
0.030052
0.005825
0.109810
0.001452
0.000014
0.001339
0.000301
0.001232
0.000327
0.001449
0.038116
0.012099
0.111550
0.003430
0.001779
0.001722
0.051912
0.030993
0.074667
0.000003
0.006593
0.000006
0.044707
0.018211
0.043798
0.000897
0.005683
0.001824
0.091299
0.001625
0.001850
0.002045
0.018166
0.006294
0.037520
0.003676
0.033832
0.002173
0.002025
0.002072
0.074062
0.000256
0.047764
0.037527
0.039465
0.000452
0.001398
0.033215
0.049800
0.000937
0.119627
0.000865
0.000360
0.000000
0.017979
0.006098
0.053341
0.004696
0.000322
0.004939
0.000094
0.005270
0.001642
0.001185
0.004994
0.001336
0.024115
0.051256
0.013052
