0.000000
0.004412
0.065360
0.062055
0.163564
0.009206
0.094796
0.000164
0.003136
0.001123
0.012581
0.000830
0.000884
0.000285
0.051700
0.067437
0.035142
0.082975
0.118373
0.078668
0.019333
0.074780
0.034897
0.001953
0.010034
0.000912
0.013124
0.014706
0.156398
0.014793
0.112998
0.044022
0.063538
0.031764
0.093875
0.033566
0.502790
0.005799
0.005524
0.000000
0.000225
0.000030
0.000218
0.000109
0.000183
0.000175
0.001078
0.000310
0.000679
0.000870
0.003357
0.001193
0.196400
0.003811
0.015461
0.000856
0.098565
0.001281
0.004300
0.000269
0.007315
0.022189
0.080075
0.030066
0.097077
0.011520
0.036639
