0.000000
0.002140
0.066981
0.069061
0.160952
0.013237
0.122830
0.094932
0.031525
0.069667
0.121831
0.085679
0.019961
0.061219
0.061751
0.015572
0.165253
0.014141
0.124526
0.040870
0.059745
0.036284
0.088164
0.035203
0.493268
0.005293
0.006613
0.002687
0.004577
0.000393
0.002531
0.001514
0.003181
0.000740
0.003095
0.000805
0.001795
0.000095
0.000447
0.000156
0.001093
0.000381
0.000770
0.000031
0.000109
0.000010
0.001377
0.000670
0.002755
0.000563
0.004250
0.001159
0.003600
0.000565
0.007012
0.001653
0.011732
0.002639
0.010881
0.000000
0.019949
0.003615
0.031750
0.005025
0.023347
0.007630
0.199182
0.001226
0.011401
0.001864
0.115015
0.025128
0.072416
0.040036
0.069596
0.023491
0.090590
0.006950
0.000477
