0.000000
0.010114
0.138058
0.004799
0.001800
0.000050
0.022057
0.003396
0.226704
0.008181
0.209368
0.000620
0.061319
0.000000
0.009755
0.001709
0.040934
0.015964
0.157738
0.005354
0.088917
0.000050
0.073035
0.000353
0.009888
0.001456
0.005173
0.000009
0.005380
0.000068
0.066488
0.000124
0.006539
0.000021
0.001793
0.006243
0.056445
0.002328
0.237106
0.002627
0.150006
0.002661
0.001562
0.000082
0.000575
0.000158
0.003713
0.000092
0.001163
0.000029
0.001418
0.000114
0.047720
0.010706
0.052346
0.000097
0.005655
0.003650
0.040234
0.006151
0.073203
0.002284
0.027273
0.000000
0.082623
