0.000000
0.005828
0.132104
0.009952
0.128738
0.025437
0.459125
0.025931
0.301517
0.026746
0.041352
0.060408
119.302440
0.000103
0.447409
0.000095
0.428361
0.000091
6.165404
0.000095
0.647480
0.000119
0.673374
0.000184
0.466828
0.000197
0.461634
0.000209
0.210900
0.000002
0.227057
0.000288
0.455170
0.000272
0.446421
0.000332
0.464556
0.000281
0.441084
0.000326
0.460335
0.000291
0.449489
0.000234
0.463138
0.000276
0.718953
0.000148
0.199377
0.000199
0.501139
0.000119
0.189599
0.000190
0.714604
0.000170
0.941994
0.000159
5.942408
0.000000
1.634162
0.000080
15.153127
0.000106
0.454595
