0.000000
0.005591
0.133134
0.009747
0.129505
0.025398
0.458558
0.026040
0.301196
0.026577
0.041748
0.060216
119.302159
0.000081
0.447003
0.000107
0.427821
0.000084
6.164702
0.000147
0.177342
0.000124
0.469191
0.000202
0.488023
0.000111
0.184538
0.000288
0.465744
0.000261
0.461016
0.000373
0.438526
0.000410
0.455970
0.000386
0.447102
0.000485
0.465061
0.000349
0.442219
0.000399
0.063194
0.000000
0.397218
0.000363
0.449936
0.000254
0.462926
0.000320
0.718652
0.000163
0.199318
0.000188
0.501438
0.000109
0.189809
0.000190
0.714583
0.000175
0.941987
0.000140
0.719487
0.000108
1.892121
0.000119
0.946010
0.000145
0.726865
0.000144
0.958252
0.000136
0.699153
0.000153
0.705136
0.000168
0.929419
0.000126
15.152996
0.000083
0.454595
