0.000000
0.005731
0.132513
0.009858
0.129095
0.025404
0.458936
0.025972
0.301404
0.026695
0.041472
0.060359
119.302343
0.000108
0.447257
0.000109
0.428171
0.000087
6.165142
0.000084
0.647269
0.000126
0.673168
0.000203
0.466416
0.000229
0.461417
0.000253
0.211001
0.000009
0.227166
0.000327
0.455422
0.000324
0.446689
0.000388
0.464781
0.000316
0.441528
0.000367
0.460447
0.000320
0.449721
0.000252
0.463123
0.000297
0.718924
0.000156
0.199438
0.000204
0.501354
0.000117
0.189777
0.000194
0.714714
0.000173
0.942095
0.000159
5.243384
0.000000
0.699118
0.000114
0.705033
0.000157
0.929315
0.000110
15.153092
0.000110
0.454595
