0.000000
0.008272
0.130367
0.011022
0.119952
0.028469
0.447510
0.019479
0.260921
0.025492
0.031585
0.105490
0.410152
0.000040
0.001599
0.000008
0.202157
0.000078
0.045550
0.000906
0.367568
0.000152
0.139025
0.000287
0.066333
0.000071
0.417511
0.000387
0.373790
0.000043
0.069498
0.000117
0.356807
0.000013
0.076430
0.000075
0.215363
0.000082
0.202374
0.000069
0.210476
0.000106
0.211273
0.000062
0.203161
0.000085
0.213146
0.000041
0.204957
0.000038
0.207861
0.000016
0.233846
0.000004
0.522597
0.000009
0.197732
0.000011
0.464729
0.000006
0.263758
0.000015
0.184627
0.000029
0.177538
0.000028
112.638808
0.000001
1.187351
0.000000
0.449268
0.000003
0.450070
0.000003
0.447148
0.000003
10.388733
