0.000000
0.008303
0.130279
0.011043
0.119857
0.028486
0.447468
0.019468
0.260895
0.025486
0.031586
0.105537
0.410120
0.000044
0.000065
0.000004
0.001473
0.000004
0.202125
0.000088
0.045518
0.000905
0.367532
0.000164
0.138994
0.000297
0.066299
0.000072
0.417478
0.000389
0.373764
0.000044
0.069472
0.000118
0.356781
0.000014
0.076405
0.000076
0.215339
0.000080
0.202352
0.000068
0.210457
0.000104
0.211259
0.000062
0.203150
0.000083
0.213140
0.000042
0.204953
0.000038
0.207858
0.000017
0.233844
0.000004
0.522594
0.000009
0.197730
0.000011
0.464727
0.000006
0.263756
0.000016
0.184625
0.000028
0.177536
0.000027
110.430204
0.000003
0.649589
0.000000
1.559015
0.000000
1.187351
0.000003
0.449268
0.000003
0.450070
0.000004
0.447148
0.000004
10.388733
