0.000000
0.008308
0.130271
0.011045
0.119847
0.028487
0.447463
0.019467
0.260893
0.025485
0.031586
0.105541
0.410117
0.000044
0.000062
0.000005
0.000144
0.000000
0.001326
0.000003
0.202122
0.000090
0.045515
0.000905
0.367529
0.000166
0.138991
0.000298
0.066296
0.000072
0.417474
0.000390
0.373762
0.000044
0.069470
0.000118
0.356779
0.000014
0.076402
0.000076
0.215336
0.000080
0.202350
0.000068
0.210455
0.000104
0.211257
0.000062
0.203149
0.000083
0.213139
0.000042
0.204953
0.000038
0.207858
0.000017
0.233844
0.000004
0.522594
0.000009
0.197730
0.000010
0.464727
0.000006
0.263756
0.000015
0.184625
0.000028
0.177536
0.000027
110.430204
0.000003
0.649589
0.000003
2.746366
0.000003
0.449268
0.000003
0.450070
0.000004
0.447148
0.000004
10.388733
