0.000000
0.000425
0.013427
0.000045
0.017743
0.000278
0.053285
0.081738
0.279470
0.003309
0.240107
0.002384
0.013848
0.000118
0.000887
0.000041
0.006664
0.000945
0.017579
0.000526
0.293137
0.022904
0.015124
0.000100
0.004755
0.000026
0.239322
0.013747
0.180813
0.000582
0.014719
0.000000
0.014153
0.000173
0.201507
0.012668
0.246913
0.011871
0.000002
0.000059
0.206426
0.000390
0.036644
0.000654
0.096685
0.001627
0.025130
0.000693
0.006920
0.000540
0.032044
0.002554
0.268820
0.000004
0.029223
0.011684
0.044969
0.000124
0.064249
0.011555
0.195065
0.000049
0.001376
0.000024
0.000077
0.000008
0.000209
0.000031
0.000173
0.000055
0.006069
0.000309
0.015482
0.000484
0.000638
0.000301
0.087771
0.000000
0.000855
