0.000000
0.000427
0.013420
0.000047
0.017737
0.000279
0.053278
0.081738
0.279471
0.003305
0.240108
0.002384
0.013848
0.000120
0.000887
0.000043
0.001568
0.000001
0.005096
0.000947
0.017579
0.000524
0.293137
0.022903
0.015122
0.000102
0.004752
0.000028
0.239320
0.013744
0.180813
0.000583
0.014719
0.000002
0.014153
0.000173
0.201508
0.012663
0.246912
0.011874
0.000002
0.000061
0.206426
0.000390
0.036643
0.000656
0.096685
0.001629
0.025129
0.000695
0.001357
0.000000
0.005563
0.000542
0.032043
0.002554
0.268821
0.000005
0.029223
0.011684
0.044970
0.000125
0.064249
0.011555
0.195064
0.000050
0.001375
0.000026
0.000077
0.000009
0.000209
0.000032
0.000172
0.000056
0.006069
0.000311
0.015481
0.000481
0.000638
0.000298
0.087771
0.000000
0.000855
