0.000000
0.000377
0.031579
0.000211
0.053553
0.081709
0.279423
0.003476
0.240079
0.002410
0.013850
0.000032
0.007555
0.000851
0.017580
0.000562
0.293131
0.022936
0.015243
0.000016
0.244227
0.013848
0.180790
0.000512
0.028851
0.000153
0.201486
0.012874
0.246943
0.011767
0.206424
0.000398
0.036643
0.000586
0.096684
0.001584
0.025132
0.000609
0.006923
0.000453
0.032046
0.002539
0.298030
0.011667
0.044985
0.000000
0.064265
0.011509
0.195077
0.000024
0.001867
0.000021
0.006082
0.000265
0.015494
0.000550
0.000643
0.000376
0.087771
0.000000
0.000855
