0.048952
0.004280
0.113329
0.010147
0.112538
0.028265
0.445216
0.020349
0.262502
0.025104
0.030694
0.105703
192.796729
0.000058
29.705060
0.000036
49.200865
0.000040
33.558985
0.000000
4.474531
0.000036
9.276852
0.000046
0.727448
0.000054
1.052814
0.000041
0.726044
0.000057
2.047084
0.000039
0.491857
0.000044
1.798081
0.000042
1.804545
0.000040
8.495605
0.000037
0.538652
0.000036
1.303060
0.000058
1.069542
0.000035
16.083292
0.000043
23.139120
0.000043
1.362964
0.000043
1.123417
0.000049
1.363826
0.000068
1.119393
0.000049
0.861362
0.000048
0.518494
0.000045
0.590971
0.000047
0.785807
0.000045
0.586965
0.000058
0.555179
0.000045
0.578412
0.000033
29.090489
0.000037
77.229934
