0.000000
0.000508
0.130938
0.022747
0.180849
0.005575
0.261401
0.009363
0.264326
0.006253
0.005838
0.000013
0.292035
0.001350
0.320085
0.002079
0.280084
0.014324
0.304493
0.001822
0.023417
0.001181
0.148472
0.000000
0.002969
0.000670
0.000048
0.000132
0.000410
0.000143
0.001487
0.000526
0.002339
0.010240
0.015376
0.000022
0.055866
0.013390
0.354502
0.001286
0.013344
0.001407
0.015068
0.004497
0.013236
0.000410
0.009234
0.003130
0.376019
0.012772
0.036225
0.000757
0.065926
0.009269
0.346182
0.002212
0.008995
0.000161
0.012862
0.002703
0.013219
0.000396
0.012707
0.001797
0.106338
0.005900
0.122383
