0.000000
0.055968
0.100123
0.045765
0.381532
0.042622
0.213966
0.006048
0.228845
0.000000
0.000000
0.000000
0.000000
0.000000
0.000000
0.000001
0.000001
0.000001
0.000001
0.000002
0.000002
0.000002
0.000002
0.000003
0.000003
0.000003
0.000003
0.000003
0.000003
0.000004
0.000004
0.000004
0.000004
0.000005
0.000005
0.000006
0.000006
0.000006
0.000006
0.000007
0.000007
0.000010
0.000010
0.000019
0.000017
0.000017
0.000015
0.000015
0.000014
0.000014
0.000012
0.000012
0.000011
0.000011
0.000009
0.000009
0.000008
0.000008
0.000008
0.000008
0.000007
0.000007
0.000005
0.000005
0.000004
0.000004
0.000003
0.000003
0.000002
0.000002
0.000002
0.000002
0.000002
0.000002
0.000001
0.000001
0.000001
0.000001
0.000001
0.000001
0.000001
0.000001
0.000001
0.000001
0.000000
0.000000
0.004596
0.000021
0.758570
0.014360
0.000000
