0.000000
0.008120
0.149068
0.001454
0.017389
0.002893
0.139772
0.000382
0.001757
0.001027
0.033015
0.005108
0.164023
0.001116
0.170743
0.015892
0.116078
0.012714
0.085649
0.000634
0.036642
0.000612
0.044793
0.002798
0.000000
0.000000
0.088895
0.000705
0.009317
0.000581
0.062734
0.022054
0.206864
0.002852
0.060904
0.001599
0.049929
0.000992
0.159528
0.012985
0.261824
0.014186
0.037821
0.000740
0.036339
0.003977
0.253383
0.001559
0.058130
0.010734
0.055031
0.000787
0.041630
0.011796
0.088943
0.005428
0.001630
0.000050
0.026441
0.001371
0.025164
0.000000
0.089737
