0.000000
0.007835
0.149777
0.000979
0.018095
0.002823
0.140391
0.000159
0.002376
0.000806
0.033631
0.005416
0.164481
0.001083
0.171193
0.015650
0.116297
0.012653
0.085996
0.000553
0.036993
0.000375
0.045145
0.002459
0.000000
0.000000
0.089239
0.000494
0.009663
0.000348
0.063081
0.021854
0.206991
0.002962
0.061051
0.001283
0.050078
0.000918
0.159669
0.013251
0.138680
0.000005
0.123259
0.014163
0.038055
0.000522
0.036574
0.003937
0.253570
0.001352
0.058322
0.010519
0.055225
0.000449
0.041825
0.011638
0.088922
0.005270
0.028163
0.001521
0.025164
0.000000
0.089737
