0.000000
0.007723
0.150047
0.000789
0.000000
0.000000
0.018365
0.002797
0.140630
0.000073
0.002615
0.000721
0.033869
0.005536
0.164655
0.001074
0.171364
0.015567
0.116377
0.012634
0.086128
0.000512
0.037127
0.000283
0.045278
0.002333
0.089370
0.000406
0.009794
0.000250
0.063213
0.021775
0.207036
0.002995
0.061105
0.001166
0.050132
0.000899
0.159721
0.013375
0.138706
0.000031
0.123285
0.014171
0.038139
0.000424
0.036659
0.003913
0.253634
0.001291
0.058385
0.010456
0.055297
0.000335
0.041897
0.011600
0.088918
0.005201
0.028190
0.001569
0.025164
0.000000
0.089737
