0.124177
0.026274
0.411672
0.025819
0.271823
0.012479
0.371400
0.020344
0.040790
0.018105
0.457671
0.007100
0.377742
0.005012
0.393417
0.001839
0.344255
0.007989
0.117843
0.008131
0.377428
0.003328
0.376438
0.005115
0.123372
0.004445
0.386294
0.000955
0.386257
0.000742
0.386713
0.000629
0.385344
0.000329
0.368832
0.000249
0.368663
0.000103
0.065086
0.000167
0.391663
0.000657
0.124866
0.000667
0.370237
0.000261
0.380864
0.000127
0.575391
0.000027
0.360926
0.000087
0.365159
0.000068
0.339317
0.000077
0.378457
0.000063
0.640879
0.000029
0.329630
0.000048
0.373379
0.000056
0.371240
0.000000
0.981135
0.000032
36.558518
