0.137274
0.015062
0.403826
0.035079
0.268469
0.011479
0.370078
0.024839
0.044592
0.014693
0.436129
0.010015
0.379813
0.003256
0.753096
0.008271
0.119011
0.009896
0.365081
0.003678
0.372817
0.005115
0.130446
0.003899
0.421853
0.001169
0.366471
0.001385
0.373399
0.001502
0.370209
0.001001
0.357161
0.000580
0.333815
0.000076
0.055429
0.000043
0.484477
0.001345
0.117508
0.001673
0.359982
0.000737
0.364401
0.000362
0.597611
0.000268
0.362090
0.000368
0.359899
0.000364
0.361810
0.000313
0.363743
0.000186
0.608742
0.000167
0.368294
0.000224
0.366952
0.000201
0.369204
0.000141
0.408249
0.000046
0.186142
0.000087
0.378229
0.000108
0.369931
0.000104
0.371907
0.000064
0.615379
0.000029
0.365676
0.000044
0.366272
0.000036
1.350436
0.000000
33.085692
