0.125162
0.025795
0.411071
0.026478
0.271574
0.012565
0.370383
0.021003
0.041156
0.018088
0.455564
0.007375
0.377550
0.004997
0.390298
0.001743
0.346613
0.008391
0.117201
0.008525
0.376154
0.003454
0.375987
0.005323
0.123201
0.004609
0.387967
0.001004
0.386384
0.000791
0.384563
0.000683
0.383398
0.000387
0.371552
0.000271
0.370397
0.000087
0.063256
0.000142
0.394348
0.000691
0.124804
0.000748
0.370833
0.000295
0.372901
0.000140
0.588971
0.000066
0.358297
0.000116
0.360552
0.000116
0.354433
0.000111
0.367353
0.000082
0.615987
0.000062
0.360816
0.000090
0.369887
0.000093
0.371326
0.000059
0.362562
0.000013
0.235566
0.000028
0.371479
0.000048
0.368777
0.000045
0.355230
0.000029
1.405556
0.000000
34.436128
