0.105387
0.001458
0.072279
0.011413
0.067865
0.004277
0.014862
0.004227
0.014067
0.005386
0.012189
0.007296
0.009177
0.007289
0.443218
0.001967
0.008040
0.003161
0.006175
0.004073
0.004842
0.005028
0.267779
0.002229
0.008101
0.001770
0.010790
0.001409
0.006335
0.000000
0.006589
0.001158
0.012431
0.000870
0.007235
0.000670
0.006604
0.000894
0.009268
0.001212
0.008102
0.001341
0.245689
0.001493
0.007252
0.001554
0.007330
0.001663
0.007067
0.001789
0.006597
0.001941
0.290166
0.005551
0.006179
0.004922
0.239003
0.004322
0.203890
0.032550
0.059604
0.030400
0.280448
0.021063
0.022173
0.131594
0.034552
0.028046
0.079213
0.010553
0.110790
0.001893
0.000537
