0.000000
0.002385
0.271147
0.092165
2165.055630
0.004296
8876.919295
0.006318
263.229228
0.003400
31.529765
0.003115
27.473100
0.003978
0.534779
0.006077
12.775763
0.002945
2586.153642
0.004802
159.179892
0.000000
1193.849190
0.002838
1932.903530
0.001655
2749.016641
0.003128
48.082699
0.002981
39.489421
0.002646
84.209353
0.004471
6670.481873
0.004326
77.411684
0.002673
218.569518
0.003863
1020.042983
0.001955
166.942529
0.003656
203.282567
0.002517
2.496425
0.005046
0.725046
0.006154
29.848522
0.003060
10.065689
0.003287
41.260077
0.004331
12.633935
0.002824
1.379736
0.005640
21.486510
0.004256
1.698181
0.004089
4.955012
0.004495
41.574937
0.006091
10.620477
0.003351
14.034941
