0.000000
0.002133
0.272289
0.092940
2165.050548
0.004214
8876.922419
0.005913
263.230768
0.003314
31.533270
0.003540
27.468900
0.004297
0.532636
0.006206
12.774676
0.002752
2586.159020
0.004602
159.179246
0.002496
1193.840929
0.002658
1932.897007
0.001848
2749.020860
0.003446
48.093145
0.003762
39.480483
0.002723
84.209046
0.005158
6670.476842
0.004006
77.413314
0.002940
218.570212
0.004111
1020.041748
0.002008
166.942038
0.003775
203.288667
0.002143
2.500896
0.004678
0.722406
0.005855
3.433058
0.003748
10.029583
0.002983
16.370684
0.003105
10.069915
0.003298
41.257193
0.004555
12.626416
0.002945
0.676539
0.000000
0.703600
0.005470
21.487048
0.004364
1.698365
0.004530
4.953580
0.004623
41.576496
0.005619
10.616766
0.003089
9.897321
0.003606
4.127924
