0.075279
0.000539
0.002312
0.000347
0.009082
0.081123
0.071459
0.045200
0.191055
0.000969
0.198722
0.048817
0.079401
0.040553
0.000008
0.001663
0.000239
0.000375
0.000219
0.000922
0.000281
0.052344
0.069839
0.026992
0.180875
0.000991
0.034063
0.000484
0.016760
0.001020
0.148043
0.000359
0.019740
0.000126
0.005264
0.000448
0.105577
0.011636
0.197392
0.015300
0.000000
0.000000
0.153279
0.001026
0.036279
0.000785
0.109264
0.025390
0.108017
0.035790
0.080576
0.027085
0.075234
0.000001
0.000952
0.000001
0.012796
0.000104
0.000239
0.000075
0.002499
0.000105
0.002334
0.000072
0.001721
0.000040
0.020844
0.008126
0.079530
0.000000
0.001841
