0.075378
0.000400
0.002414
0.000202
0.009184
0.080977
0.071525
0.045325
0.191226
0.000797
0.198896
0.048947
0.079421
0.042168
0.000199
0.000335
0.000178
0.000882
0.000241
0.052304
0.069701
0.027054
0.181052
0.000947
0.034245
0.000324
0.016942
0.000894
0.148221
0.000301
0.019919
0.000029
0.005443
0.000361
0.105755
0.011625
0.197666
0.015147
0.000000
0.000000
0.153679
0.000924
0.036688
0.000611
0.109670
0.025261
0.107996
0.035660
0.080711
0.026889
0.075307
0.000002
0.001026
0.000002
0.012869
0.000139
0.000313
0.000106
0.002575
0.000102
0.002411
0.000041
0.022701
0.007973
0.079530
0.000000
0.001841
