0.117322
0.018253
0.428756
0.022190
0.261095
0.014231
0.382324
0.023890
0.040707
0.012450
0.478148
0.005387
0.381860
0.001971
0.451841
0.000824
0.251232
0.000657
0.487905
0.001168
0.434661
0.001508
0.190577
0.001686
0.172746
0.001394
0.479721
0.000409
0.443253
0.000435
0.511277
0.000172
0.170522
0.000532
0.421799
0.000323
0.504600
0.000303
0.147144
0.000389
0.504389
0.000000
0.448345
0.000214
0.399478
0.000232
0.368250
0.000082
0.340276
0.000099
0.460977
0.000122
0.148105
0.000198
0.373524
0.000102
0.355954
0.000120
0.382574
0.000083
0.606011
0.000031
0.348330
0.000064
0.370647
0.000060
0.317816
0.000064
0.109069
0.000061
0.559619
0.000025
0.368511
0.000036
0.357926
0.000028
0.348221
0.000023
38.438366
