0.106483
0.020825
0.441452
0.018856
0.231754
0.010031
0.333764
0.011434
0.081354
0.032733
343.521168
0.000412
221.561535
0.000380
162.505046
0.000210
548.058993
0.000000
325.410027
0.000242
0.307773
0.000163
2.894240
0.000214
0.788589
0.000265
0.561348
0.000367
0.552077
0.000321
3.170991
0.000340
0.530597
0.000304
0.581513
0.000289
1.039359
0.000138
0.752091
0.000226
2.187509
0.000392
4.284455
0.000441
0.560575
0.000318
0.814877
0.000302
2.905600
0.000405
0.574339
0.000322
18.871343
0.000287
1.604286
0.000287
1.771568
0.000210
0.667715
0.000202
0.544242
0.000204
4.353614
0.000289
0.547189
0.000239
0.781964
0.000417
2.350915
0.000364
0.574938
0.000313
1.430252
0.000307
2.614607
0.000220
0.597754
0.000390
2.449663
0.000388
1.308738
0.000284
1.092757
0.000283
1.187048
