0.000000
0.115126
0.054215
0.000041
0.001003
0.000075
0.000952
0.000090
0.000927
0.008148
0.009337
0.010994
0.068900
0.002300
0.090656
0.003492
0.043440
0.000283
0.009286
0.001899
0.018279
0.000099
0.137161
0.031081
0.087534
0.000084
0.001717
0.000623
0.009521
0.002876
0.012491
0.000508
0.092472
0.012535
0.018257
0.009671
0.000316
0.000579
0.112335
0.003755
0.012476
0.000258
0.000046
0.000231
0.000200
0.000000
0.000351
0.000139
0.026688
0.059235
0.000006
0.000789
0.000006
0.000006
0.000006
0.000063
0.000006
0.000060
0.000006
0.000006
0.000006
0.000006
0.000006
0.000006
0.021582
