0.077391
0.061890
0.159697
0.010258
0.000000
0.006090
0.138918
0.040210
0.169784
0.014271
0.167421
0.091183
0.019343
0.003893
0.016338
0.004766
0.013087
0.006041
0.010516
0.007000
0.251403
0.039842
0.054695
0.051704
0.044667
0.030240
0.174475
0.003489
0.009984
0.004118
0.008573
0.004677
0.285080
0.002211
0.006532
0.002004
0.183855
0.031585
0.048271
0.057490
0.055206
0.025276
0.149273
0.002284
0.181809
0.002491
0.008430
0.002601
0.358585
0.003333
0.007985
0.002828
0.009269
0.002469
0.010477
0.002273
0.101302
0.014517
0.123827
0.005401
0.002116
