0.141678
0.013549
0.507387
0.007457
0.867476
0.020308
0.188866
0.004640
0.304412
0.019247
0.508876
0.004666
0.153493
0.005383
0.318613
0.002645
0.461331
0.005896
0.419695
0.004629
0.149018
0.002533
0.591711
0.001394
0.446492
0.001531
0.461951
0.000864
0.226974
0.000367
0.395659
0.000479
0.107834
0.001266
0.456666
0.000905
0.517135
0.000197
0.219864
0.000343
0.454668
0.000328
0.183184
0.000212
0.529166
0.000306
0.491714
0.000297
0.468419
0.000176
0.157000
0.000105
0.542957
0.000056
0.494820
0.000160
0.184577
0.000109
0.359276
0.000000
4.221493
