0.016420
0.000028
0.002158
0.000143
0.001870
0.000197
0.001553
0.000323
0.001098
0.001017
0.037402
0.005039
0.114876
0.000293
0.001303
0.000051
0.216940
0.000253
0.166659
0.007483
0.223487
0.000174
0.041455
0.015556
0.082529
0.003202
0.215549
0.002007
0.033939
0.000024
0.032633
0.000230
0.263265
0.004796
0.238918
0.012173
0.263148
0.000142
0.000000
0.000000
0.005204
0.000130
0.022759
0.017222
0.062537
0.000092
0.006909
0.000045
0.001897
0.000076
0.014841
0.000393
0.046973
0.006407
0.005812
0.000029
0.039087
0.000021
0.103301
0.000000
0.040456
