0.018658
0.000110
0.001914
0.000165
0.001596
0.000293
0.001142
0.000988
0.037444
0.005100
0.114908
0.000273
0.001335
0.000033
0.216972
0.000282
0.166690
0.007452
0.223510
0.000151
0.041478
0.015608
0.082532
0.003251
0.215550
0.002002
0.033941
0.000004
0.032635
0.000220
0.263267
0.004792
0.238929
0.012192
0.263173
0.000078
0.000000
0.000000
0.005228
0.000098
0.022783
0.017240
0.062539
0.000061
0.006911
0.000014
0.001900
0.000045
0.014844
0.000367
0.046975
0.006400
0.005812
0.000025
0.039087
0.000008
0.103301
0.000000
0.040456
