0.000000
0.010478
0.049639
0.076979
0.188778
0.000872
0.040392
0.000058
0.062618
0.010224
0.377079
0.000121
0.091979
0.000706
0.038241
0.002848
0.028874
0.028474
0.233231
0.000383
0.004255
0.001000
0.014157
0.009382
0.034736
0.000069
0.313523
0.000030
0.006258
0.001027
0.030050
0.004284
0.023998
0.016721
0.248998
0.008366
0.387680
0.003094
0.041014
0.003286
0.061195
0.001861
0.307490
0.001357
0.060928
0.000041
0.250563
0.001382
0.192726
0.001919
0.174785
0.000780
0.227313
0.004931
0.024880
0.002784
0.016228
0.000000
0.075731
0.010539
0.055669
0.001518
0.067874
0.004318
0.055134
0.000067
0.092858
