0.109522
0.016875
0.437450
0.021961
0.243060
0.010328
0.332786
0.012007
0.069724
0.035043
0.482626
0.002497
0.347193
0.004827
0.125276
0.003419
0.378737
0.000874
0.477056
0.000557
109.135589
0.000029
12.020079
0.000000
0.490615
0.000107
0.434463
0.000110
0.449282
0.000140
0.191042
0.000018
0.247201
0.000177
0.445120
0.000222
0.450055
0.000240
0.446918
0.000257
0.450013
0.000251
0.451491
0.000226
0.445826
0.000194
0.450772
0.000148
0.447266
0.000107
0.448610
0.000075
2.409550
0.000015
120.508425
0.000013
12.857348
0.000040
0.449488
0.000068
0.442357
0.000060
0.465974
0.000055
0.448026
0.000057
0.697386
0.000060
0.467010
0.000044
0.485669
0.000038
14.959097
0.000055
1.692866
0.000039
0.709239
0.000058
0.953399
0.000048
0.745602
0.000053
1.641328
0.000080
0.109686
0.000044
171.505740
