0.109998
0.016975
0.437659
0.021798
0.242296
0.010470
0.331770
0.011896
0.070541
0.035085
0.485133
0.002426
0.345365
0.004777
0.126383
0.003382
0.379075
0.000818
0.479646
0.000548
109.143182
0.000030
11.558010
0.000000
0.471756
0.000127
0.470274
0.000148
0.430710
0.000183
0.444762
0.000203
0.442375
0.000246
0.447110
0.000276
0.447688
0.000310
0.447344
0.000322
0.450805
0.000312
0.449555
0.000312
0.449591
0.000258
0.451541
0.000226
0.445223
0.000170
0.447229
0.000115
0.466842
0.000086
1.937017
0.000013
120.508131
0.000012
12.855036
0.000032
0.446239
0.000061
0.438650
0.000062
0.464712
0.000064
0.447301
0.000072
0.695851
0.000068
0.465746
0.000061
0.485691
0.000057
7.336386
0.000059
7.631485
0.000026
1.697119
0.000027
0.715071
0.000055
0.958488
0.000037
0.748541
0.000048
1.641200
0.000069
0.113082
0.000040
171.505740
