0.094709
0.007096
0.166219
0.003056
0.007839
0.002820
0.008408
0.002672
0.008777
0.002638
0.008799
0.002738
0.008401
0.002978
0.007688
0.003327
0.006902
0.003704
0.006281
0.003981
0.005975
0.004036
0.006058
0.003829
0.006565
0.003423
0.007519
0.002936
0.008898
0.002472
0.010433
0.002154
0.006140
0.000000
0.307012
0.001003
0.009192
0.000798
0.010037
0.000695
0.378628
0.000375
0.015723
0.000700
0.015963
0.001019
0.441028
0.005493
0.199279
0.030963
0.013941
0.078700
0.023944
0.001214
0.012092
0.002297
0.006619
0.028397
0.092221
0.007232
0.015078
