0.000000
0.010978
0.052167
0.071199
0.197012
0.002388
0.099002
0.009445
0.217988
0.001416
0.319760
0.026889
0.258421
0.012382
0.403439
0.017858
0.256738
0.009392
0.415247
0.003889
0.300485
0.001251
0.059800
0.000712
0.316953
0.003934
0.204093
0.000361
0.196031
0.003808
0.132981
0.001588
0.055537
0.000000
0.001111
0.000020
0.000020
0.000031
0.000031
0.000042
0.000042
0.000066
0.000066
0.000093
0.000093
0.000190
0.000010
0.000010
0.000151
0.000151
0.000128
0.000128
0.000109
0.000109
0.000079
0.000079
0.000053
0.000053
0.135688
0.000411
0.000000
