0.107230
0.020813
0.439967
0.018938
0.233868
0.010303
0.334753
0.011489
0.078978
0.033071
502.406200
0.000232
0.996901
0.000283
0.825882
0.000295
2.021984
0.000300
7.048025
0.000305
100.171577
0.000335
11.226118
0.000314
3.204375
0.000000
1.464857
0.000262
34.842753
0.000268
36.814934
0.000280
18.141813
0.000282
0.753859
0.000228
2.666461
0.000314
0.347271
0.000342
0.819190
0.000221
0.479914
0.000192
1.853743
0.000278
4.892949
0.000407
3.473602
0.000329
0.372470
0.000305
2.708830
0.000293
11.169113
0.000268
0.777342
0.000303
1.945175
0.000241
1.958902
0.000394
0.261339
