0.026773
0.194046
0.042763
0.089999
0.080895
0.018443
0.090050
0.134141
0.205946
0.020130
0.126770
0.012329
0.143489
0.003038
0.129546
0.023881
0.189640
0.010511
0.154560
0.009736
0.272985
0.006837
0.136240
0.006740
0.076918
0.006174
0.185875
0.002619
0.152095
0.001856
0.282258
0.003054
0.154350
0.002479
0.080314
0.002437
0.204463
0.002538
0.074148
0.001552
0.209571
0.000873
0.260438
0.000935
0.206323
0.000397
0.217244
0.001651
0.066613
0.001668
0.217589
0.001931
0.066534
0.002694
0.069914
0.001641
0.205671
0.000729
0.075662
0.000512
0.166221
0.000000
0.159828
0.000332
0.199542
0.000219
0.190880
0.002219
0.061654
0.003423
0.183402
0.015644
0.042936
0.046568
0.024744
0.082039
0.009588
0.110323
0.001753
