0.000000
0.057129
0.080756
0.001225
0.006004
0.000163
0.055298
0.032688
0.055809
0.001477
0.134507
0.002181
0.051755
0.042362
0.138695
0.001162
0.000386
0.001084
0.002355
0.000000
0.000648
0.000920
0.006017
0.000122
0.002031
0.000237
0.021522
0.017336
0.133643
0.001301
0.000184
0.001086
0.000698
0.000920
0.002796
0.000769
0.023296
0.008899
0.080791
0.001401
0.044138
0.066925
0.000009
0.001207
0.000001
0.000025
0.000003
0.000003
0.000003
0.000027
0.000005
0.000005
0.000006
0.000006
0.000007
0.000007
0.000008
0.000008
0.000009
0.000032
0.000009
0.000009
0.000009
0.000031
0.000009
0.000029
0.000009
0.000009
0.000009
0.000009
0.000009
0.000009
0.019929
