0.000000
0.115031
0.068814
0.002484
0.002794
0.000375
0.000064
0.000379
0.018833
0.011394
0.050418
0.000186
0.000672
0.000181
0.000412
0.000173
0.000457
0.000230
0.149959
0.034686
0.039569
0.005243
0.198494
0.019990
0.004395
0.003394
0.173113
0.048185
0.143175
0.000005
0.000561
0.000000
0.002299
0.000066
0.002567
0.000138
0.003611
0.026647
0.087675
0.001299
0.002585
0.002018
0.001064
0.002608
0.015354
0.000875
0.018767
0.009757
0.118946
0.000597
0.002970
0.000597
0.033797
0.025954
0.041591
0.000822
0.000822
0.032671
0.037713
