0.000000
0.115674
0.068579
0.002629
0.002361
0.001334
0.000317
0.000039
0.000316
0.000033
0.000315
0.000028
0.017285
0.011492
0.050591
0.000225
0.000837
0.000251
0.000568
0.000264
0.000606
0.000343
0.005890
0.000024
0.144211
0.034175
0.039303
0.005529
0.186734
0.000499
0.003530
0.000443
0.007566
0.020201
0.004204
0.003731
0.005310
0.000466
0.136666
0.000205
0.002102
0.000273
0.027842
0.048135
0.030826
0.000587
0.110042
0.000000
0.002200
0.000012
0.000510
0.000012
0.002249
0.000011
0.002516
0.000066
0.003561
0.026536
0.087704
0.001200
0.002570
0.002015
0.000968
0.002649
0.015135
0.001550
0.018517
0.010409
0.119052
0.000959
0.003058
0.001022
0.033871
0.026078
0.041646
0.000757
0.000757
0.013160
0.000000
0.000070
0.000000
0.000034
0.000000
0.000056
0.000000
0.000099
0.000000
0.000000
0.000000
0.019178
0.037546
