0.000000
0.055915
0.100242
0.045740
0.381544
0.042603
0.214110
0.006054
0.228842
0.000000
0.000000
0.000001
0.000001
0.000001
0.000001
0.000002
0.000002
0.000002
0.000002
0.000003
0.000003
0.000003
0.000003
0.000004
0.000004
0.000005
0.000005
0.000008
0.000008
0.000017
0.000015
0.000015
0.000013
0.000013
0.000011
0.000011
0.000010
0.000010
0.000009
0.000009
0.000007
0.000007
0.000006
0.000006
0.000005
0.000005
0.000004
0.000004
0.000002
0.000002
0.000001
0.000001
0.000000
0.000000
0.000000
0.000000
0.004593
0.000019
0.758568
0.014357
0.000000
