0.000000
0.055974
0.100108
0.045768
0.381530
0.042625
0.213948
0.006048
0.228845
0.000000
0.000000
0.000000
0.000000
0.000000
0.000000
0.000000
0.000000
0.000000
0.000000
0.000001
0.000001
0.000002
0.000002
0.000002
0.000002
0.000002
0.000002
0.000003
0.000003
0.000003
0.000003
0.000004
0.000004
0.000004
0.000004
0.000005
0.000005
0.000005
0.000005
0.000006
0.000006
0.000006
0.000006
0.000007
0.000007
0.000010
0.000010
0.000019
0.000017
0.000017
0.000016
0.000016
0.000014
0.000014
0.000013
0.000013
0.000011
0.000011
0.000009
0.000009
0.000009
0.000009
0.000008
0.000008
0.000007
0.000007
0.000005
0.000005
0.000004
0.000004
0.000003
0.000003
0.000003
0.000003
0.000002
0.000002
0.000002
0.000002
0.000002
0.000002
0.000001
0.000001
0.000001
0.000001
0.000001
0.000001
0.000001
0.000001
0.000001
0.000001
0.004596
0.000022
0.758571
0.014360
0.000000
