0.000000
0.020610
0.096650
0.019873
0.147951
0.000045
0.166449
0.004499
0.160386
0.000006
0.002391
0.000006
0.000005
0.000005
0.002344
0.000005
0.000005
0.000005
0.000004
0.000004
0.001982
0.000003
0.000318
0.000004
0.000003
0.000003
0.000003
0.000003
0.000002
0.000002
0.001545
0.000002
0.000258
0.000002
0.000287
0.000001
0.000165
0.000002
0.000001
0.000001
0.000001
0.000001
0.000001
0.000001
0.000001
0.000001
0.000000
0.000000
0.000000
0.000000
0.002204
0.000000
0.110204
0.008415
0.027327
0.000271
0.148034
0.008119
0.027471
0.000351
0.155870
0.000347
0.175449
0.000021
0.016458
0.000276
0.000125
0.000376
0.021044
0.004198
0.101764
0.012561
0.062402
0.000170
0.001280
0.000371
0.000024
