0.000000
0.020606
0.096679
0.019867
0.147961
0.000042
0.166459
0.004482
0.160385
0.000004
0.002390
0.000004
0.000004
0.000004
0.002342
0.000004
0.000003
0.000003
0.000003
0.000003
0.001981
0.000002
0.000317
0.000002
0.000002
0.000002
0.000001
0.000001
0.000001
0.000001
0.001544
0.000001
0.000257
0.000000
0.000286
0.000000
0.000163
0.000001
0.112407
0.008459
0.027362
0.000231
0.148070
0.008119
0.027571
0.000288
0.155969
0.000283
0.175549
0.000015
0.016558
0.000228
0.000225
0.000328
0.021143
0.004273
0.101826
0.012532
0.062380
0.000176
0.001265
0.000324
0.000024
