0.000000
0.020610
0.096647
0.019873
0.147949
0.000045
0.166448
0.004502
0.160387
0.000006
0.002391
0.000006
0.000005
0.000005
0.002344
0.000005
0.000005
0.000005
0.000004
0.000004
0.001982
0.000004
0.000318
0.000004
0.000003
0.000003
0.000003
0.000003
0.000003
0.000003
0.001545
0.000002
0.000258
0.000002
0.000287
0.000002
0.000165
0.000002
0.000001
0.000001
0.000001
0.000001
0.000001
0.000001
0.000001
0.000001
0.000001
0.000001
0.000000
0.000000
0.001383
0.000000
0.000821
0.000000
0.110204
0.008410
0.027322
0.000276
0.148030
0.008119
0.027458
0.000360
0.155857
0.000355
0.175436
0.000022
0.016445
0.000283
0.000113
0.000382
0.021032
0.004188
0.101756
0.012565
0.062405
0.000169
0.001282
0.000377
0.000024
