0.110319
0.019102
0.427168
0.022617
0.269612
0.012574
0.383662
0.029108
0.053532
0.010568
0.442269
0.006100
0.371410
0.007908
0.120521
0.005597
0.342855
0.001151
0.392142
0.001009
0.380336
0.003778
0.127021
0.003563
0.410890
0.001304
0.400550
0.001566
0.124413
0.001255
0.389131
0.000209
0.481243
0.000139
0.198836
0.000117
0.199611
0.000171
0.450821
0.000080
0.209414
0.000080
0.194303
0.000002
0.232917
0.000035
0.275841
0.000055
129.472317
0.000004
1.593515
0.000000
39.041115
0.000002
198.110422
