0.043440
0.000035
0.067357
0.044480
0.454273
0.003099
0.203836
0.000093
0.055938
0.000038
0.086714
0.003837
0.276972
0.000021
0.085216
0.005188
0.268774
0.000099
0.014674
0.000009
0.042897
0.013378
0.273051
0.010182
0.152033
0.000107
0.023846
0.000036
0.280234
0.002495
0.090126
0.000068
0.061092
0.000044
0.250496
0.000047
0.036369
0.000018
0.021593
0.003362
0.087191
0.000050
0.017717
0.000027
0.002340
0.000007
0.027499
0.003042
0.089545
0.000095
0.020828
0.000000
0.005728
0.000007
0.002260
0.000010
0.003842
0.000031
0.000000
0.000025
0.106137
0.000000
0.057312
