0.000000
0.008547
0.056754
0.075608
0.276045
0.002702
0.013354
0.000058
0.017601
0.000921
0.234470
0.004041
0.017707
0.000024
0.004858
0.000330
0.266275
0.003607
0.024164
0.021777
0.026422
0.000000
0.002249
0.000128
0.000525
0.000199
0.219785
0.012897
0.202972
0.000557
0.211237
0.012320
0.246993
0.012749
0.263448
0.002932
0.041757
0.000448
0.076704
0.007294
0.296082
0.000725
0.032173
0.011143
0.037721
0.000088
0.030983
0.001163
0.040802
0.010967
0.029905
0.000122
0.139729
0.002503
0.017813
0.000000
0.009750
