0.047829
0.003842
0.116536
0.009467
0.113628
0.028015
0.444918
0.020482
0.262612
0.025266
0.030399
0.105418
135.728097
0.000033
1.398863
0.000049
0.979472
0.000041
21.888117
0.000053
0.988691
0.000060
0.468408
0.000040
1.294035
0.000116
1.310812
0.000049
0.452196
0.000048
1.327212
0.000084
0.763072
0.000052
0.536055
0.000052
0.773568
0.000061
1.316132
0.000096
15.345521
0.000066
200.078098
0.000087
0.565242
0.000038
0.547894
0.000070
0.864655
0.000055
0.516761
0.000039
0.861092
0.000046
1.379476
0.000057
1.378257
0.000060
0.880537
0.000046
0.492805
0.000055
0.334468
0.000048
1.685367
0.000065
1.114983
0.000059
0.858608
0.000056
0.841244
0.000075
197.453230
0.000025
13.938837
0.000076
0.442666
0.000052
1.292431
0.000088
0.463319
0.000066
1.274756
0.000055
0.731621
0.000059
0.681956
0.000000
1.057032
0.000048
0.710343
0.000046
19.793698
0.000045
2.518446
0.000061
1.766076
0.000080
1.749558
0.000041
4.201568
