0.105693
0.020766
0.445022
0.017973
0.223747
0.010535
0.332803
0.012646
0.082033
0.033922
172.372503
0.000336
0.808084
0.000266
0.497445
0.000452
0.525134
0.000307
0.533906
0.000524
0.540372
0.000371
0.507461
0.000182
0.276943
0.000414
0.550894
0.000478
0.518073
0.000440
0.541749
0.000480
0.532758
0.000450
0.542580
0.000450
0.805550
0.000342
0.515142
0.000366
0.832800
0.000338
11.516757
0.000284
3.787299
0.000296
0.569169
0.000350
0.830448
0.000221
0.836572
0.000316
0.838951
0.000267
0.311748
0.000000
1.675647
0.000231
31.828253
0.000215
3.676716
0.000328
0.891209
0.000305
44.745789
0.000346
0.357123
0.000316
0.962937
0.000513
0.398090
0.000447
1.337275
0.000350
0.629539
0.000423
0.384348
0.000379
0.377463
0.000391
1.205364
0.001360
0.133470
0.001630
0.381133
0.000426
1.609966
0.000494
0.382169
0.000484
0.379765
0.000331
0.936905
0.000332
1.458372
0.000268
10.825647
0.000275
8.191938
0.000259
0.697904
