0.106752
0.021102
0.442021
0.018374
0.228838
0.010109
0.334124
0.011865
0.081311
0.033183
172.388477
0.000385
0.794719
0.000000
0.512722
0.000376
1.056904
0.000428
0.533570
0.000317
0.533561
0.000236
0.249771
0.000378
0.543168
0.000381
0.520505
0.000473
0.530506
0.000386
0.547498
0.000429
0.538745
0.000374
0.807314
0.000458
0.524765
0.000327
0.806832
0.000383
18.398712
0.000229
83.112706
0.000177
0.362814
0.000307
0.980324
0.000319
2.367639
0.000357
0.380437
0.000275
1.585587
0.000908
0.136580
0.001006
1.988888
0.000395
22.869979
