0.105914
0.020933
0.440639
0.019421
0.234741
0.010162
0.333642
0.011681
0.079322
0.032294
180.928896
0.000183
11.927211
0.000223
0.794659
0.000317
0.572745
0.000264
2.555315
0.000300
0.553928
0.000396
0.558413
0.000249
0.568304
0.000284
0.837749
0.000390
0.577746
0.000384
0.565766
0.000450
0.844708
0.000410
0.857170
0.000361
0.568053
0.000408
0.587070
0.000431
99.365929
0.000148
36.376178
0.000255
8.942686
0.000296
10.882668
0.000327
1.096888
0.000267
1.568948
0.000330
1.101398
0.000342
2.702342
0.000342
1.090927
0.000283
0.818666
0.000281
0.765088
0.000266
0.790691
0.000000
0.243290
