0.105944
0.020981
0.440602
0.019430
0.234725
0.010170
0.333738
0.011644
0.079404
0.032234
180.925628
0.000148
11.932901
0.000222
0.793653
0.000316
0.574031
0.000290
2.548443
0.000294
0.556960
0.000373
0.558215
0.000260
0.569003
0.000302
0.838806
0.000370
0.579003
0.000429
0.561002
0.000467
0.848717
0.000417
0.854366
0.000341
0.570576
0.000416
0.584861
0.000429
99.366113
0.000147
36.371052
0.000246
8.943911
0.000000
10.888239
0.000318
1.095383
0.000291
1.570664
0.000342
1.097205
0.000343
2.706514
0.000326
1.091345
0.000299
0.814414
0.000266
0.771739
0.000275
1.033981
