0.105556
0.019913
0.441328
0.019678
0.235242
0.009935
0.332134
0.012156
0.077871
0.033216
180.920902
0.000084
11.939808
0.000257
0.800229
0.000754
0.152054
0.000683
0.399168
0.000241
2.555063
0.000426
0.533435
0.000345
1.167606
0.000345
0.867622
0.000356
0.536736
0.000561
0.559140
0.000374
0.850168
0.000467
0.846873
0.000325
0.572972
0.000343
0.596851
0.000352
4.900134
0.000000
2.909454
0.000253
1.792959
0.000274
89.750489
0.000148
29.951285
0.000239
6.412181
0.000319
0.805303
0.000266
1.053961
0.000513
0.503157
0.000405
1.615966
0.000283
0.499156
0.000505
0.776156
0.000383
2.644614
0.000312
1.049941
0.000190
10.897129
0.000341
1.087042
0.000352
0.508799
0.000252
1.065422
0.000578
1.091996
0.000418
1.348626
0.000357
0.565229
0.000400
0.777624
0.000492
0.790060
0.000292
0.312560
0.000467
0.800576
0.000429
0.776844
0.000348
0.793262
0.000393
0.243290
