0.000000
0.014591
0.063626
0.048211
0.122778
0.011841
0.181012
0.001693
0.175154
0.001714
0.200092
0.005551
0.040968
0.000180
0.003884
0.000161
0.002315
0.000029
0.027340
0.073534
0.176902
0.005222
0.023967
0.000103
0.063468
0.012320
0.046927
0.000437
0.236334
0.000065
0.014706
0.000199
0.046556
0.017440
0.261877
0.000108
0.028340
0.010934
0.128640
0.000191
0.018490
0.000039
0.217382
0.001135
0.074604
0.000620
0.079436
0.000298
0.191084
0.003819
0.194103
0.001662
0.002109
0.000070
0.008655
0.000066
0.099079
0.000124
0.015962
0.000073
0.002126
0.000076
0.008068
0.000073
0.004973
0.000018
0.045755
0.001900
0.063761
0.000025
0.001833
0.000027
0.006014
0.000000
0.000654
0.000033
0.033034
0.000132
0.078962
0.000000
0.005071
