0.000000
0.014523
0.063760
0.048297
0.122737
0.011796
0.181004
0.001715
0.175153
0.001772
0.200089
0.005637
0.041009
0.000089
0.003925
0.000069
0.029710
0.073473
0.176957
0.005140
0.024044
0.000000
0.063544
0.012290
0.047026
0.000360
0.251208
0.000101
0.046654
0.017442
0.261964
0.000040
0.028427
0.010964
0.128661
0.000108
0.235905
0.001201
0.074626
0.000627
0.079459
0.000295
0.191107
0.003903
0.194108
0.001560
0.109853
0.000033
0.076896
0.001852
0.063761
0.000004
0.008501
0.000004
0.033034
0.000120
0.078962
0.000000
0.005071
