0.000000
0.002728
0.191773
0.019817
0.073067
0.024347
0.107490
0.000059
0.197117
0.036502
0.061543
0.020441
0.177195
0.000138
0.199370
0.014915
0.137988
0.000289
0.122648
0.017082
0.166240
0.000200
0.032470
0.000217
0.300043
0.016607
0.159238
0.001032
0.059715
0.000374
0.119545
0.007378
0.177857
0.001034
0.046491
0.000240
0.021210
0.000862
0.089398
0.007820
0.128353
0.005469
0.206059
0.002283
0.049777
0.000333
0.006909
0.000190
0.022566
0.002358
0.076394
0.004977
0.000000
0.000000
0.076274
0.000155
0.024057
0.000025
0.000474
0.000217
0.038058
0.001948
0.029380
0.000000
0.030031
