0.000000
0.055965
0.100131
0.045763
0.381533
0.042621
0.213975
0.006049
0.228844
0.000000
0.000000
0.000000
0.000000
0.000001
0.000001
0.000001
0.000001
0.000002
0.000002
0.000002
0.000002
0.000003
0.000003
0.000003
0.000003
0.000003
0.000003
0.000004
0.000004
0.000004
0.000004
0.000005
0.000005
0.000005
0.000005
0.000006
0.000006
0.000007
0.000007
0.000010
0.000010
0.000019
0.000017
0.000017
0.000015
0.000015
0.000014
0.000014
0.000012
0.000012
0.000011
0.000011
0.000009
0.000009
0.000008
0.000008
0.000008
0.000008
0.000006
0.000006
0.000005
0.000005
0.000004
0.000004
0.000003
0.000003
0.000002
0.000002
0.000002
0.000002
0.000002
0.000002
0.000001
0.000001
0.000001
0.000001
0.000001
0.000001
0.000001
0.000001
0.000000
0.000000
0.000000
0.000000
0.004595
0.000021
0.758570
0.014359
0.000000
