0.107651
0.021188
0.440810
0.018433
0.232517
0.009791
0.332150
0.011386
0.081935
0.032213
167.393940
0.000202
0.755962
0.000315
0.778321
0.000451
0.531243
0.000554
0.516216
0.000292
0.273439
0.000497
0.519274
0.000657
0.521126
0.000653
0.531282
0.000778
0.517227
0.000498
0.269377
0.000552
0.522930
0.000773
0.525652
0.000754
0.522851
0.000757
0.530526
0.000878
0.519430
0.000525
0.276105
0.000671
0.516196
0.000736
0.281503
0.000515
0.518568
0.000970
0.534193
0.000890
0.538395
0.000826
0.525144
0.000792
0.534377
0.000594
0.282064
0.000394
0.517064
0.000695
0.554170
0.000591
0.543100
0.000456
0.811327
0.000342
0.534849
0.000175
0.827222
0.000171
2.180229
0.000021
8.599065
0.000229
1.373318
0.000000
3.295962
0.000213
0.821528
0.000286
0.558893
0.000381
0.836136
0.000336
0.562666
0.000400
0.841811
0.000323
270.259326
