0.040283
0.054792
0.058638
0.121356
0.051843
0.043153
0.049418
0.144014
0.063203
0.000000
0.065731
0.050480
0.000826
0.119996
0.116734
0.153062
0.126944
0.131893
0.127785
0.152272
0.119948
0.147923
0.129793
0.115217
0.054496
0.029500
0.057892
0.120851
0.054019
0.009830
0.056059
0.067213
0.035598
0.084654
0.048391
0.084122
0.098441
0.068324
0.034216
0.085760
0.063958
0.163288
0.057698
0.042885
0.046997
0.108146
0.088045
0.112278
0.056322
0.059356
0.047656
0.102169
0.073798
0.132813
0.081854
0.117831
0.078913
0.121550
0.075596
0.120478
0.081492
0.124631
0.075724
0.120113
0.077101
